Map from character to field name
A:	Algeria
B:	Argentina
C:	Australia
D:	Austria
E:	Bangladesh
F:	Belgium
G:	Brazil
H:	Cambodia
I:	Canada
J:	Chad
K:	Chile
L:	China
M:	Czech Republic
N:	Denmark
O:	Egypt
P:	France
Q:	Georgia
R:	Germany
S:	Guam
T:	Guatemala
U:	Hong Kong
V:	Hungary
W:	Iceland
X:	India
Y:	Indonesia
Z:	Iran
[:	Ireland
\:	Italy
]:	Japan
^:	Kazakhstan
_:	Kuwait
`:	Laos
a:	Luxembourg
b:	Malaysia
c:	Mexico
d:	Mongolia
e:	Netherlands
f:	New Zealand
g:	Nicaragua
h:	Nigeria
i:	Norway
j:	Pakistan
k:	Peru
l:	Philippines
m:	Poland
n:	Romania
o:	Russia
p:	Saudi Arabia
q:	Singapore
r:	South Africa
s:	South Korea
t:	Spain
u:	Sri Lanka
v:	Sweden
w:	Switzerland
x:	Taiwan
y:	Thailand
z:	Turkey
{:	Ukraine
|:	United Arab Emirates
}:	United Kingdom
~:	Uruguay
:	Usa
:	Vietnam
:	Zambia
:	?


Substitution rate (mu): 26.500406

Equilibrium frequencies (pi_i):
  A: 0.0184
  B: 0.0154
  C: 0.0072
  D: 0.0194
  E: 0.0203
  F: 0.0171
  G: 0.008
  H: 0.0193
  I: 0.0017
  J: 0.0195
  K: 0.0101
  L: 0.0053
  M: 0.0198
  N: 0.0175
  O: 0.02
  P: 0.0139
  Q: 0.0195
  R: 0.0138
  S: 0.0175
  T: 0.0081
  U: 0.0059
  V: 0.0187
  W: 0.0199
  X: 0.0179
  Y: 0.0194
  Z: 0.0201
  [: 0.0175
  \: 0.0143
  ]: 0.0067
  ^: 0.0172
  _: 0.0191
  `: 0.0189
  a: 0.02
  b: 0.0156
  c: 0.0114
  d: 0.012
  e: 0.0048
  f: 0.0175
  g: 0.0178
  h: 0.0187
  i: 0.0199
  j: 0.02
  k: 0.019
  l: 0.0199
  m: 0.0201
  n: 0.0175
  o: 0.0105
  p: 0.0157
  q: 0.0153
  r: 0.0151
  s: 0.0065
  t: 0.0179
  u: 0.02
  v: 0.017
  w: 0.016
  x: 0.0129
  y: 0.0117
  z: 0.0202
  {: 0.0193
  |: 0.0187
  }: 0.0092
  ~: 0.0175
  : 0.0045
  : 0.0109
  : 0.0194

Symmetrized rates from j->i (W_ij):
	A	B	C	D	E	F	G	H	I	J	K	L	M	N	O	P	Q	R	S	T	U	V	W	X	Y	Z	[	\	]	^	_	`	a	b	c	d	e	f	g	h	i	j	k	l	m	n	o	p	q	r	s	t	u	v	w	x	y	z	{	|	}	~			
  A	0	0.9665	0.9651	0.9665	0.9663	0.966	0.9654	0.9665	0.9447	0.9667	0.9651	0.9457	0.9665	0.9667	0.9666	0.9665	0.9665	0.9576	0.9666	0.9664	0.9612	0.9665	0.9665	0.9665	0.9657	0.9666	0.9666	0.9632	1.1655	0.9665	0.9666	0.9666	0.9666	0.9666	0.9647	0.9625	0.9605	0.9668	0.9666	0.9666	0.9666	0.9665	0.9666	0.9665	0.9665	0.9666	0.9618	0.9666	0.9667	0.9666	0.9615	0.9643	0.9666	0.9665	0.9667	0.9661	0.9613	0.9666	0.9665	0.9666	0.9658	0.9666	1.1884	0.9597	0.9665
  B	0.9665	0	0.9651	0.9664	0.9661	0.966	0.9655	0.9664	1.489	0.9665	0.9653	0.9479	0.9664	0.9665	0.9665	0.9664	0.9664	0.959	0.9664	0.9662	0.9621	0.9664	0.9664	0.9664	0.9657	0.9664	0.9664	0.9637	0.9643	0.9664	0.9664	0.9664	0.9664	0.9664	0.9649	0.9629	0.961	0.969	0.9664	0.9664	0.9664	0.9664	0.9664	0.9664	0.9664	0.9664	0.9623	0.9664	0.9665	0.9665	0.9618	0.9646	0.9665	0.9664	0.9665	0.9661	0.9619	0.9664	0.9663	0.9664	0.9689	0.9664	1.7558	0.9606	0.9664
  C	0.9651	0.9651	0	0.9646	0.9676	0.9657	1.023	0.9648	0.9599	0.9924	1.0391	2.9392	0.9646	0.965	0.9647	0.9661	0.965	0.9624	0.9648	0.9658	1.6219	0.9648	0.9646	1.2098	0.9645	0.9646	0.9648	0.9906	1.512	0.9655	0.9647	0.9647	0.9646	0.9664	0.9651	0.9681	2.5633	1.2044	0.965	0.9648	0.9646	0.9645	0.9647	0.9646	0.9645	0.9648	2.2047	0.965	1.0574	0.9657	1.0658	0.9641	1.1244	0.9652	0.9651	0.9689	0.9638	0.9645	0.9649	0.9648	0.9663	0.9648	8.3503	0.9666	0.9833
  D	0.9665	0.9664	0.9646	0	0.9661	0.966	0.9652	0.9664	0.9422	0.9666	0.9648	0.943	0.9664	0.9669	0.9665	0.9665	0.9664	3.3624	0.9665	0.9661	0.9612	0.9665	0.9665	0.9665	0.9655	0.9665	0.9665	1.4447	0.9635	0.9664	0.9665	0.9665	0.9665	0.9664	0.9646	0.9621	0.9596	0.9667	0.9665	0.9665	0.9665	0.9664	0.9665	0.9665	0.9664	0.9665	0.9613	0.9664	0.9665	0.9665	0.9605	0.9645	0.9665	0.9664	0.9665	0.9658	0.9608	0.9665	0.9664	0.9665	0.966	0.9665	0.9003	0.9591	0.9665
  E	0.9663	0.9661	0.9676	0.9661	0	0.9871	0.9651	0.9662	0.9412	0.9663	0.9646	0.9993	0.9662	0.9663	1.2232	0.9662	0.9666	0.9568	0.9662	0.966	0.9608	0.9662	0.9662	0.9667	0.9652	0.9664	0.9662	0.9626	0.9942	0.9664	0.9662	0.9662	0.9664	0.9664	0.9644	3.0738	1.503	0.9666	0.9662	0.9662	0.9662	0.9662	0.9663	0.9662	0.9661	0.9662	4.3588	0.9662	0.9665	0.9663	1.0971	0.9637	0.9663	0.9662	0.9663	0.9902	0.9604	0.9662	0.9663	0.9662	0.9655	0.9662	0.8981	1.1314	0.9662
  F	0.966	0.966	0.9657	0.966	0.9871	0	0.9683	0.9658	1.0726	0.9659	0.9649	1.242	0.966	0.9669	0.9662	1.6437	0.9664	5.5525	0.9659	0.9662	0.9662	1.113	0.9663	0.9664	0.9651	0.9659	0.9659	0.9675	0.9655	0.9661	0.9659	0.9659	0.9658	0.9663	1.145	0.9643	4.6243	0.9665	0.966	0.9659	0.9659	0.9658	0.9661	0.9659	0.9658	0.9659	3.2787	0.966	0.9666	0.9663	0.9649	1.0621	0.9661	0.966	0.9661	0.966	1.0191	0.9658	0.9661	0.9659	1.2383	0.9659	1.2233	0.9627	0.966
  G	0.9654	0.9655	1.023	0.9652	0.9651	0.9683	0	0.9652	2.4157	0.9654	0.966	0.999	0.9651	0.9658	0.9652	0.966	0.9652	0.9705	0.9653	0.9996	1.5	1.0139	0.9651	0.9654	0.9648	0.9651	0.9653	0.9646	0.9682	0.9654	0.9652	0.9652	0.9651	0.9656	0.9897	0.9641	1.0219	0.9657	0.9883	0.9653	0.9651	0.9651	0.9653	0.9651	0.9651	0.9653	1.3722	0.9654	1.4076	0.9656	1.0117	1.3794	0.9652	0.9654	0.9655	0.967	1.9335	0.9651	0.9652	1.2349	0.9684	0.9686	6.6083	0.963	0.9653
  H	0.9665	0.9664	0.9648	0.9664	0.9662	0.9658	0.9652	0	0.9452	0.9665	0.9648	1.322	0.9664	0.9665	0.9665	0.9663	0.9664	0.957	0.9665	0.9661	0.9609	0.9664	0.9664	0.9666	0.9656	0.9664	0.9665	0.9629	1.1211	0.9664	0.9664	0.9665	0.9664	0.9664	0.9644	1.4443	0.9598	0.9667	0.9665	0.9665	0.9664	0.9664	0.9665	0.9664	0.9664	0.9665	0.9617	0.9664	0.9665	0.9665	1.0978	0.9641	0.9665	0.9664	0.9665	0.966	0.9609	0.9664	0.9664	0.9665	0.9655	0.9665	0.9016	2.4096	0.9664
  I	0.9447	1.489	0.9599	0.9422	0.9412	1.0726	2.4157	0.9452	0	0.9424	1.4376	2.7318	0.9417	0.9454	0.9414	1.2637	0.9421	1.1973	0.9446	1.0181	2.8747	0.9432	0.9416	0.9442	0.9421	0.9413	0.9445	1.0211	1.8098	0.9454	0.9427	0.943	0.9415	0.9485	3.2344	0.9518	0.9644	0.9523	0.9444	0.9433	0.9416	0.9414	1.3899	0.9416	0.9413	0.9447	1.5693	0.9468	0.9477	0.9479	2.9903	1.4842	0.9415	0.9457	0.9469	1.0644	2.3852	0.9413	0.9423	0.9433	0.9738	0.9452	83.1797	2.2562	0.9426
  J	0.9667	0.9665	0.9924	0.9666	0.9663	0.9659	0.9654	0.9665	0.9424	0	1.2169	0.9431	0.9666	0.9667	0.9667	0.9665	0.9666	0.9574	0.9666	0.9663	0.9608	0.9666	0.9666	0.9666	0.9657	0.9666	0.9666	1.102	0.9637	0.9666	0.9666	0.9666	0.9666	0.9665	0.9645	0.9621	0.9599	0.9668	0.9666	0.9667	0.9666	0.9665	0.9666	0.9666	0.9666	0.9666	0.9613	0.9666	0.9667	0.9666	0.9607	0.9643	0.9667	0.9665	0.9667	0.9659	0.9609	0.9666	0.9665	0.9666	0.9656	0.9666	0.9966	0.9591	1.0365
  K	0.9651	0.9653	1.0391	0.9648	0.9646	0.9649	0.966	0.9648	1.4376	1.2169	0	0.9551	0.9647	0.9653	0.9648	0.9655	0.9648	0.961	0.965	0.9658	0.984	0.9649	0.9647	0.965	0.9643	0.9647	0.965	1.2132	0.9649	0.9651	0.9648	0.9649	0.9647	0.9652	1.0263	0.9633	0.9631	0.9652	0.965	1.2321	0.9648	0.9647	0.9649	0.9647	0.9647	0.965	0.963	0.9651	0.9653	0.9653	1.0101	0.9639	0.9648	0.965	0.9653	0.9656	0.9629	0.9647	0.9648	0.9649	1.4479	0.965	4.4295	0.962	1.1484
  L	0.9457	0.9479	2.9392	0.943	0.9993	1.242	0.999	1.322	2.7318	0.9431	0.9551	0	0.9428	0.9469	0.9433	0.9509	1.1962	0.9599	0.9452	0.9692	13.4184	0.9498	0.9425	1.5829	1.282	0.9422	0.9452	1.2885	5.5599	2.5223	0.9436	0.9438	0.9423	0.9504	0.9546	9.6845	5.1675	1.3225	0.9517	0.9438	0.9425	0.9456	0.9436	0.9425	0.9421	0.9452	9.2927	0.9475	1.4682	1.098	7.9622	0.9454	0.9427	1.3588	0.9573	4.2646	2.1392	0.942	1.2844	0.9438	1.5513	0.9452	15.7025	12.2484	1.1102
  M	0.9665	0.9664	0.9646	0.9664	0.9662	0.966	0.9651	0.9664	0.9417	0.9666	0.9647	0.9428	0	0.9665	0.9665	0.9664	0.9665	0.9569	0.9665	0.9662	0.9606	0.9664	0.9664	0.9665	0.9655	0.9665	0.9665	0.9628	0.9635	0.9664	0.9665	0.9665	0.9665	0.9664	0.9644	0.9621	2.3985	0.9668	0.9665	0.9665	0.9665	0.9664	0.9665	0.9664	0.9664	0.9665	0.9612	0.9664	0.9666	0.9665	0.9605	0.964	0.9666	0.9664	0.9665	0.9658	0.9606	0.9665	0.9664	0.9665	0.9655	0.9665	0.8991	0.959	0.9664
  N	0.9667	0.9665	0.965	0.9669	0.9663	0.9669	0.9658	0.9665	0.9454	0.9667	0.9653	0.9469	0.9665	0	0.9666	0.967	0.9665	1.6049	0.9666	0.9663	0.9884	0.9667	0.9666	0.9666	0.9657	0.9666	0.9666	0.9641	0.964	0.9666	0.9666	0.9666	0.9666	0.9666	0.967	0.9626	0.9621	0.9668	0.9666	0.9666	0.9666	0.9665	0.9666	0.9665	0.9666	0.9666	0.9619	0.9665	0.9667	0.9666	0.9612	1.3857	0.9666	0.9665	0.9667	0.966	0.9619	0.9666	0.9665	0.9666	0.9985	0.9666	1.3702	0.96	0.9666
  O	0.9666	0.9665	0.9647	0.9665	1.2232	0.9662	0.9652	0.9665	0.9414	0.9667	0.9648	0.9433	0.9665	0.9666	0	0.9664	0.9667	0.9568	0.9666	0.9661	0.9606	0.9665	0.9666	0.9666	0.9656	1.2213	0.9666	0.9629	0.9639	0.9666	0.9666	0.9666	0.9666	0.9665	0.9645	0.9633	0.9876	0.9668	0.9666	0.9666	0.9666	0.9665	0.9666	0.9666	0.9665	0.9666	1.8023	0.9665	0.9667	0.9666	0.9604	0.9641	0.9667	0.9665	0.9666	1.0325	0.9606	0.9666	0.9665	0.9666	0.9655	0.9666	0.8982	0.959	0.9665
  P	0.9665	0.9664	0.9661	0.9665	0.9662	1.6437	0.966	0.9663	1.2637	0.9665	0.9655	0.9509	0.9664	0.967	0.9664	0	0.9664	2.319	0.9664	0.9663	1.172	0.9665	0.9664	0.9664	0.9657	0.9663	0.9664	1.1818	0.9647	0.9666	0.9664	0.9664	0.9663	0.9684	0.9858	0.9634	1.288	0.9666	0.9664	0.9664	0.9664	0.9663	0.9664	0.9664	0.9663	0.9664	0.9665	0.9664	0.9666	0.9665	0.9624	0.9656	0.9664	0.9664	1.3179	0.9663	0.9625	0.9663	0.9663	0.9664	2.9037	0.9664	2.6893	0.9614	0.9665
  Q	0.9665	0.9664	0.965	0.9664	0.9666	0.9664	0.9652	0.9664	0.9421	0.9666	0.9648	1.1962	0.9665	0.9665	0.9667	0.9664	0	0.9571	0.9665	0.9661	0.9609	0.9665	0.9665	0.9666	0.9656	0.9665	0.9665	0.9629	0.9638	0.9665	0.9665	0.9665	0.9665	0.9665	0.9645	0.9657	1.6116	0.9668	0.9665	0.9665	0.9665	0.9664	0.9665	0.9665	0.9664	0.9665	2.0789	0.9664	0.9667	0.9665	0.9608	0.9641	0.9666	0.9664	0.9665	0.966	0.9608	0.9665	0.9665	0.9665	0.9656	0.9665	0.9002	0.9594	0.9665
  R	0.9576	0.959	0.9624	3.3624	0.9568	5.5525	0.9705	0.957	1.1973	0.9574	0.961	0.9599	0.9569	1.6049	0.9568	2.319	0.9571	0	0.958	0.9627	1.6061	2.0723	0.9568	0.958	0.9563	0.9567	0.9579	4.5664	0.9619	0.9585	0.9573	0.9573	0.9567	0.9594	1.1272	0.9582	6.6309	0.9586	0.9579	0.9574	0.9568	0.9567	0.9575	0.9568	0.9567	0.958	1.0459	0.9588	0.9596	0.9593	0.9598	7.6071	0.957	0.9585	0.959	0.96	0.9587	0.9567	0.9572	0.9574	1.7954	0.9579	1.5565	0.9568	0.9576
  S	0.9666	0.9664	0.9648	0.9665	0.9662	0.9659	0.9653	0.9665	0.9446	0.9666	0.965	0.9452	0.9665	0.9666	0.9666	0.9664	0.9665	0.958	0	0.9662	0.9613	0.9665	0.9665	0.9665	0.9657	0.9665	0.9665	0.9633	0.9639	0.9665	0.9665	0.9665	0.9665	0.9665	0.9646	0.9625	0.9602	0.9667	0.9665	0.9665	0.9665	0.9665	0.9665	0.9665	0.9665	0.9665	0.9623	0.9665	0.9666	0.9665	0.9611	0.9644	0.9666	0.9664	0.9666	0.966	0.9613	0.9665	0.9664	0.9665	0.9656	0.9665	1.3598	0.9598	0.9665
  T	0.9664	0.9662	0.9658	0.9661	0.966	0.9662	0.9996	0.9661	1.0181	0.9663	0.9658	0.9692	0.9662	0.9663	0.9661	0.9663	0.9661	0.9627	0.9662	0	0.9648	0.9684	0.9661	0.9662	0.9657	0.9661	0.9662	0.965	0.9655	0.9663	0.9662	0.9662	0.9661	0.9664	1.1663	0.9645	1.1232	0.9663	0.9678	0.9662	0.9661	0.9661	1.2246	0.9661	0.9661	0.9662	0.9645	0.9662	1.4948	0.9663	0.9814	0.9653	0.9662	0.9662	0.9663	0.9668	0.964	0.9661	0.9661	0.9662	0.9663	0.9662	6.8225	0.9633	0.9662
  U	0.9612	0.9621	1.6219	0.9612	0.9608	0.9662	1.5	0.9609	2.8747	0.9608	0.984	13.4184	0.9606	0.9884	0.9606	1.172	0.9609	1.6061	0.9613	0.9648	0	0.978	0.9606	0.963	0.9608	0.9605	0.9613	1.3293	0.9677	0.9617	0.961	0.9609	0.9605	2.4545	2.0083	0.9634	4.1729	1.3194	0.9617	0.961	0.9606	0.9605	0.9611	0.9606	0.9605	0.9613	1.087	0.9619	0.9836	0.9979	0.968	1.0814	0.9616	0.9622	0.9621	1.0163	0.9674	0.9605	0.9615	0.961	1.1304	0.9613	8.9153	2.2805	0.9611
  V	0.9665	0.9664	0.9648	0.9665	0.9662	1.113	1.0139	0.9664	0.9432	0.9666	0.9649	0.9498	0.9664	0.9667	0.9665	0.9665	0.9665	2.0723	0.9665	0.9684	0.978	0	0.9664	0.9665	0.9656	0.9664	0.9665	0.9633	0.9637	0.9664	0.9665	0.9665	0.9664	0.9665	0.9647	0.9624	1.8909	0.9667	0.9683	0.9665	0.9665	0.9664	0.9665	0.9664	0.9664	0.9665	0.9618	0.9664	1.0348	0.9665	0.99	0.9646	0.9666	0.9664	0.9665	0.9658	0.961	0.9664	0.9664	0.9665	0.9659	0.9665	1.0712	0.9595	0.9665
  W	0.9665	0.9664	0.9646	0.9665	0.9662	0.9663	0.9651	0.9664	0.9416	0.9666	0.9647	0.9425	0.9664	0.9666	0.9666	0.9664	0.9665	0.9568	0.9665	0.9661	0.9606	0.9664	0	0.9665	0.9655	0.9665	0.9665	0.9628	0.9635	0.9664	0.9665	0.9665	0.9665	0.9664	0.9644	0.962	1.4385	0.9667	0.9665	0.9665	0.9665	0.9664	0.9665	0.9665	0.9665	0.9665	0.9611	0.9664	0.9666	0.9665	0.9604	0.9641	0.9666	0.9664	0.9665	0.9658	0.9606	0.9665	0.9664	0.9665	0.9654	0.9665	0.8987	0.9589	0.9665
  X	0.9665	0.9664	1.2098	0.9665	0.9667	0.9664	0.9654	0.9666	0.9442	0.9666	0.965	1.5829	0.9665	0.9666	0.9666	0.9664	0.9666	0.958	0.9665	0.9662	0.963	0.9665	0.9665	0	0.9657	0.9665	0.9665	0.9634	0.9647	0.9666	0.9665	0.9665	0.9665	0.9666	0.9647	1.1142	1.1445	0.967	0.9665	0.9665	0.9665	0.9664	0.9665	0.9665	0.9664	0.9665	1.3703	0.9664	0.9668	0.9666	0.9619	0.9643	0.9666	0.9665	0.9665	0.9664	0.9614	0.9665	0.9665	0.9665	0.9658	0.9665	1.1419	1.0544	0.9665
  Y	0.9657	0.9657	0.9645	0.9655	0.9652	0.9651	0.9648	0.9656	0.9421	0.9657	0.9643	1.282	0.9655	0.9657	0.9656	0.9657	0.9656	0.9563	0.9657	0.9657	0.9608	0.9656	0.9655	0.9657	0	0.9655	0.9657	0.9623	0.9637	0.9658	0.9656	0.9656	0.9655	0.9657	0.9639	0.9636	0.9595	0.966	0.9657	0.9656	0.9655	0.9655	0.9656	0.9655	0.9655	0.9657	0.9612	0.9657	0.9659	0.9658	1.0963	0.9633	0.9656	0.9656	0.9658	0.9656	0.9604	0.9655	0.9655	0.9656	0.965	0.9657	0.9012	0.9598	0.9656
  Z	0.9666	0.9664	0.9646	0.9665	0.9664	0.9659	0.9651	0.9664	0.9413	0.9666	0.9647	0.9422	0.9665	0.9666	1.2213	0.9663	0.9665	0.9567	0.9665	0.9661	0.9605	0.9664	0.9665	0.9665	0.9655	0	0.9665	0.9628	0.9635	0.9665	0.9665	0.9665	0.9665	0.9664	0.9644	0.9622	0.965	0.9667	0.9665	0.9665	0.9665	0.9664	0.9665	0.9665	0.9665	0.9665	1.1966	0.9664	0.9666	0.9665	0.9603	0.964	0.9666	0.9664	0.9665	0.9659	0.9606	0.9665	0.9664	0.9665	0.9654	0.9665	0.8979	0.9588	0.9664
  [	0.9666	0.9664	0.9648	0.9665	0.9662	0.9659	0.9653	0.9665	0.9445	0.9666	0.965	0.9452	0.9665	0.9666	0.9666	0.9664	0.9665	0.9579	0.9665	0.9662	0.9613	0.9665	0.9665	0.9665	0.9657	0.9665	0	0.9633	0.9639	0.9665	0.9665	0.9665	0.9665	0.9665	0.9646	0.9625	0.9601	0.9667	0.9665	0.9665	0.9665	0.9665	0.9665	0.9665	0.9665	0.9665	0.9617	0.9668	0.9666	0.9665	0.9611	0.9644	0.9666	0.9664	0.9666	0.966	0.9613	0.9665	0.9664	0.9665	0.9656	0.9665	1.3592	0.9598	0.9665
  \	0.9632	0.9637	0.9906	1.4447	0.9626	0.9675	0.9646	0.9629	1.0211	1.102	1.2132	1.2885	0.9628	0.9641	0.9629	1.1818	0.9629	4.5664	0.9633	0.965	1.3293	0.9633	0.9628	0.9634	0.9623	0.9628	0.9633	0	0.9637	0.9634	0.963	0.963	0.9628	0.967	0.9635	0.9616	2.9519	0.9637	0.9633	0.9631	0.9628	0.9628	0.9631	0.9628	0.9628	0.9633	0.9616	0.9636	0.964	0.9639	1.1188	1.2504	0.963	0.9634	1.5577	0.9641	0.9743	0.9628	0.963	0.9631	1.088	0.9633	2.3153	0.9597	1.1617
  ]	1.1655	0.9643	1.512	0.9635	0.9942	0.9655	0.9682	1.1211	1.8098	0.9637	0.9649	5.5599	0.9635	0.964	0.9639	0.9647	0.9638	0.9619	0.9639	0.9655	0.9677	0.9637	0.9635	0.9647	0.9637	0.9635	0.9639	0.9637	0	0.9672	0.9637	1.2511	0.9635	0.9645	0.9758	3.8075	1.7616	0.9647	0.964	0.9637	0.9635	0.9635	0.9637	0.9635	0.9634	0.9639	3.107	0.9642	0.9646	0.9698	2.8323	0.9631	0.9636	0.9643	0.9643	1.9112	1.4433	0.9634	1.0201	0.9637	1.5305	0.9639	7.5819	2.3378	0.9638
  ^	0.9665	0.9664	0.9655	0.9664	0.9664	0.9661	0.9654	0.9664	0.9454	0.9666	0.9651	2.5223	0.9664	0.9666	0.9666	0.9666	0.9665	0.9585	0.9665	0.9663	0.9617	0.9664	0.9664	0.9666	0.9658	0.9665	0.9665	0.9634	0.9672	0	0.9665	0.9665	0.9665	0.9664	0.9648	1.6132	0.962	0.9669	0.9665	0.9665	0.9665	0.9664	0.9665	0.9664	0.9665	0.9665	1.6478	0.9665	0.9666	0.9666	0.9616	0.9644	0.9665	0.9665	0.9666	0.9662	0.9616	0.9665	0.9665	0.9665	1.2998	0.9665	1.0987	0.9601	0.9665
  _	0.9666	0.9664	0.9647	0.9665	0.9662	0.9659	0.9652	0.9664	0.9427	0.9666	0.9648	0.9436	0.9665	0.9666	0.9666	0.9664	0.9665	0.9573	0.9665	0.9662	0.961	0.9665	0.9665	0.9665	0.9656	0.9665	0.9665	0.963	0.9637	0.9665	0	0.9665	0.9665	0.9665	0.9645	0.9622	1.2904	0.9667	0.9665	0.9665	0.9665	0.9664	0.9665	0.9665	0.9665	0.9665	0.9614	0.9665	0.9666	0.9665	0.9607	0.9642	0.9666	0.9664	0.9665	0.9659	0.9609	0.9665	0.9664	0.9665	0.9656	0.9665	1.0444	0.9593	0.9665
  `	0.9666	0.9664	0.9647	0.9665	0.9662	0.9659	0.9652	0.9665	0.943	0.9666	0.9649	0.9438	0.9665	0.9666	0.9666	0.9664	0.9665	0.9573	0.9665	0.9662	0.9609	0.9665	0.9665	0.9665	0.9656	0.9665	0.9665	0.963	1.2511	0.9665	0.9665	0	0.9665	0.9665	0.9645	0.9623	0.9597	0.9667	0.9665	0.9665	0.9665	0.9665	0.9665	0.9665	0.9665	0.9665	0.9614	0.9665	0.9666	0.9665	0.9608	0.9642	0.9666	0.9664	0.9666	0.9659	0.9609	0.9665	0.9664	0.9665	0.9655	0.9665	1.0916	0.9594	0.9665
  a	0.9666	0.9664	0.9646	0.9665	0.9664	0.9658	0.9651	0.9664	0.9415	0.9666	0.9647	0.9423	0.9665	0.9666	0.9666	0.9663	0.9665	0.9567	0.9665	0.9661	0.9605	0.9664	0.9665	0.9665	0.9655	0.9665	0.9665	0.9628	0.9635	0.9665	0.9665	0.9665	0	0.9664	0.9644	0.962	0.9593	0.9667	0.9665	0.9665	0.9665	0.9664	0.9665	0.9665	0.9665	0.9665	1.4417	0.9664	0.9666	0.9665	0.9603	0.964	0.9666	0.9664	0.9665	0.9658	0.9606	0.9665	0.9664	0.9665	0.9654	0.9665	0.8984	0.9589	0.9665
  b	0.9666	0.9664	0.9664	0.9664	0.9664	0.9663	0.9656	0.9664	0.9485	0.9665	0.9652	0.9504	0.9664	0.9666	0.9665	0.9684	0.9665	0.9594	0.9665	0.9664	2.4545	0.9665	0.9664	0.9666	0.9657	0.9664	0.9665	0.967	0.9645	0.9664	0.9665	0.9665	0.9664	0	0.9651	0.9631	2.8838	1.4505	0.9665	0.9665	0.9664	0.9664	0.9665	0.9664	0.9664	0.9665	0.9627	0.9664	0.9667	1.3543	0.962	0.9647	0.9668	0.9664	0.9665	0.9662	0.9619	0.9664	0.9665	0.9665	0.9663	0.9665	1.923	1.446	0.9665
  c	0.9647	0.9649	0.9651	0.9646	0.9644	1.145	0.9897	0.9644	3.2344	0.9645	1.0263	0.9546	0.9644	0.967	0.9645	0.9858	0.9645	1.1272	0.9646	1.1663	2.0083	0.9647	0.9644	0.9647	0.9639	0.9644	0.9646	0.9635	0.9758	0.9648	0.9645	0.9645	0.9644	0.9651	0	0.963	1.0094	0.9648	0.9646	0.9645	0.9644	0.9643	1.2398	0.9644	0.9643	0.9646	1.1571	0.9648	1.069	0.965	0.9629	0.9703	0.9644	0.9647	0.9649	0.9653	0.9621	0.9643	0.9644	0.9645	0.9806	0.9646	3.0939	0.9613	0.9645
  d	0.9625	0.9629	0.9681	0.9621	3.0738	0.9643	0.9641	1.4443	0.9518	0.9621	0.9633	9.6845	0.9621	0.9626	0.9633	0.9634	0.9657	0.9582	0.9625	0.9645	0.9634	0.9624	0.962	1.1142	0.9636	0.9622	0.9625	0.9616	3.8075	1.6132	0.9622	0.9623	0.962	0.9631	0.963	0	2.7608	0.9639	0.9626	0.9623	0.962	1.4071	0.9623	0.962	0.9619	0.9625	8.4399	0.9629	0.9635	0.9659	3.1838	0.961	0.9621	0.9628	0.9629	1.8425	0.9612	0.9619	0.9688	0.9623	0.9649	0.9625	0.9289	0.9997	0.9626
  e	0.9605	0.961	2.5633	0.9596	1.503	4.6243	1.0219	0.9598	0.9644	0.9599	0.9631	5.1675	2.3985	0.9621	0.9876	1.288	1.6116	6.6309	0.9602	1.1232	4.1729	1.8909	1.4385	1.1445	0.9595	0.965	0.9601	2.9519	1.7616	0.962	1.2904	0.9597	0.9593	2.8838	1.0094	2.7608	0	1.3189	1.1742	0.9597	1.4396	0.9915	1.4716	1.4388	0.9592	0.9601	9.7061	0.9608	2.1537	1.2753	2.5032	0.9616	1.2556	1.4408	0.9612	0.9847	1.2409	0.9592	1.458	0.9597	2.8115	0.9601	15.526	2.7114	1.5546
  f	0.9668	0.969	1.2044	0.9667	0.9666	0.9665	0.9657	0.9667	0.9523	0.9668	0.9652	1.3225	0.9668	0.9668	0.9668	0.9666	0.9668	0.9586	0.9667	0.9663	1.3194	0.9667	0.9667	0.967	0.966	0.9667	0.9667	0.9637	0.9647	0.9669	0.9667	0.9667	0.9667	1.4505	0.9648	0.9639	1.3189	0	0.9667	0.9667	0.9667	0.9667	0.9668	0.9667	0.9667	0.9667	0.9643	0.9666	0.9671	0.9668	0.9621	0.9646	1.2774	0.9667	0.9667	0.9666	0.9617	0.9667	0.9667	0.9667	0.9701	0.9667	1.3571	0.9614	0.9668
  g	0.9666	0.9664	0.965	0.9665	0.9662	0.966	0.9883	0.9665	0.9444	0.9666	0.965	0.9517	0.9665	0.9666	0.9666	0.9664	0.9665	0.9579	0.9665	0.9678	0.9617	0.9683	0.9665	0.9665	0.9657	0.9665	0.9665	0.9633	0.964	0.9665	0.9665	0.9665	0.9665	0.9665	0.9646	0.9626	1.1742	0.9667	0	0.9665	0.9665	0.9664	0.9666	0.9665	0.9665	0.9665	0.9618	0.9665	0.9966	0.9665	1.2405	0.9643	0.9666	0.9664	0.9666	0.966	0.9613	0.9665	0.9664	0.9665	0.9656	0.9665	1.3018	0.9598	0.9665
  h	0.9666	0.9664	0.9648	0.9665	0.9662	0.9659	0.9653	0.9665	0.9433	0.9667	1.2321	0.9438	0.9665	0.9666	0.9666	0.9664	0.9665	0.9574	0.9665	0.9662	0.961	0.9665	0.9665	0.9665	0.9656	0.9665	0.9665	0.9631	0.9637	0.9665	0.9665	0.9665	0.9665	0.9665	0.9645	0.9623	0.9597	0.9667	0.9665	0	0.9665	0.9665	0.9666	0.9665	0.9665	0.9665	0.9614	0.9665	0.9666	0.9666	0.9608	0.9642	0.9666	0.9665	0.9666	0.9659	0.961	0.9665	0.9664	0.9666	0.9657	0.9665	1.1278	0.9594	0.9665
  i	0.9666	0.9664	0.9646	0.9665	0.9662	0.9659	0.9651	0.9664	0.9416	0.9666	0.9648	0.9425	0.9665	0.9666	0.9666	0.9664	0.9665	0.9568	0.9665	0.9661	0.9606	0.9665	0.9665	0.9665	0.9655	0.9665	0.9665	0.9628	0.9635	0.9665	0.9665	0.9665	0.9665	0.9664	0.9644	0.962	1.4396	0.9667	0.9665	0.9665	0	0.9664	0.9665	0.9665	0.9665	0.9665	0.9611	0.9665	0.9666	0.9665	0.9604	0.9641	0.9666	0.9664	0.9665	0.9658	0.9606	0.9665	0.9664	0.9665	0.9655	0.9665	0.8987	0.9589	0.9665
  j	0.9665	0.9664	0.9645	0.9664	0.9662	0.9658	0.9651	0.9664	0.9414	0.9665	0.9647	0.9456	0.9664	0.9665	0.9665	0.9663	0.9664	0.9567	0.9665	0.9661	0.9605	0.9664	0.9664	0.9664	0.9655	0.9664	0.9665	0.9628	0.9635	0.9664	0.9664	0.9665	0.9664	0.9664	0.9643	1.4071	0.9915	0.9667	0.9664	0.9665	0.9664	0	0.9665	0.9664	0.9664	0.9665	0.9618	0.9664	0.9665	0.9665	0.9603	0.964	0.9665	0.9664	0.9665	0.9658	0.9606	0.9664	0.9664	0.9665	0.9654	0.9665	0.8982	0.9588	0.9664
  k	0.9666	0.9664	0.9647	0.9665	0.9663	0.9661	0.9653	0.9665	1.3899	0.9666	0.9649	0.9436	0.9665	0.9666	0.9666	0.9664	0.9665	0.9575	0.9665	1.2246	0.9611	0.9665	0.9665	0.9665	0.9656	0.9665	0.9665	0.9631	0.9637	0.9665	0.9665	0.9665	0.9665	0.9665	1.2398	0.9623	1.4716	0.9668	0.9666	0.9666	0.9665	0.9665	0	0.9665	0.9665	0.9665	0.9616	0.9665	1.1005	0.9666	0.9607	0.9642	0.9666	0.9665	0.9666	0.9659	0.9609	0.9665	0.9665	0.9665	0.9656	0.9665	0.9624	0.9596	0.9665
  l	0.9665	0.9664	0.9646	0.9665	0.9662	0.9659	0.9651	0.9664	0.9416	0.9666	0.9647	0.9425	0.9664	0.9665	0.9666	0.9664	0.9665	0.9568	0.9665	0.9661	0.9606	0.9664	0.9665	0.9665	0.9655	0.9665	0.9665	0.9628	0.9635	0.9664	0.9665	0.9665	0.9665	0.9664	0.9644	0.962	1.4388	0.9667	0.9665	0.9665	0.9665	0.9664	0.9665	0	0.9664	0.9665	0.9611	0.9664	0.9666	0.9665	0.9604	0.964	0.9666	0.9664	0.9665	0.9658	0.9606	0.9665	0.9664	0.9665	0.9654	0.9665	0.8988	0.9589	0.9664
  m	0.9665	0.9664	0.9645	0.9664	0.9661	0.9658	0.9651	0.9664	0.9413	0.9666	0.9647	0.9421	0.9664	0.9666	0.9665	0.9663	0.9664	0.9567	0.9665	0.9661	0.9605	0.9664	0.9665	0.9664	0.9655	0.9665	0.9665	0.9628	0.9634	0.9665	0.9665	0.9665	0.9665	0.9664	0.9643	0.9619	0.9592	0.9667	0.9665	0.9665	0.9665	0.9664	0.9665	0.9664	0	0.9665	0.961	0.9664	0.9665	0.9665	0.9603	0.9641	0.9665	0.9664	0.9665	0.9658	0.9605	0.9665	0.9664	0.9665	1.4513	0.9665	0.9012	0.9588	0.9664
  n	0.9666	0.9664	0.9648	0.9665	0.9662	0.9659	0.9653	0.9665	0.9447	0.9666	0.965	0.9452	0.9665	0.9666	0.9666	0.9664	0.9665	0.958	0.9665	0.9662	0.9613	0.9665	0.9665	0.9665	0.9657	0.9665	0.9665	0.9633	0.9639	0.9665	0.9665	0.9665	0.9665	0.9665	0.9646	0.9625	0.9601	0.9667	0.9665	0.9665	0.9665	0.9665	0.9665	0.9665	0.9665	0	0.9617	0.9665	0.9666	0.9665	0.9611	0.9644	0.9666	0.9664	0.9666	0.966	0.9613	0.9665	0.9664	0.9665	0.9656	0.9665	1.3605	0.9598	0.9665
  o	0.9618	0.9623	2.2047	0.9613	4.3588	3.2787	1.3722	0.9617	1.5693	0.9613	0.963	9.2927	0.9612	0.9619	1.8023	0.9665	2.0789	1.0459	0.9623	0.9645	1.087	0.9618	0.9611	1.3703	0.9612	1.1966	0.9617	0.9616	3.107	1.6478	0.9614	0.9614	1.4417	0.9627	1.1571	8.4399	9.7061	0.9643	0.9618	0.9614	0.9611	0.9618	0.9616	0.9611	0.961	0.9617	0	0.9622	1.017	0.9669	1.3168	0.9639	0.9616	0.9621	0.9622	2.0242	0.9611	0.961	1.0286	0.9614	1.0136	0.9617	1.9356	1.5005	0.9617
  p	0.9666	0.9664	0.965	0.9664	0.9662	0.966	0.9654	0.9664	0.9468	0.9666	0.9651	0.9475	0.9664	0.9665	0.9665	0.9664	0.9664	0.9588	0.9665	0.9662	0.9619	0.9664	0.9664	0.9664	0.9657	0.9664	0.9668	0.9636	0.9642	0.9665	0.9665	0.9665	0.9664	0.9664	0.9648	0.9629	0.9608	0.9666	0.9665	0.9665	0.9665	0.9664	0.9665	0.9664	0.9664	0.9665	0.9622	0	0.9665	0.9665	0.9616	0.9646	0.9665	1.4503	0.9665	0.9661	0.9618	0.9665	0.9664	0.9665	0.9657	0.9665	1.825	0.9605	0.9664
  q	0.9667	0.9665	1.0574	0.9665	0.9665	0.9666	1.4076	0.9665	0.9477	0.9667	0.9653	1.4682	0.9666	0.9667	0.9667	0.9666	0.9667	0.9596	0.9666	1.4948	0.9836	1.0348	0.9666	0.9668	0.9659	0.9666	0.9666	0.964	0.9646	0.9666	0.9666	0.9666	0.9666	0.9667	1.069	0.9635	2.1537	0.9671	0.9966	0.9666	0.9666	0.9665	1.1005	0.9666	0.9665	0.9666	1.017	0.9665	0	0.9667	1.0441	0.9648	0.9667	0.9666	0.9666	0.9663	0.9622	0.9666	0.9666	0.9666	0.9661	0.9666	1.8595	0.9611	0.9667
  r	0.9666	0.9665	0.9657	0.9665	0.9663	0.9663	0.9656	0.9665	0.9479	0.9666	0.9653	1.098	0.9665	0.9666	0.9666	0.9665	0.9665	0.9593	0.9665	0.9663	0.9979	0.9665	0.9665	0.9666	0.9658	0.9665	0.9665	0.9639	0.9698	0.9666	0.9665	0.9665	0.9665	1.3543	0.965	0.9659	1.2753	0.9668	0.9665	0.9666	0.9665	0.9665	0.9666	0.9665	0.9665	0.9665	0.9669	0.9665	0.9667	0	0.9644	0.9647	0.9666	0.9665	0.9666	0.9663	0.9621	0.9665	0.9665	0.9666	0.966	0.9665	1.9937	0.9632	0.9666
  s	0.9615	0.9618	1.0658	0.9605	1.0971	0.9649	1.0117	1.0978	2.9903	0.9607	1.0101	7.9622	0.9605	0.9612	0.9604	0.9624	0.9608	0.9598	0.9611	0.9814	0.968	0.99	0.9604	0.9619	1.0963	0.9603	0.9611	1.1188	2.8323	0.9616	0.9607	0.9608	0.9603	0.962	0.9629	3.1838	2.5032	0.9621	1.2405	0.9608	0.9604	0.9603	0.9607	0.9604	0.9603	0.9611	1.3168	0.9616	1.0441	0.9644	0	0.9604	0.9604	0.9618	0.9617	1.9348	1.5477	0.9603	0.9611	0.9608	0.9645	0.9611	8.727	2.5226	1.1709
  t	0.9643	0.9646	0.9641	0.9645	0.9637	1.0621	1.3794	0.9641	1.4842	0.9643	0.9639	0.9454	0.964	1.3857	0.9641	0.9656	0.9641	7.6071	0.9644	0.9653	1.0814	0.9646	0.9641	0.9643	0.9633	0.964	0.9644	1.2504	0.9631	0.9644	0.9642	0.9642	0.964	0.9647	0.9703	0.961	0.9616	0.9646	0.9643	0.9642	0.9641	0.964	0.9642	0.964	0.9641	0.9644	0.9639	0.9646	0.9648	0.9647	0.9604	0	0.9641	0.9644	0.9646	0.9644	0.9602	0.9641	0.9641	0.9642	1.0271	0.9644	0.9338	0.9586	0.9642
  u	0.9666	0.9665	1.1244	0.9665	0.9663	0.9661	0.9652	0.9665	0.9415	0.9667	0.9648	0.9427	0.9666	0.9666	0.9667	0.9664	0.9666	0.957	0.9666	0.9662	0.9616	0.9666	0.9666	0.9666	0.9656	0.9666	0.9666	0.963	0.9636	0.9665	0.9666	0.9666	0.9666	0.9668	0.9644	0.9621	1.2556	1.2774	0.9666	0.9666	0.9666	0.9665	0.9666	0.9666	0.9665	0.9666	0.9616	0.9665	0.9667	0.9666	0.9604	0.9641	0	0.9665	0.9666	0.9659	0.9607	0.9666	0.9665	0.9666	0.9655	0.9666	0.8992	0.9591	0.9666
  v	0.9665	0.9664	0.9652	0.9664	0.9662	0.966	0.9654	0.9664	0.9457	0.9665	0.965	1.3588	0.9664	0.9665	0.9665	0.9664	0.9664	0.9585	0.9664	0.9662	0.9622	0.9664	0.9664	0.9665	0.9656	0.9664	0.9664	0.9634	0.9643	0.9665	0.9664	0.9664	0.9664	0.9664	0.9647	0.9628	1.4408	0.9667	0.9664	0.9665	0.9664	0.9664	0.9665	0.9664	0.9664	0.9664	0.9621	1.4503	0.9666	0.9665	0.9618	0.9644	0.9665	0	0.9665	0.9661	0.9615	0.9664	0.9664	0.9665	0.9657	0.9664	1.4273	0.9603	0.9664
  w	0.9667	0.9665	0.9651	0.9665	0.9663	0.9661	0.9655	0.9665	0.9469	0.9667	0.9653	0.9573	0.9665	0.9667	0.9666	1.3179	0.9665	0.959	0.9666	0.9663	0.9621	0.9665	0.9665	0.9665	0.9658	0.9665	0.9666	1.5577	0.9643	0.9666	0.9665	0.9666	0.9665	0.9665	0.9649	0.9629	0.9612	0.9667	0.9666	0.9666	0.9665	0.9665	0.9666	0.9665	0.9665	0.9666	0.9622	0.9665	0.9666	0.9666	0.9617	0.9646	0.9666	0.9665	0	0.9661	0.9619	0.9665	0.9665	0.9666	1.2715	0.9666	1.8062	0.9604	0.9666
  x	0.9661	0.9661	0.9689	0.9658	0.9902	0.966	0.967	0.966	1.0644	0.9659	0.9656	4.2646	0.9658	0.966	1.0325	0.9663	0.966	0.96	0.966	0.9668	1.0163	0.9658	0.9658	0.9664	0.9656	0.9659	0.966	0.9641	1.9112	0.9662	0.9659	0.9659	0.9658	0.9662	0.9653	1.8425	0.9847	0.9666	0.966	0.9659	0.9658	0.9658	0.9659	0.9658	0.9658	0.966	2.0242	0.9661	0.9663	0.9663	1.9348	0.9644	0.9659	0.9661	0.9661	0	0.9629	0.9658	0.9659	0.9659	0.9663	0.966	1.9855	1.3258	0.9659
  y	0.9613	0.9619	0.9638	0.9608	0.9604	1.0191	1.9335	0.9609	2.3852	0.9609	0.9629	2.1392	0.9606	0.9619	0.9606	0.9625	0.9608	0.9587	0.9613	0.964	0.9674	0.961	0.9606	0.9614	0.9604	0.9606	0.9613	0.9743	1.4433	0.9616	0.9609	0.9609	0.9606	0.9619	0.9621	0.9612	1.2409	0.9617	0.9613	0.961	0.9606	0.9606	0.9609	0.9606	0.9605	0.9613	0.9611	0.9618	0.9622	0.9621	1.5477	0.9602	0.9607	0.9615	0.9619	0.9629	0	0.9606	0.9608	0.961	1.9315	0.9613	2.856	0.9597	0.9609
  z	0.9666	0.9664	0.9645	0.9665	0.9662	0.9658	0.9651	0.9664	0.9413	0.9666	0.9647	0.942	0.9665	0.9666	0.9666	0.9663	0.9665	0.9567	0.9665	0.9661	0.9605	0.9664	0.9665	0.9665	0.9655	0.9665	0.9665	0.9628	0.9634	0.9665	0.9665	0.9665	0.9665	0.9664	0.9643	0.9619	0.9592	0.9667	0.9665	0.9665	0.9665	0.9664	0.9665	0.9665	0.9665	0.9665	0.961	0.9665	0.9666	0.9665	0.9603	0.9641	0.9666	0.9664	0.9665	0.9658	0.9606	0	0.9664	0.9665	1.4481	0.9665	0.8978	0.9588	0.9665
  {	0.9665	0.9663	0.9649	0.9664	0.9663	0.9661	0.9652	0.9664	0.9423	0.9665	0.9648	1.2844	0.9664	0.9665	0.9665	0.9663	0.9665	0.9572	0.9664	0.9661	0.9615	0.9664	0.9664	0.9665	0.9655	0.9664	0.9664	0.963	1.0201	0.9665	0.9664	0.9664	0.9664	0.9665	0.9644	0.9688	1.458	0.9667	0.9664	0.9664	0.9664	0.9664	0.9665	0.9664	0.9664	0.9664	1.0286	0.9664	0.9666	0.9665	0.9611	0.9641	0.9665	0.9664	0.9665	0.9659	0.9608	0.9664	0	0.9664	0.966	0.9664	0.9025	0.9599	0.9664
  |	0.9666	0.9664	0.9648	0.9665	0.9662	0.9659	1.2349	0.9665	0.9433	0.9666	0.9649	0.9438	0.9665	0.9666	0.9666	0.9664	0.9665	0.9574	0.9665	0.9662	0.961	0.9665	0.9665	0.9665	0.9656	0.9665	0.9665	0.9631	0.9637	0.9665	0.9665	0.9665	0.9665	0.9665	0.9645	0.9623	0.9597	0.9667	0.9665	0.9666	0.9665	0.9665	0.9665	0.9665	0.9665	0.9665	0.9614	0.9665	0.9666	0.9666	0.9608	0.9642	0.9666	0.9665	0.9666	0.9659	0.961	0.9665	0.9664	0	0.9655	0.9665	1.1273	0.9594	0.9665
  }	0.9658	0.9689	0.9663	0.966	0.9655	1.2383	0.9684	0.9655	0.9738	0.9656	1.4479	1.5513	0.9655	0.9985	0.9655	2.9037	0.9656	1.7954	0.9656	0.9663	1.1304	0.9659	0.9654	0.9658	0.965	0.9654	0.9656	1.088	1.5305	1.2998	0.9656	0.9655	0.9654	0.9663	0.9806	0.9649	2.8115	0.9701	0.9656	0.9657	0.9655	0.9654	0.9656	0.9654	1.4513	0.9656	1.0136	0.9657	0.9661	0.966	0.9645	1.0271	0.9655	0.9657	1.2715	0.9663	1.9315	1.4481	0.966	0.9655	0	0.9656	5.2105	0.9636	0.9657
  ~	0.9666	0.9664	0.9648	0.9665	0.9662	0.9659	0.9686	0.9665	0.9452	0.9666	0.965	0.9452	0.9665	0.9666	0.9666	0.9664	0.9665	0.9579	0.9665	0.9662	0.9613	0.9665	0.9665	0.9665	0.9657	0.9665	0.9665	0.9633	0.9639	0.9665	0.9665	0.9665	0.9665	0.9665	0.9646	0.9625	0.9601	0.9667	0.9665	0.9665	0.9665	0.9665	0.9665	0.9665	0.9665	0.9665	0.9617	0.9665	0.9666	0.9665	0.9611	0.9644	0.9666	0.9664	0.9666	0.966	0.9613	0.9665	0.9664	0.9665	0.9656	0	1.3585	0.9598	0.9665
  	1.1884	1.7558	8.3503	0.9003	0.8981	1.2233	6.6083	0.9016	83.1797	0.9966	4.4295	15.7025	0.8991	1.3702	0.8982	2.6893	0.9002	1.5565	1.3598	6.8225	8.9153	1.0712	0.8987	1.1419	0.9012	0.8979	1.3592	2.3153	7.5819	1.0987	1.0444	1.0916	0.8984	1.923	3.0939	0.9289	15.526	1.3571	1.3018	1.1278	0.8987	0.8982	0.9624	0.8988	0.9012	1.3605	1.9356	1.825	1.8595	1.9937	8.727	0.9338	0.8992	1.4273	1.8062	1.9855	2.856	0.8978	0.9025	1.1273	5.2105	1.3585	0	1.6621	0.9669
  	0.9597	0.9606	0.9666	0.9591	1.1314	0.9627	0.963	2.4096	2.2562	0.9591	0.962	12.2484	0.959	0.96	0.959	0.9614	0.9594	0.9568	0.9598	0.9633	2.2805	0.9595	0.9589	1.0544	0.9598	0.9588	0.9598	0.9597	2.3378	0.9601	0.9593	0.9594	0.9589	1.446	0.9613	0.9997	2.7114	0.9614	0.9598	0.9594	0.9589	0.9588	0.9596	0.9589	0.9588	0.9598	1.5005	0.9605	0.9611	0.9632	2.5226	0.9586	0.9591	0.9603	0.9604	1.3258	0.9597	0.9588	0.9599	0.9594	0.9636	0.9598	1.6621	0	0.9596
  	0.9665	0.9664	0.9833	0.9665	0.9662	0.966	0.9653	0.9664	0.9426	1.0365	1.1484	1.1102	0.9664	0.9666	0.9665	0.9665	0.9665	0.9576	0.9665	0.9662	0.9611	0.9665	0.9665	0.9665	0.9656	0.9664	0.9665	1.1617	0.9638	0.9665	0.9665	0.9665	0.9665	0.9665	0.9645	0.9626	1.5546	0.9668	0.9665	0.9665	0.9665	0.9664	0.9665	0.9664	0.9664	0.9665	0.9617	0.9664	0.9667	0.9666	1.1709	0.9642	0.9666	0.9664	0.9666	0.9659	0.9609	0.9665	0.9664	0.9665	0.9657	0.9665	0.9669	0.9596	0

Actual rates from j->i (Q_ij):
	A	B	C	D	E	F	G	H	I	J	K	L	M	N	O	P	Q	R	S	T	U	V	W	X	Y	Z	[	\	]	^	_	`	a	b	c	d	e	f	g	h	i	j	k	l	m	n	o	p	q	r	s	t	u	v	w	x	y	z	{	|	}	~			
  A	0	0.0178	0.0177	0.0178	0.0178	0.0177	0.0177	0.0178	0.0174	0.0178	0.0177	0.0174	0.0178	0.0178	0.0178	0.0178	0.0178	0.0176	0.0178	0.0178	0.0177	0.0178	0.0178	0.0178	0.0177	0.0178	0.0178	0.0177	0.0214	0.0178	0.0178	0.0178	0.0178	0.0178	0.0177	0.0177	0.0176	0.0178	0.0178	0.0178	0.0178	0.0178	0.0178	0.0178	0.0178	0.0178	0.0177	0.0178	0.0178	0.0178	0.0177	0.0177	0.0178	0.0178	0.0178	0.0178	0.0177	0.0178	0.0178	0.0178	0.0177	0.0178	0.0218	0.0176	0.0178
  B	0.0149	0	0.0149	0.0149	0.0149	0.0149	0.0149	0.0149	0.023	0.0149	0.0149	0.0146	0.0149	0.0149	0.0149	0.0149	0.0149	0.0148	0.0149	0.0149	0.0149	0.0149	0.0149	0.0149	0.0149	0.0149	0.0149	0.0149	0.0149	0.0149	0.0149	0.0149	0.0149	0.0149	0.0149	0.0149	0.0148	0.015	0.0149	0.0149	0.0149	0.0149	0.0149	0.0149	0.0149	0.0149	0.0149	0.0149	0.0149	0.0149	0.0148	0.0149	0.0149	0.0149	0.0149	0.0149	0.0148	0.0149	0.0149	0.0149	0.015	0.0149	0.0271	0.0148	0.0149
  C	0.007	0.007	0	0.007	0.007	0.007	0.0074	0.007	0.0069	0.0072	0.0075	0.0213	0.007	0.007	0.007	0.007	0.007	0.007	0.007	0.007	0.0117	0.007	0.007	0.0087	0.007	0.007	0.007	0.0072	0.0109	0.007	0.007	0.007	0.007	0.007	0.007	0.007	0.0185	0.0087	0.007	0.007	0.007	0.007	0.007	0.007	0.007	0.007	0.0159	0.007	0.0076	0.007	0.0077	0.007	0.0081	0.007	0.007	0.007	0.007	0.007	0.007	0.007	0.007	0.007	0.0604	0.007	0.0071
  D	0.0188	0.0188	0.0187	0	0.0187	0.0187	0.0187	0.0188	0.0183	0.0188	0.0187	0.0183	0.0188	0.0188	0.0188	0.0188	0.0188	0.0653	0.0188	0.0187	0.0187	0.0188	0.0188	0.0188	0.0187	0.0188	0.0188	0.028	0.0187	0.0188	0.0188	0.0188	0.0188	0.0188	0.0187	0.0187	0.0186	0.0188	0.0188	0.0188	0.0188	0.0188	0.0188	0.0188	0.0188	0.0188	0.0187	0.0188	0.0188	0.0188	0.0186	0.0187	0.0188	0.0188	0.0188	0.0187	0.0186	0.0188	0.0188	0.0188	0.0187	0.0188	0.0175	0.0186	0.0188
  E	0.0196	0.0196	0.0197	0.0196	0	0.0201	0.0196	0.0196	0.0191	0.0196	0.0196	0.0203	0.0196	0.0196	0.0249	0.0196	0.0196	0.0194	0.0196	0.0196	0.0195	0.0196	0.0196	0.0196	0.0196	0.0196	0.0196	0.0196	0.0202	0.0196	0.0196	0.0196	0.0196	0.0196	0.0196	0.0625	0.0305	0.0196	0.0196	0.0196	0.0196	0.0196	0.0196	0.0196	0.0196	0.0196	0.0886	0.0196	0.0196	0.0196	0.0223	0.0196	0.0196	0.0196	0.0196	0.0201	0.0195	0.0196	0.0196	0.0196	0.0196	0.0196	0.0183	0.023	0.0196
  F	0.0165	0.0165	0.0165	0.0165	0.0169	0	0.0166	0.0165	0.0183	0.0165	0.0165	0.0212	0.0165	0.0165	0.0165	0.0281	0.0165	0.0949	0.0165	0.0165	0.0165	0.019	0.0165	0.0165	0.0165	0.0165	0.0165	0.0165	0.0165	0.0165	0.0165	0.0165	0.0165	0.0165	0.0196	0.0165	0.0791	0.0165	0.0165	0.0165	0.0165	0.0165	0.0165	0.0165	0.0165	0.0165	0.0561	0.0165	0.0165	0.0165	0.0165	0.0182	0.0165	0.0165	0.0165	0.0165	0.0174	0.0165	0.0165	0.0165	0.0212	0.0165	0.0209	0.0165	0.0165
  G	0.0077	0.0077	0.0082	0.0077	0.0077	0.0078	0	0.0077	0.0194	0.0077	0.0077	0.008	0.0077	0.0077	0.0077	0.0077	0.0077	0.0078	0.0077	0.008	0.012	0.0081	0.0077	0.0077	0.0077	0.0077	0.0077	0.0077	0.0078	0.0077	0.0077	0.0077	0.0077	0.0077	0.0079	0.0077	0.0082	0.0077	0.0079	0.0077	0.0077	0.0077	0.0077	0.0077	0.0077	0.0077	0.011	0.0077	0.0113	0.0077	0.0081	0.0111	0.0077	0.0077	0.0077	0.0078	0.0155	0.0077	0.0077	0.0099	0.0078	0.0078	0.053	0.0077	0.0077
  H	0.0186	0.0186	0.0186	0.0186	0.0186	0.0186	0.0186	0	0.0182	0.0186	0.0186	0.0255	0.0186	0.0186	0.0186	0.0186	0.0186	0.0184	0.0186	0.0186	0.0185	0.0186	0.0186	0.0186	0.0186	0.0186	0.0186	0.0185	0.0216	0.0186	0.0186	0.0186	0.0186	0.0186	0.0186	0.0278	0.0185	0.0186	0.0186	0.0186	0.0186	0.0186	0.0186	0.0186	0.0186	0.0186	0.0185	0.0186	0.0186	0.0186	0.0211	0.0186	0.0186	0.0186	0.0186	0.0186	0.0185	0.0186	0.0186	0.0186	0.0186	0.0186	0.0174	0.0464	0.0186
  I	0.0016	0.0025	0.0016	0.0016	0.0016	0.0018	0.0041	0.0016	0	0.0016	0.0024	0.0046	0.0016	0.0016	0.0016	0.0021	0.0016	0.002	0.0016	0.0017	0.0049	0.0016	0.0016	0.0016	0.0016	0.0016	0.0016	0.0017	0.0031	0.0016	0.0016	0.0016	0.0016	0.0016	0.0055	0.0016	0.0016	0.0016	0.0016	0.0016	0.0016	0.0016	0.0024	0.0016	0.0016	0.0016	0.0027	0.0016	0.0016	0.0016	0.0051	0.0025	0.0016	0.0016	0.0016	0.0018	0.004	0.0016	0.0016	0.0016	0.0016	0.0016	0.1407	0.0038	0.0016
  J	0.0188	0.0188	0.0193	0.0188	0.0188	0.0188	0.0188	0.0188	0.0184	0	0.0237	0.0184	0.0188	0.0188	0.0188	0.0188	0.0188	0.0187	0.0188	0.0188	0.0187	0.0188	0.0188	0.0188	0.0188	0.0188	0.0188	0.0215	0.0188	0.0188	0.0188	0.0188	0.0188	0.0188	0.0188	0.0187	0.0187	0.0188	0.0188	0.0188	0.0188	0.0188	0.0188	0.0188	0.0188	0.0188	0.0187	0.0188	0.0188	0.0188	0.0187	0.0188	0.0188	0.0188	0.0188	0.0188	0.0187	0.0188	0.0188	0.0188	0.0188	0.0188	0.0194	0.0187	0.0202
  K	0.0098	0.0098	0.0105	0.0098	0.0098	0.0098	0.0098	0.0098	0.0146	0.0123	0	0.0097	0.0098	0.0098	0.0098	0.0098	0.0098	0.0097	0.0098	0.0098	0.01	0.0098	0.0098	0.0098	0.0098	0.0098	0.0098	0.0123	0.0098	0.0098	0.0098	0.0098	0.0098	0.0098	0.0104	0.0098	0.0098	0.0098	0.0098	0.0125	0.0098	0.0098	0.0098	0.0098	0.0098	0.0098	0.0098	0.0098	0.0098	0.0098	0.0102	0.0098	0.0098	0.0098	0.0098	0.0098	0.0098	0.0098	0.0098	0.0098	0.0147	0.0098	0.0449	0.0098	0.0116
  L	0.005	0.0051	0.0157	0.005	0.0053	0.0066	0.0053	0.007	0.0146	0.005	0.0051	0	0.005	0.005	0.005	0.0051	0.0064	0.0051	0.005	0.0052	0.0715	0.0051	0.005	0.0084	0.0068	0.005	0.005	0.0069	0.0296	0.0134	0.005	0.005	0.005	0.0051	0.0051	0.0516	0.0275	0.007	0.0051	0.005	0.005	0.005	0.005	0.005	0.005	0.005	0.0495	0.005	0.0078	0.0059	0.0424	0.005	0.005	0.0072	0.0051	0.0227	0.0114	0.005	0.0068	0.005	0.0083	0.005	0.0837	0.0653	0.0059
  M	0.0191	0.0191	0.0191	0.0191	0.0191	0.0191	0.0191	0.0191	0.0186	0.0191	0.0191	0.0186	0	0.0191	0.0191	0.0191	0.0191	0.0189	0.0191	0.0191	0.019	0.0191	0.0191	0.0191	0.0191	0.0191	0.0191	0.019	0.0191	0.0191	0.0191	0.0191	0.0191	0.0191	0.0191	0.019	0.0474	0.0191	0.0191	0.0191	0.0191	0.0191	0.0191	0.0191	0.0191	0.0191	0.019	0.0191	0.0191	0.0191	0.019	0.0191	0.0191	0.0191	0.0191	0.0191	0.019	0.0191	0.0191	0.0191	0.0191	0.0191	0.0178	0.019	0.0191
  N	0.0169	0.0169	0.0169	0.0169	0.0169	0.0169	0.0169	0.0169	0.0165	0.0169	0.0169	0.0165	0.0169	0	0.0169	0.0169	0.0169	0.028	0.0169	0.0169	0.0173	0.0169	0.0169	0.0169	0.0169	0.0169	0.0169	0.0168	0.0168	0.0169	0.0169	0.0169	0.0169	0.0169	0.0169	0.0168	0.0168	0.0169	0.0169	0.0169	0.0169	0.0169	0.0169	0.0169	0.0169	0.0169	0.0168	0.0169	0.0169	0.0169	0.0168	0.0242	0.0169	0.0169	0.0169	0.0169	0.0168	0.0169	0.0169	0.0169	0.0174	0.0169	0.0239	0.0168	0.0169
  O	0.0194	0.0194	0.0193	0.0194	0.0245	0.0194	0.0194	0.0194	0.0189	0.0194	0.0193	0.0189	0.0194	0.0194	0	0.0194	0.0194	0.0192	0.0194	0.0194	0.0193	0.0194	0.0194	0.0194	0.0194	0.0245	0.0194	0.0193	0.0193	0.0194	0.0194	0.0194	0.0194	0.0194	0.0193	0.0193	0.0198	0.0194	0.0194	0.0194	0.0194	0.0194	0.0194	0.0194	0.0194	0.0194	0.0361	0.0194	0.0194	0.0194	0.0193	0.0193	0.0194	0.0194	0.0194	0.0207	0.0193	0.0194	0.0194	0.0194	0.0194	0.0194	0.018	0.0192	0.0194
  P	0.0135	0.0135	0.0135	0.0135	0.0135	0.0229	0.0135	0.0135	0.0176	0.0135	0.0135	0.0132	0.0135	0.0135	0.0135	0	0.0135	0.0323	0.0135	0.0135	0.0163	0.0135	0.0135	0.0135	0.0135	0.0135	0.0135	0.0165	0.0134	0.0135	0.0135	0.0135	0.0135	0.0135	0.0137	0.0134	0.0179	0.0135	0.0135	0.0135	0.0135	0.0135	0.0135	0.0135	0.0135	0.0135	0.0135	0.0135	0.0135	0.0135	0.0134	0.0135	0.0135	0.0135	0.0184	0.0135	0.0134	0.0135	0.0135	0.0135	0.0405	0.0135	0.0375	0.0134	0.0135
  Q	0.0188	0.0188	0.0188	0.0188	0.0188	0.0188	0.0188	0.0188	0.0184	0.0188	0.0188	0.0233	0.0188	0.0188	0.0188	0.0188	0	0.0187	0.0188	0.0188	0.0187	0.0188	0.0188	0.0188	0.0188	0.0188	0.0188	0.0188	0.0188	0.0188	0.0188	0.0188	0.0188	0.0188	0.0188	0.0188	0.0314	0.0188	0.0188	0.0188	0.0188	0.0188	0.0188	0.0188	0.0188	0.0188	0.0405	0.0188	0.0188	0.0188	0.0187	0.0188	0.0188	0.0188	0.0188	0.0188	0.0187	0.0188	0.0188	0.0188	0.0188	0.0188	0.0175	0.0187	0.0188
  R	0.0132	0.0132	0.0133	0.0464	0.0132	0.0766	0.0134	0.0132	0.0165	0.0132	0.0133	0.0132	0.0132	0.0221	0.0132	0.032	0.0132	0	0.0132	0.0133	0.0221	0.0286	0.0132	0.0132	0.0132	0.0132	0.0132	0.063	0.0133	0.0132	0.0132	0.0132	0.0132	0.0132	0.0155	0.0132	0.0914	0.0132	0.0132	0.0132	0.0132	0.0132	0.0132	0.0132	0.0132	0.0132	0.0144	0.0132	0.0132	0.0132	0.0132	0.1049	0.0132	0.0132	0.0132	0.0132	0.0132	0.0132	0.0132	0.0132	0.0248	0.0132	0.0215	0.0132	0.0132
  S	0.0169	0.0169	0.0169	0.0169	0.0169	0.0169	0.0169	0.0169	0.0165	0.0169	0.0169	0.0166	0.0169	0.0169	0.0169	0.0169	0.0169	0.0168	0	0.0169	0.0168	0.0169	0.0169	0.0169	0.0169	0.0169	0.0169	0.0169	0.0169	0.0169	0.0169	0.0169	0.0169	0.0169	0.0169	0.0169	0.0168	0.0169	0.0169	0.0169	0.0169	0.0169	0.0169	0.0169	0.0169	0.0169	0.0169	0.0169	0.0169	0.0169	0.0168	0.0169	0.0169	0.0169	0.0169	0.0169	0.0168	0.0169	0.0169	0.0169	0.0169	0.0169	0.0238	0.0168	0.0169
