Map from character to field name
A:	Algeria
B:	Argentina
C:	Australia
D:	Austria
E:	Bangladesh
F:	Belgium
G:	Brazil
H:	Cambodia
I:	Canada
J:	Chad
K:	Chile
L:	China
M:	Czech Republic
N:	Denmark
O:	Egypt
P:	France
Q:	Georgia
R:	Germany
S:	Guam
T:	Guatemala
U:	Hong Kong
V:	Hungary
W:	Iceland
X:	India
Y:	Indonesia
Z:	Iran
[:	Ireland
\:	Italy
]:	Japan
^:	Kazakhstan
_:	Kuwait
`:	Laos
a:	Luxembourg
b:	Malaysia
c:	Mexico
d:	Mongolia
e:	Netherlands
f:	New Zealand
g:	Nicaragua
h:	Nigeria
i:	Norway
j:	Pakistan
k:	Peru
l:	Philippines
m:	Poland
n:	Romania
o:	Russia
p:	Saudi Arabia
q:	Singapore
r:	South Africa
s:	South Korea
t:	Spain
u:	Sri Lanka
v:	Sweden
w:	Switzerland
x:	Taiwan
y:	Thailand
z:	Turkey
{:	Ukraine
|:	United Arab Emirates
}:	United Kingdom
~:	Uruguay
:	Usa
:	Vietnam
:	Zambia
:	?


Substitution rate (mu): 20.33792

Equilibrium frequencies (pi_i):
  A: 0.0181
  B: 0.0148
  C: 0.0086
  D: 0.0195
  E: 0.0191
  F: 0.0165
  G: 0.0071
  H: 0.0183
  I: 0.0019
  J: 0.0175
  K: 0.0091
  L: 0.0079
  M: 0.0191
  N: 0.0171
  O: 0.0199
  P: 0.0144
  Q: 0.0199
  R: 0.0116
  S: 0.0175
  T: 0.006
  U: 0.0068
  V: 0.0179
  W: 0.0198
  X: 0.0194
  Y: 0.0197
  Z: 0.02
  [: 0.0192
  \: 0.0171
  ]: 0.0085
  ^: 0.0179
  _: 0.0198
  `: 0.0201
  a: 0.02
  b: 0.017
  c: 0.0093
  d: 0.0118
  e: 0.005
  f: 0.0176
  g: 0.016
  h: 0.0175
  i: 0.0198
  j: 0.0197
  k: 0.0157
  l: 0.0198
  m: 0.0202
  n: 0.0187
  o: 0.0093
  p: 0.0198
  q: 0.013
  r: 0.0156
  s: 0.0055
  t: 0.0192
  u: 0.0198
  v: 0.0142
  w: 0.0161
  x: 0.0119
  y: 0.0118
  z: 0.0202
  {: 0.0195
  |: 0.0202
  }: 0.0107
  ~: 0.0189
  : 0.0049
  : 0.012
  : 0.0192

Symmetrized rates from j->i (W_ij):
	A	B	C	D	E	F	G	H	I	J	K	L	M	N	O	P	Q	R	S	T	U	V	W	X	Y	Z	[	\	]	^	_	`	a	b	c	d	e	f	g	h	i	j	k	l	m	n	o	p	q	r	s	t	u	v	w	x	y	z	{	|	}	~			
  A	0	0.9641	0.9617	0.9641	0.9635	0.9632	0.9634	0.9639	0.9371	0.9641	0.9624	0.9407	0.9639	0.9641	0.964	0.9639	0.964	0.9542	0.9641	0.9638	0.9568	0.9643	0.964	0.964	0.9627	0.964	0.9641	0.9598	1.1024	0.964	0.964	0.9641	0.9641	0.964	0.9618	0.9581	0.9547	0.9645	0.9641	0.9641	0.964	0.9641	0.9641	0.964	0.964	0.9641	0.9584	0.964	0.9639	0.9641	0.9577	0.9615	0.9641	0.9644	0.9651	0.9636	0.9586	0.964	0.9642	0.9641	0.9633	0.9642	1.2162	0.9558	0.9639
  B	0.9641	0	0.9619	0.964	0.9635	0.9633	0.9633	0.9639	1.1781	0.964	0.9627	0.9444	0.9638	0.9641	0.9639	0.9639	0.9639	0.956	0.964	0.9637	0.9582	0.9642	0.9639	0.9639	0.9628	0.9639	0.964	0.9605	0.9618	0.964	0.9639	0.9639	0.9639	0.9639	0.9623	0.9591	0.9561	0.9643	0.964	0.964	0.9639	0.964	0.964	0.9639	0.9639	0.964	0.9592	0.9639	0.9639	0.964	0.9583	0.9618	0.964	0.9642	0.9641	0.9636	1.0437	0.9639	0.9641	0.9639	0.9633	0.964	1.9809	0.957	0.9638
  C	0.9617	0.9619	0	0.9612	0.9617	1.1681	0.9974	0.9615	1.0209	0.9617	0.9658	1.4812	0.9614	0.9618	0.9609	0.9661	0.961	0.9944	0.9613	1.0378	2.1344	0.9635	0.9609	0.9617	0.9611	0.9609	0.9611	0.961	1.6484	0.9642	0.9632	0.9609	0.9609	0.9732	0.9621	0.963	4.9251	1.1335	0.9667	0.9613	0.9609	0.9612	0.9623	0.9609	0.9608	0.9612	1.0291	0.961	1.2569	0.9671	1.1045	0.9601	0.9611	0.9628	0.9618	0.9873	0.9616	0.9609	0.9617	0.9609	0.9665	0.9613	6.5978	0.9626	0.9612
  D	0.9641	0.964	0.9612	0	0.9635	0.9633	0.963	0.9639	0.9338	0.964	0.9621	1.0443	0.9639	0.9648	0.964	0.9638	0.964	3.3431	0.964	0.9635	0.9566	0.9644	0.964	0.964	0.9626	0.964	0.9641	1.2403	0.9608	0.9642	0.964	0.964	0.964	0.9639	0.9615	0.9578	0.9539	0.9646	0.9641	0.964	0.964	0.9641	0.964	0.964	0.965	0.9641	0.9583	0.964	0.9638	0.9641	0.9566	0.9616	0.9641	0.9644	1.2201	0.9632	0.9582	0.9641	0.9644	0.964	1.1055	0.9641	0.8821	0.9549	0.9639
  E	0.9635	0.9635	0.9617	0.9635	0	0.9633	0.9631	0.9636	0.9345	0.9635	0.9618	1.7108	0.9635	0.9637	1.1245	0.9634	0.9636	0.9545	0.9635	0.9633	0.9577	0.9641	0.9634	1.2638	0.9626	0.9635	0.9635	0.9597	0.9615	0.964	0.9635	0.9634	0.9635	0.9636	0.9614	2.4773	1.2312	0.9646	0.9636	0.9635	0.9635	0.9996	0.9636	0.9635	0.9634	0.9635	3.6142	0.9634	0.9635	0.9638	0.9571	0.9608	0.9635	0.9643	0.9637	0.9638	0.9583	0.9634	0.9639	0.9634	0.9631	0.9635	0.8842	1.4339	0.9634
  F	0.9632	0.9633	1.1681	0.9633	0.9633	0	1.0286	0.963	0.9415	0.9632	0.9622	1.2589	0.9633	0.9685	0.963	1.0946	0.963	4.5735	0.9632	0.9636	0.9639	1.014	0.963	0.9635	0.9625	0.963	0.9631	1.4221	0.9619	0.9668	0.963	0.963	0.963	0.9634	0.9627	1.39	4.7145	0.9641	0.9633	0.9632	0.963	0.9635	0.9633	0.963	0.963	0.9632	2.1449	0.963	0.9635	0.9638	0.9584	1.5489	0.9631	0.9641	0.9634	0.9634	0.9668	0.963	0.9642	0.963	1.0772	0.9632	1.3326	0.9564	0.963
  G	0.9634	0.9633	0.9974	0.963	0.9631	1.0286	0	0.9629	2.3131	0.9629	1.081	1.2721	0.9627	0.9634	0.9627	0.9638	0.963	1.3261	0.9629	0.9639	0.9633	1.1538	0.9627	0.9634	0.9623	0.9628	0.9628	0.9704	1.4178	0.9777	0.9627	0.9627	0.9628	0.963	0.9905	0.9622	0.9637	0.9636	0.9632	0.9629	0.9627	0.9627	0.9644	0.9627	0.9626	0.9628	1.0876	0.9627	1.3705	0.9632	1.0468	0.9624	0.9627	0.9636	1.0103	0.9645	1.0466	0.9627	0.9632	1.444	0.9876	1.2937	8.2097	0.9609	0.9679
  H	0.9639	0.9639	0.9615	0.9639	0.9636	0.963	0.9629	0	1.3506	0.9639	0.9622	1.4117	0.9637	0.964	0.9638	0.9637	0.9638	0.954	0.9639	0.9636	0.9566	0.9643	0.9638	0.9638	0.9626	0.9638	0.9639	0.9596	0.9612	0.9638	0.9639	0.9639	0.9639	0.9638	0.9616	1.4372	0.9544	0.9646	0.9639	0.9639	0.9639	0.964	0.9639	0.9638	0.9638	0.9639	0.958	0.9638	0.9637	0.964	0.9571	0.9613	0.9639	0.9644	0.964	0.9635	0.9584	0.9639	0.964	0.9639	0.963	0.9639	0.9581	1.9008	0.9637
  I	0.9371	1.1781	1.0209	0.9338	0.9345	0.9415	2.3131	1.3506	0	0.9364	1.484	2.2769	0.9339	1.0364	0.9328	1.2001	0.9331	1.1785	0.9365	1.0045	1.3074	0.937	0.9329	0.9338	0.9331	0.9328	0.934	0.9379	2.2207	0.9365	0.9329	0.9325	0.9328	0.9922	2.3226	0.9457	0.9622	0.9369	0.9391	0.9364	0.9329	0.9331	1.0053	0.9329	0.9323	0.9349	1.4804	0.9331	0.9476	0.9396	1.4772	0.9344	0.9329	0.9419	0.9394	0.9636	2.1885	0.9324	0.9375	0.9324	0.9482	0.9354	71.7399	1.5542	0.9343
  J	0.9641	0.964	0.9617	0.964	0.9635	0.9632	0.9629	0.9639	0.9364	0	0.9623	0.9406	0.9639	0.964	0.964	0.9638	0.964	0.9545	0.964	0.9636	0.9568	0.9642	0.9639	0.9639	0.9627	0.964	0.9641	0.9599	0.9611	0.964	0.964	0.964	0.964	0.9639	0.9617	0.9582	0.9544	0.9644	0.964	0.964	0.964	0.964	0.964	0.964	0.964	0.964	0.9581	0.964	0.9638	0.964	0.9574	0.9615	0.964	0.9643	0.9641	0.9633	0.9586	0.964	0.9641	0.964	0.963	0.9641	1.3331	0.9556	0.9638
  K	0.9624	0.9627	0.9658	0.9621	0.9618	0.9622	1.081	0.9622	1.484	0.9623	0	0.9607	0.962	0.9625	0.962	0.963	0.962	0.9586	0.9623	0.9654	1.0625	0.9625	0.9619	0.962	0.9613	0.9619	0.9622	1.1754	0.9634	0.9623	0.962	0.9619	0.962	0.9625	0.9625	0.9599	0.9607	0.9627	0.9625	0.9623	0.962	0.962	0.9626	0.962	0.9619	0.9622	0.9609	0.962	0.9633	0.9626	0.9781	0.9608	0.962	0.963	0.9632	0.9636	0.9606	0.9619	0.9622	0.962	1.5808	0.9623	5.3491	0.959	1.0925
  L	0.9407	0.9444	1.4812	1.0443	1.7108	1.2589	1.2721	1.4117	2.2769	0.9406	0.9607	0	1.3641	0.9443	0.9378	1.2694	0.9377	1.6762	0.9406	0.9561	11.0394	1.1795	0.9377	1.3887	1.1974	0.9374	0.9386	1.3993	3.7045	2.6913	0.9377	0.9373	0.9374	0.9438	0.9518	8.4471	5.3465	1.2412	0.9428	0.9406	0.9377	1.0427	0.9433	0.9377	0.9373	0.9391	7.0052	0.938	1.0511	1.2234	5.9637	0.986	0.9385	1.6551	1.014	2.6741	2.2454	0.9371	0.9919	0.9372	1.6342	0.9391	7.8984	8.5658	0.9421
  M	0.9639	0.9638	0.9614	0.9639	0.9635	0.9633	0.9627	0.9637	0.9339	0.9639	0.962	1.3641	0	0.9639	0.9638	0.9636	0.9638	0.9536	0.9639	0.9635	0.9564	0.9643	0.9638	0.9638	0.9627	0.9638	0.9639	0.9597	0.9609	0.9639	0.9638	0.9638	0.9639	0.9638	0.9614	0.9651	1.9355	0.9646	0.9639	0.9639	0.9638	0.964	0.9639	0.9638	0.9638	0.9639	0.9586	0.9638	0.9637	0.964	0.9669	0.9611	0.9639	0.9644	0.964	0.9632	0.9581	0.9638	0.964	0.9639	0.9631	0.9639	0.8835	0.9553	0.9637
  N	0.9641	0.9641	0.9618	0.9648	0.9637	0.9685	0.9634	0.964	1.0364	0.964	0.9625	0.9443	0.9639	0	0.9641	0.9644	0.9641	1.6734	0.9641	0.9636	1.0495	0.9647	0.964	0.964	0.9628	0.9641	0.9641	0.9623	0.9616	0.9642	0.9641	0.964	0.9641	0.9646	0.962	0.9586	1.0323	0.9646	0.9641	0.9641	0.9641	0.9641	0.9641	0.964	0.964	0.9641	0.9942	0.964	0.964	0.9641	0.9576	0.9635	0.9641	0.9643	0.9642	0.9636	1.0121	0.9641	0.9644	0.9641	0.9667	0.9641	1.3669	0.9565	0.9639
  O	0.964	0.9639	0.9609	0.964	1.1245	0.963	0.9627	0.9638	0.9328	0.964	0.962	0.9378	0.9638	0.9641	0	0.9637	0.964	0.9532	0.964	0.9635	0.9557	0.9643	0.9639	0.964	0.9626	0.964	0.964	0.9594	0.9606	0.9639	0.964	0.964	0.964	0.9639	0.9614	0.9577	1.43	0.9645	0.964	0.964	0.964	0.9641	0.964	0.9639	0.964	0.964	1.3072	0.964	0.9637	0.9641	0.9563	0.9611	0.964	0.9643	0.9641	0.9631	0.9579	0.964	0.9641	0.964	0.9631	0.964	0.8799	0.9546	0.9638
  P	0.9639	0.9639	0.9661	0.9638	0.9634	1.0946	0.9638	0.9637	1.2001	0.9638	0.963	1.2694	0.9636	0.9644	0.9637	0	0.9637	1.9146	0.9638	0.964	1.6194	0.9642	0.9637	0.9637	0.9628	0.9637	0.9639	0.9617	1.2306	0.964	0.9637	0.9637	0.9637	1.0191	0.9632	0.9593	1.5881	0.9646	0.9639	0.9638	0.9637	0.9638	0.9639	0.9637	0.9637	1.2414	0.9603	0.9638	0.964	0.964	0.9591	0.9618	0.9638	0.9644	0.9643	0.964	0.96	1.0217	0.964	0.9637	2.9366	0.9638	2.3182	0.9577	0.9636
  Q	0.964	0.9639	0.961	0.964	0.9636	0.963	0.963	0.9638	0.9331	0.964	0.962	0.9377	0.9638	0.9641	0.964	0.9637	0	0.9535	0.964	0.9635	0.9557	0.9643	0.9639	0.964	0.9626	0.9639	0.964	0.9594	0.9608	0.9642	0.964	0.964	0.964	0.9639	0.9615	0.9575	1.4282	0.9645	0.964	0.964	0.964	0.9641	0.9639	0.9639	0.9639	0.964	2.3966	0.9639	0.9637	0.964	0.9563	0.9611	0.964	0.9643	0.9641	0.9631	0.958	0.964	0.9643	0.964	0.963	0.964	0.88	0.9546	0.9638
  R	0.9542	0.956	0.9944	3.3431	0.9545	4.5735	1.3261	0.954	1.1785	0.9545	0.9586	1.6762	0.9536	1.6734	0.9532	1.9146	0.9535	0	0.9545	0.9608	1.2165	2.343	0.9532	0.954	0.9533	0.9532	0.9536	6.1064	0.9605	1.0958	0.9532	0.953	0.9533	0.9556	0.9579	0.9642	6.2672	0.9554	0.9554	0.9545	0.9532	0.9536	0.9556	0.9532	0.953	0.9539	1.4648	0.9533	0.9574	0.9745	1.0134	7.2296	0.9533	0.9608	0.9564	0.9581	1.2985	0.953	1.1571	0.953	1.9662	0.9539	2.1666	0.9539	0.9539
  S	0.9641	0.964	0.9613	0.964	0.9635	0.9632	0.9629	0.9639	0.9365	0.964	0.9623	0.9406	0.9639	0.9641	0.964	0.9638	0.964	0.9545	0	0.9636	0.9568	0.9643	0.964	0.9639	0.9627	0.964	0.9641	0.9599	0.9611	0.964	0.964	0.964	0.964	0.9639	0.9617	0.9582	0.9545	0.9644	0.964	0.964	0.964	0.964	0.964	0.964	0.964	0.964	0.9582	0.964	0.9638	0.964	0.9572	0.9615	0.964	0.9643	0.9641	0.9633	0.9586	0.964	0.9641	0.964	0.9631	0.9641	1.3344	0.9557	0.9638
  T	0.9638	0.9637	1.0378	0.9635	0.9633	0.9636	0.9639	0.9636	1.0045	0.9636	0.9654	0.9561	0.9635	0.9636	0.9635	0.964	0.9635	0.9608	0.9636	0	0.9634	0.9639	0.9635	0.9635	0.963	0.9635	0.9636	0.9623	0.9636	0.9637	0.9635	0.9635	0.9635	0.9636	0.989	0.9617	0.9609	0.9639	0.964	0.9636	0.9635	0.9635	1.2108	0.9635	0.9635	0.9636	0.9624	0.9635	0.9937	0.9636	0.9618	0.9626	0.9635	0.9638	0.9637	0.9647	0.9622	0.9635	0.9637	0.9635	0.9636	0.9637	10.7244	0.9611	0.9636
  U	0.9568	0.9582	2.1344	0.9566	0.9577	0.9639	0.9633	0.9566	1.3074	0.9568	1.0625	11.0394	0.9564	1.0495	0.9557	1.6194	0.9557	1.2165	0.9568	0.9634	0	0.9585	0.9557	0.9559	0.9595	0.9556	0.956	1.4263	1.3222	0.9576	0.9557	0.9555	0.9556	3.4149	0.9831	0.9594	10.1974	1.4342	0.9576	0.9568	0.9557	0.9565	0.9578	0.9557	0.9555	0.9563	0.9777	0.9557	1.4357	0.9596	0.9884	0.9566	1.0433	0.9603	0.9578	1.4188	1.2791	0.9555	0.9572	0.9555	0.9673	0.9562	5.546	3.2607	0.9561
  V	0.9643	0.9642	0.9635	0.9644	0.9641	1.014	1.1538	0.9643	0.937	0.9642	0.9625	1.1795	0.9643	0.9647	0.9643	0.9642	0.9643	2.343	0.9643	0.9639	0.9585	0	0.9642	0.9643	0.9631	0.9642	0.9644	0.9606	0.9618	0.9648	0.9643	0.9643	0.9643	0.9642	0.962	0.96	0.9812	0.9652	0.9643	0.9643	0.9643	0.9643	0.969	0.9643	0.9642	0.9643	0.9598	0.9645	1.0511	0.9644	0.9583	0.9621	0.9643	1.2225	0.9644	0.9639	0.9592	0.9643	0.9646	0.9643	0.9637	0.9643	1.2154	0.9571	0.9641
  W	0.964	0.9639	0.9609	0.964	0.9634	0.963	0.9627	0.9638	0.9329	0.9639	0.9619	0.9377	0.9638	0.964	0.9639	0.9637	0.9639	0.9532	0.964	0.9635	0.9557	0.9642	0	0.9639	0.9625	0.9639	0.964	0.9594	0.9606	0.9639	0.9639	0.9639	0.9639	0.9639	0.9614	0.9575	1.4297	0.9644	0.964	0.964	0.9639	0.964	0.9639	0.9639	0.9639	0.964	0.9573	0.9639	0.9637	0.964	0.9563	0.9611	0.964	0.9643	0.964	0.9631	0.9578	0.9639	0.9641	0.9639	0.9629	0.964	0.8802	0.9545	0.9637
  X	0.964	0.9639	0.9617	0.964	1.2638	0.9635	0.9634	0.9638	0.9338	0.9639	0.962	1.3887	0.9638	0.964	0.964	0.9637	0.964	0.954	0.9639	0.9635	0.9559	0.9643	0.9639	0	0.9626	0.9639	0.964	0.9595	0.9609	0.964	0.9639	0.9639	0.9639	0.9639	0.9615	0.9582	1.0008	0.9647	0.964	0.9639	0.9639	0.964	0.9639	0.9639	0.9639	0.9639	2.1018	0.9639	0.9637	0.964	0.9566	0.9611	0.9639	0.9644	0.964	0.9632	0.9582	0.9639	0.9642	0.9639	0.963	0.964	0.9022	0.9549	0.9637
  Y	0.9627	0.9628	0.9611	0.9626	0.9626	0.9625	0.9623	0.9626	0.9331	0.9627	0.9613	1.1974	0.9627	0.9628	0.9626	0.9628	0.9626	0.9533	0.9627	0.963	0.9595	0.9631	0.9625	0.9626	0	0.9625	0.9626	0.9588	1.1568	0.963	0.9626	0.9625	0.9625	0.9629	0.9608	1.0246	1.2041	0.9636	0.9629	0.9627	0.9626	0.9627	0.9628	0.9626	0.9625	0.9626	1.0967	0.9625	0.9629	0.963	0.9569	0.9598	0.9626	0.9634	0.9629	0.9629	0.9574	0.9625	0.9628	0.9625	0.9625	0.9626	0.8829	1.033	0.9625
  Z	0.964	0.9639	0.9609	0.964	0.9635	0.963	0.9628	0.9638	0.9328	0.964	0.9619	0.9374	0.9638	0.9641	0.964	0.9637	0.9639	0.9532	0.964	0.9635	0.9556	0.9642	0.9639	0.9639	0.9625	0	0.964	0.9593	0.9606	0.964	0.964	0.964	0.964	0.9639	0.9614	0.9574	0.9532	0.9645	0.964	0.964	0.964	0.964	0.9639	0.9639	0.9639	0.964	1.4359	0.9639	0.9637	0.964	0.9562	0.9611	0.964	0.9643	0.9641	0.9631	0.9579	0.964	0.9642	0.964	0.9629	0.964	0.8797	0.9545	0.9638
  [	0.9641	0.964	0.9611	0.9641	0.9635	0.9631	0.9628	0.9639	0.934	0.9641	0.9622	0.9386	0.9639	0.9641	0.964	0.9639	0.964	0.9536	0.9641	0.9636	0.956	0.9644	0.964	0.964	0.9626	0.964	0	0.9596	0.9608	0.964	0.964	0.9641	0.9641	0.9639	0.9616	0.9577	0.9537	0.9645	0.9641	0.9641	0.964	0.9641	0.964	0.964	0.964	0.9641	0.9576	1.1109	0.9638	0.9641	0.9566	0.9613	0.9641	1.1395	0.9642	0.9632	0.9581	0.9641	0.9642	0.9641	1.1623	0.9641	1.0301	0.9549	0.9639
  \	0.9598	0.9605	0.961	1.2403	0.9597	1.4221	0.9704	0.9596	0.9379	0.9599	1.1754	1.3993	0.9597	0.9623	0.9594	0.9617	0.9594	6.1064	0.9599	0.9623	1.4263	0.9606	0.9594	0.9595	0.9588	0.9593	0.9596	0	0.9603	0.9606	0.9594	0.9593	0.9593	0.9743	0.9597	0.9626	3.9936	0.9612	0.9603	0.9599	0.9594	0.9597	0.9604	0.9594	0.9601	0.9596	0.9604	0.9594	0.9611	0.9734	0.9948	1.1377	0.9595	0.9637	1.1661	0.961	0.9572	0.9593	0.9601	0.9593	1.6679	0.9597	1.2188	0.9543	1.2792
  ]	1.1024	0.9618	1.6484	0.9608	0.9615	0.9619	1.4178	0.9612	2.2207	0.9611	0.9634	3.7045	0.9609	0.9616	0.9606	1.2306	0.9608	0.9605	0.9611	0.9636	1.3222	0.9618	0.9606	0.9609	1.1568	0.9606	0.9608	0.9603	0	1.0279	0.9606	1.4408	0.9606	0.9615	0.9622	1.0518	1.9528	0.9632	0.9615	0.9611	0.9606	0.9608	0.9616	0.9606	0.9606	0.9609	3.6952	0.9607	0.9627	0.9618	1.9189	0.9595	0.9607	0.9626	0.9632	2.0191	1.1276	0.9606	1.3045	0.9605	1.4786	0.9613	5.5208	3.9097	0.9608
  ^	0.964	0.964	0.9642	0.9642	0.964	0.9668	0.9777	0.9638	0.9365	0.964	0.9623	2.6913	0.9639	0.9642	0.9639	0.964	0.9642	1.0958	0.964	0.9637	0.9576	0.9648	0.9639	0.964	0.963	0.964	0.964	0.9606	1.0279	0	0.9639	0.964	0.964	0.9639	0.9618	0.9597	1.2083	0.9654	0.964	0.964	0.9639	0.9641	0.964	0.9639	0.9639	0.964	1.2767	0.964	0.9638	0.9642	0.9579	0.9617	0.964	0.9649	0.9642	0.9638	0.9588	0.964	0.9644	0.964	1.9163	0.964	0.9319	0.9565	0.9639
  _	0.964	0.9639	0.9632	0.964	0.9635	0.963	0.9627	0.9639	0.9329	0.964	0.962	0.9377	0.9638	0.9641	0.964	0.9637	0.964	0.9532	0.964	0.9635	0.9557	0.9643	0.9639	0.9639	0.9626	0.964	0.964	0.9594	0.9606	0.9639	0	0.964	0.964	0.9639	0.9614	0.9575	1.4271	0.9645	0.964	0.964	0.964	0.9641	0.964	0.964	0.964	0.964	0.9573	0.964	0.9637	0.9641	0.9563	0.9612	0.964	0.9643	0.9641	0.9631	0.9579	0.964	0.9641	0.964	0.963	0.964	0.8807	0.9546	0.9638
  `	0.9641	0.9639	0.9609	0.964	0.9634	0.963	0.9627	0.9639	0.9325	0.964	0.9619	0.9373	0.9638	0.964	0.964	0.9637	0.964	0.953	0.964	0.9635	0.9555	0.9643	0.9639	0.9639	0.9625	0.964	0.9641	0.9593	1.4408	0.964	0.964	0	0.964	0.9639	0.9614	0.9574	0.9531	0.9645	0.964	0.964	0.964	0.964	0.964	0.964	0.964	0.964	0.9573	0.964	0.9637	0.964	0.9562	0.9611	0.964	0.9643	0.9641	0.9631	0.9578	0.964	0.9642	0.964	0.9629	0.964	0.8792	0.9544	0.9638
  a	0.9641	0.9639	0.9609	0.964	0.9635	0.963	0.9628	0.9639	0.9328	0.964	0.962	0.9374	0.9639	0.9641	0.964	0.9637	0.964	0.9533	0.964	0.9635	0.9556	0.9643	0.9639	0.9639	0.9625	0.964	0.9641	0.9593	0.9606	0.964	0.964	0.964	0	0.9639	0.9614	0.9574	0.9532	0.9645	0.964	0.964	0.964	0.964	0.964	0.964	0.964	0.964	1.4364	0.964	0.9637	0.964	0.9562	0.9612	0.964	0.9643	0.9641	0.9631	0.9579	0.964	0.9642	0.964	0.9629	0.9641	0.8797	0.9545	0.9638
  b	0.964	0.9639	0.9732	0.9639	0.9636	0.9634	0.963	0.9638	0.9922	0.9639	0.9625	0.9438	0.9638	0.9646	0.9639	1.0191	0.9639	0.9556	0.9639	0.9636	3.4149	0.9642	0.9639	0.9639	0.9629	0.9639	0.9639	0.9743	0.9615	0.9639	0.9639	0.9639	0.9639	0	0.9619	0.9586	3.126	0.9647	0.964	0.9639	0.9639	0.9641	0.9639	0.9639	0.9639	0.9639	0.959	0.9639	0.964	1.3379	0.9576	0.9615	1.0598	0.9643	0.964	0.9643	0.9593	0.9639	0.964	0.9639	0.9635	0.964	1.4176	1.1105	0.9638
  c	0.9618	0.9623	0.9621	0.9615	0.9614	0.9627	0.9905	0.9616	2.3226	0.9617	0.9625	0.9518	0.9614	0.962	0.9614	0.9632	0.9615	0.9579	0.9617	0.989	0.9831	0.962	0.9614	0.9615	0.9608	0.9614	0.9616	0.9597	0.9622	0.9618	0.9614	0.9614	0.9614	0.9619	0	0.9596	0.9591	0.962	0.962	0.9617	0.9614	0.9615	0.9769	0.9614	0.9614	0.9616	0.988	0.9614	1.1022	0.962	0.9604	0.9602	0.9614	0.9624	0.962	0.9646	1.055	0.9614	0.9617	0.9614	0.9623	0.9617	4.9111	0.9584	0.9615
  d	0.9581	0.9591	0.963	0.9578	2.4773	1.39	0.9622	1.4372	0.9457	0.9582	0.9599	8.4471	0.9651	0.9586	0.9577	0.9593	0.9575	0.9642	0.9582	0.9617	0.9594	0.96	0.9575	0.9582	1.0246	0.9574	0.9577	0.9626	1.0518	0.9597	0.9575	0.9574	0.9574	0.9586	0.9596	0	1.6658	0.9612	0.9587	0.9582	0.9575	1.0615	0.9588	0.9575	0.9573	0.9578	6.6947	0.9575	0.9599	0.9834	2.677	0.9562	0.9576	1.0241	0.9589	2.3989	1.4385	0.9573	0.9584	0.9573	0.9608	0.9578	0.9216	4.6621	0.9577
  e	0.9547	0.9561	4.9251	0.9539	1.2312	4.7145	0.9637	0.9544	0.9622	0.9544	0.9607	5.3465	1.9355	1.0323	1.43	1.5881	1.4282	6.2672	0.9545	0.9609	10.1974	0.9812	1.4297	1.0008	1.2041	0.9532	0.9537	3.9936	1.9528	1.2083	1.4271	0.9531	0.9532	3.126	0.9591	1.6658	0	1.9527	0.9561	0.9544	1.4298	1.2025	0.9565	1.4285	0.9531	0.9539	10.9103	0.9534	1.2913	1.259	1.7181	0.9544	1.1963	1.008	0.9558	0.9674	1.4293	0.9531	0.9662	0.953	2.6036	0.9539	13.0109	1.9286	1.431
  f	0.9645	0.9643	1.1335	0.9646	0.9646	0.9641	0.9636	0.9646	0.9369	0.9644	0.9627	1.2412	0.9646	0.9646	0.9645	0.9646	0.9645	0.9554	0.9644	0.9639	1.4342	0.9652	0.9644	0.9647	0.9636	0.9645	0.9645	0.9612	0.9632	0.9654	0.9645	0.9645	0.9645	0.9647	0.962	0.9612	1.9527	0	0.9647	0.9644	0.9645	0.9646	0.9645	0.9645	0.9645	0.9645	0.9604	0.9645	0.9649	0.9647	0.959	0.962	0.9645	0.9651	0.9646	0.9646	0.9596	0.9645	0.9647	0.9645	1.1204	0.9645	1.2488	0.9586	0.9644
  g	0.9641	0.964	0.9667	0.9641	0.9636	0.9633	0.9632	0.9639	0.9391	0.964	0.9625	0.9428	0.9639	0.9641	0.964	0.9639	0.964	0.9554	0.964	0.964	0.9576	0.9643	0.964	0.964	0.9629	0.964	0.9641	0.9603	0.9615	0.964	0.964	0.964	0.964	0.964	0.962	0.9587	0.9561	0.9647	0	0.964	0.964	0.9641	1.1674	0.964	0.964	0.9641	0.9588	0.964	0.9644	0.9641	0.9579	0.9617	0.9641	0.9644	0.9641	0.9635	0.9592	0.964	0.9642	0.964	0.9633	0.9641	1.7105	0.9564	0.9639
  h	0.9641	0.964	0.9613	0.964	0.9635	0.9632	0.9629	0.9639	0.9364	0.964	0.9623	0.9406	0.9639	0.9641	0.964	0.9638	0.964	0.9545	0.964	0.9636	0.9568	0.9643	0.964	0.9639	0.9627	0.964	0.9641	0.9599	0.9611	0.964	0.964	0.964	0.964	0.9639	0.9617	0.9582	0.9544	0.9644	0.964	0	0.964	0.964	0.964	0.964	0.964	0.964	0.9581	0.964	0.9638	0.964	0.9572	0.9615	0.964	0.9643	0.9641	0.9633	0.9586	0.964	0.9641	0.964	0.9631	0.9641	1.3336	0.9557	0.9638
  i	0.964	0.9639	0.9609	0.964	0.9635	0.963	0.9627	0.9639	0.9329	0.964	0.962	0.9377	0.9638	0.9641	0.964	0.9637	0.964	0.9532	0.964	0.9635	0.9557	0.9643	0.9639	0.9639	0.9626	0.964	0.964	0.9594	0.9606	0.9639	0.964	0.964	0.964	0.9639	0.9614	0.9575	1.4298	0.9645	0.964	0.964	0	0.9641	0.964	0.964	0.964	0.964	0.9573	0.964	0.9637	0.9641	0.9563	0.9612	0.964	0.9643	0.9641	0.9631	0.9579	0.964	0.9641	0.964	0.963	0.964	0.8802	0.9546	0.9638
  j	0.9641	0.964	0.9612	0.9641	0.9996	0.9635	0.9627	0.964	0.9331	0.964	0.962	1.0427	0.964	0.9641	0.9641	0.9638	0.9641	0.9536	0.964	0.9635	0.9565	0.9643	0.964	0.964	0.9627	0.964	0.9641	0.9597	0.9608	0.9641	0.9641	0.964	0.964	0.9641	0.9615	1.0615	1.2025	0.9646	0.9641	0.964	0.9641	0	0.964	0.964	0.964	0.9641	0.9653	0.964	0.9638	0.9641	0.9566	0.9612	0.9641	0.9644	0.9641	0.9633	0.958	0.964	0.9642	0.964	0.9631	0.9641	0.881	0.9559	0.9639
  k	0.9641	0.964	0.9623	0.964	0.9636	0.9633	0.9644	0.9639	1.0053	0.964	0.9626	0.9433	0.9639	0.9641	0.964	0.9639	0.9639	0.9556	0.964	1.2108	0.9578	0.969	0.9639	0.9639	0.9628	0.9639	0.964	0.9604	0.9616	0.964	0.964	0.964	0.964	0.9639	0.9769	0.9588	0.9565	0.9645	1.1674	0.964	0.964	0.964	0	0.9639	0.9639	0.964	0.959	0.964	0.9808	0.9641	0.9585	0.9617	0.964	0.9644	0.9641	0.9635	0.9593	0.964	0.9641	0.964	0.9633	0.9641	1.8241	0.9566	0.9638
  l	0.964	0.9639	0.9609	0.964	0.9635	0.963	0.9627	0.9638	0.9329	0.964	0.962	0.9377	0.9638	0.964	0.9639	0.9637	0.9639	0.9532	0.964	0.9635	0.9557	0.9643	0.9639	0.9639	0.9626	0.9639	0.964	0.9594	0.9606	0.9639	0.964	0.964	0.964	0.9639	0.9614	0.9575	1.4285	0.9645	0.964	0.964	0.964	0.964	0.9639	0	0.9639	0.964	0.9573	0.9639	0.9637	0.964	0.9563	0.9611	0.964	0.9643	0.9641	0.9631	0.9579	0.964	0.9641	0.964	0.963	0.964	0.8813	0.9545	0.9638
  m	0.964	0.9639	0.9608	0.965	0.9634	0.963	0.9626	0.9638	0.9323	0.964	0.9619	0.9373	0.9638	0.964	0.964	0.9637	0.9639	0.953	0.964	0.9635	0.9555	0.9642	0.9639	0.9639	0.9625	0.9639	0.964	0.9601	0.9606	0.9639	0.964	0.964	0.964	0.9639	0.9614	0.9573	0.9531	0.9645	0.964	0.964	0.964	0.964	0.9639	0.9639	0	0.964	0.9572	0.964	0.9637	0.964	0.9561	0.9611	0.964	0.9643	0.968	0.9631	0.9577	0.964	0.9641	0.964	1.4564	0.964	0.8788	0.9543	0.9638
  n	0.9641	0.964	0.9612	0.9641	0.9635	0.9632	0.9628	0.9639	0.9349	0.964	0.9622	0.9391	0.9639	0.9641	0.964	1.2414	0.964	0.9539	0.964	0.9636	0.9563	0.9643	0.964	0.9639	0.9626	0.964	0.9641	0.9596	0.9609	0.964	0.964	0.964	0.964	0.9639	0.9616	0.9578	0.9539	0.9645	0.9641	0.964	0.964	0.9641	0.964	0.964	0.964	0	0.9577	0.964	0.9638	0.9641	0.9568	0.9613	0.9641	0.9643	0.9642	0.9633	0.9583	0.964	0.9641	0.964	0.9632	0.9641	1.1106	0.9551	0.9638
  o	0.9584	0.9592	1.0291	0.9583	3.6142	2.1449	1.0876	0.958	1.4804	0.9581	0.9609	7.0052	0.9586	0.9942	1.3072	0.9603	2.3966	1.4648	0.9582	0.9624	0.9777	0.9598	0.9573	2.1018	1.0967	1.4359	0.9576	0.9604	3.6952	1.2767	0.9573	0.9573	1.4364	0.959	0.988	6.6947	10.9103	0.9604	0.9588	0.9581	0.9573	0.9653	0.959	0.9573	0.9572	0.9577	0	0.9573	1.0134	0.9615	2.3498	0.9582	0.9575	0.9625	0.9589	2.3918	1.0379	0.9572	1.3389	0.9573	1.0422	0.9578	2.9291	2.5574	1.4385
  p	0.964	0.9639	0.961	0.964	0.9634	0.963	0.9627	0.9638	0.9331	0.964	0.962	0.938	0.9638	0.964	0.964	0.9638	0.9639	0.9533	0.964	0.9635	0.9557	0.9645	0.9639	0.9639	0.9625	0.9639	1.1109	0.9594	0.9607	0.964	0.964	0.964	0.964	0.9639	0.9614	0.9575	0.9534	0.9645	0.964	0.964	0.964	0.964	0.964	0.9639	0.964	0.964	0.9573	0	0.9637	0.964	0.9563	0.9612	0.964	1.5507	0.9641	0.9631	0.9579	0.964	0.9641	0.964	1.3498	0.964	0.9431	0.9546	0.9638
  q	0.9639	0.9639	1.2569	0.9638	0.9635	0.9635	1.3705	0.9637	0.9476	0.9638	0.9633	1.0511	0.9637	0.964	0.9637	0.964	0.9637	0.9574	0.9638	0.9937	1.4357	1.0511	0.9637	0.9637	0.9629	0.9637	0.9638	0.9611	0.9627	0.9638	0.9637	0.9637	0.9637	0.964	1.1022	0.9599	1.2913	0.9649	0.9644	0.9638	0.9637	0.9638	0.9808	0.9637	0.9637	0.9638	1.0134	0.9637	0	0.964	1.1233	0.9619	0.9638	0.9644	0.964	0.9904	0.964	0.9637	0.9639	0.9637	0.9636	0.9639	2.8157	0.9586	0.9637
  r	0.9641	0.964	0.9671	0.9641	0.9638	0.9638	0.9632	0.964	0.9396	0.964	0.9626	1.2234	0.964	0.9641	0.9641	0.964	0.964	0.9745	0.964	0.9636	0.9596	0.9644	0.964	0.964	0.963	0.964	0.9641	0.9734	0.9618	0.9642	0.9641	0.964	0.964	1.3379	0.962	0.9834	1.259	0.9647	0.9641	0.964	0.9641	0.9641	0.9641	0.964	0.964	0.9641	0.9615	0.964	0.964	0	1.0083	0.962	0.9641	0.9696	0.9641	0.9638	0.9594	0.964	0.9642	0.964	0.9634	0.9641	1.799	0.9576	0.964
  s	0.9577	0.9583	1.1045	0.9566	0.9571	0.9584	1.0468	0.9571	1.4772	0.9574	0.9781	5.9637	0.9669	0.9576	0.9563	0.9591	0.9563	1.0134	0.9572	0.9618	0.9884	0.9583	0.9563	0.9566	0.9569	0.9562	0.9566	0.9948	1.9189	0.9579	0.9563	0.9562	0.9562	0.9576	0.9604	2.677	1.7181	0.959	0.9579	0.9572	0.9563	0.9566	0.9585	0.9563	0.9561	0.9568	2.3498	0.9563	1.1233	1.0083	0	0.956	0.9563	0.9804	0.958	2.1315	0.9592	0.9561	0.9574	0.9561	0.9606	0.9569	12.5003	1.6389	0.9567
  t	0.9615	0.9618	0.9601	0.9616	0.9608	1.5489	0.9624	0.9613	0.9344	0.9615	0.9608	0.986	0.9611	0.9635	0.9611	0.9618	0.9611	7.2296	0.9615	0.9626	0.9566	0.9621	0.9611	0.9611	0.9598	0.9611	0.9613	1.1377	0.9595	0.9617	0.9612	0.9611	0.9612	0.9615	0.9602	0.9562	0.9544	0.962	0.9617	0.9615	0.9612	0.9612	0.9617	0.9611	0.9611	0.9613	0.9582	0.9612	0.9619	0.962	0.956	0	0.9612	0.9623	0.9618	0.9615	0.957	0.9611	0.962	0.9611	0.9622	0.9614	0.8829	0.9533	0.9611
  u	0.9641	0.964	0.9611	0.9641	0.9635	0.9631	0.9627	0.9639	0.9329	0.964	0.962	0.9385	0.9639	0.9641	0.964	0.9638	0.964	0.9533	0.964	0.9635	1.0433	0.9643	0.964	0.9639	0.9626	0.964	0.9641	0.9595	0.9607	0.964	0.964	0.964	0.964	1.0598	0.9614	0.9576	1.1963	0.9645	0.9641	0.964	0.964	0.9641	0.964	0.964	0.964	0.9641	0.9575	0.964	0.9638	0.9641	0.9563	0.9612	0	0.9643	0.9641	0.9632	0.9579	0.964	0.9642	0.964	0.963	0.9641	0.8804	1.1205	0.9638
  v	0.9644	0.9642	0.9628	0.9644	0.9643	0.9641	0.9636	0.9644	0.9419	0.9643	0.963	1.6551	0.9644	0.9643	0.9643	0.9644	0.9643	0.9608	0.9643	0.9638	0.9603	1.2225	0.9643	0.9644	0.9634	0.9643	1.1395	0.9637	0.9626	0.9649	0.9643	0.9643	0.9643	0.9643	0.9624	1.0241	1.008	0.9651	0.9644	0.9643	0.9643	0.9644	0.9644	0.9643	0.9643	0.9643	0.9625	1.5507	0.9644	0.9696	0.9804	0.9623	0.9643	0	0.9644	0.9644	0.9603	0.9643	0.9645	0.9643	1.064	0.9644	2.1977	0.9598	0.9642
  w	0.9651	0.9641	0.9618	1.2201	0.9637	0.9634	1.0103	0.964	0.9394	0.9641	0.9632	1.014	0.964	0.9642	0.9641	0.9643	0.9641	0.9564	0.9641	0.9637	0.9578	0.9644	0.964	0.964	0.9629	0.9641	0.9642	1.1661	0.9632	0.9642	0.9641	0.9641	0.9641	0.964	0.962	0.9589	0.9558	0.9646	0.9641	0.9641	0.9641	0.9641	0.9641	0.9641	0.968	0.9642	0.9589	0.9641	0.964	0.9641	0.958	0.9618	0.9641	0.9644	0	0.9636	0.9592	0.9641	0.9642	0.9641	1.823	1.1034	1.747	0.9566	0.964
  x	0.9636	0.9636	0.9873	0.9632	0.9638	0.9634	0.9645	0.9635	0.9636	0.9633	0.9636	2.6741	0.9632	0.9636	0.9631	0.964	0.9631	0.9581	0.9633	0.9647	1.4188	0.9639	0.9631	0.9632	0.9629	0.9631	0.9632	0.961	2.0191	0.9638	0.9631	0.9631	0.9631	0.9643	0.9646	2.3989	0.9674	0.9646	0.9635	0.9633	0.9631	0.9633	0.9635	0.9631	0.9631	0.9633	2.3918	0.9631	0.9904	0.9638	2.1315	0.9615	0.9632	0.9644	0.9636	0	0.9961	0.9631	0.9638	0.9631	0.964	0.9633	2.8408	3.7426	0.9631
  y	0.9586	1.0437	0.9616	0.9582	0.9583	0.9668	1.0466	0.9584	2.1885	0.9586	0.9606	2.2454	0.9581	1.0121	0.9579	0.96	0.958	1.2985	0.9586	0.9622	1.2791	0.9592	0.9578	0.9582	0.9574	0.9579	0.9581	0.9572	1.1276	0.9588	0.9579	0.9578	0.9579	0.9593	1.055	1.4385	1.4293	0.9596	0.9592	0.9586	0.9579	0.958	0.9593	0.9579	0.9577	0.9583	1.0379	0.9579	0.964	0.9594	0.9592	0.957	0.9579	0.9603	0.9592	0.9961	0	0.9578	0.9584	0.9578	0.9677	0.9583	2.995	1.078	0.9581
  z	0.964	0.9639	0.9609	0.9641	0.9634	0.963	0.9627	0.9639	0.9324	0.964	0.9619	0.9371	0.9638	0.9641	0.964	1.0217	0.964	0.953	0.964	0.9635	0.9555	0.9643	0.9639	0.9639	0.9625	0.964	0.9641	0.9593	0.9606	0.964	0.964	0.964	0.964	0.9639	0.9614	0.9573	0.9531	0.9645	0.964	0.964	0.964	0.964	0.964	0.964	0.964	0.964	0.9572	0.964	0.9637	0.964	0.9561	0.9611	0.964	0.9643	0.9641	0.9631	0.9578	0	0.9641	0.964	1.3931	0.9641	0.8788	0.9544	0.9638
  {	0.9642	0.9641	0.9617	0.9644	0.9639	0.9642	0.9632	0.964	0.9375	0.9641	0.9622	0.9919	0.964	0.9644	0.9641	0.964	0.9643	1.1571	0.9641	0.9637	0.9572	0.9646	0.9641	0.9642	0.9628	0.9642	0.9642	0.9601	1.3045	0.9644	0.9641	0.9642	0.9642	0.964	0.9617	0.9584	0.9662	0.9647	0.9642	0.9641	0.9641	0.9642	0.9641	0.9641	0.9641	0.9641	1.3389	0.9641	0.9639	0.9642	0.9574	0.962	0.9642	0.9645	0.9642	0.9638	0.9584	0.9641	0	0.9641	0.9634	0.9642	0.9517	0.9565	0.964
  |	0.9641	0.9639	0.9609	0.964	0.9634	0.963	1.444	0.9639	0.9324	0.964	0.962	0.9372	0.9639	0.9641	0.964	0.9637	0.964	0.953	0.964	0.9635	0.9555	0.9643	0.9639	0.9639	0.9625	0.964	0.9641	0.9593	0.9605	0.964	0.964	0.964	0.964	0.9639	0.9614	0.9573	0.953	0.9645	0.964	0.964	0.964	0.964	0.964	0.964	0.964	0.964	0.9573	0.964	0.9637	0.964	0.9561	0.9611	0.964	0.9643	0.9641	0.9631	0.9578	0.964	0.9641	0	0.9629	0.9641	0.8789	0.9544	0.9638
  }	0.9633	0.9633	0.9665	1.1055	0.9631	1.0772	0.9876	0.963	0.9482	0.963	1.5808	1.6342	0.9631	0.9667	0.9631	2.9366	0.963	1.9662	0.9631	0.9636	0.9673	0.9637	0.9629	0.963	0.9625	0.9629	1.1623	1.6679	1.4786	1.9163	0.963	0.9629	0.9629	0.9635	0.9623	0.9608	2.6036	1.1204	0.9633	0.9631	0.963	0.9631	0.9633	0.963	1.4564	0.9632	1.0422	1.3498	0.9636	0.9634	0.9606	0.9622	0.963	1.064	1.823	0.964	0.9677	1.3931	0.9634	0.9629	0	0.9631	4.1993	0.9598	0.9632
  ~	0.9642	0.964	0.9613	0.9641	0.9635	0.9632	1.2937	0.9639	0.9354	0.9641	0.9623	0.9391	0.9639	0.9641	0.964	0.9638	0.964	0.9539	0.9641	0.9637	0.9562	0.9643	0.964	0.964	0.9626	0.964	0.9641	0.9597	0.9613	0.964	0.964	0.964	0.9641	0.964	0.9617	0.9578	0.9539	0.9645	0.9641	0.9641	0.964	0.9641	0.9641	0.964	0.964	0.9641	0.9578	0.964	0.9639	0.9641	0.9569	0.9614	0.9641	0.9644	1.1034	0.9633	0.9583	0.9641	0.9642	0.9641	0.9631	0	1.0826	0.9551	0.9639
  	1.2162	1.9809	6.5978	0.8821	0.8842	1.3326	8.2097	0.9581	71.7399	1.3331	5.3491	7.8984	0.8835	1.3669	0.8799	2.3182	0.88	2.1666	1.3344	10.7244	5.546	1.2154	0.8802	0.9022	0.8829	0.8797	1.0301	1.2188	5.5208	0.9319	0.8807	0.8792	0.8797	1.4176	4.9111	0.9216	13.0109	1.2488	1.7105	1.3336	0.8802	0.881	1.8241	0.8813	0.8788	1.1106	2.9291	0.9431	2.8157	1.799	12.5003	0.8829	0.8804	2.1977	1.747	2.8408	2.995	0.8788	0.9517	0.8789	4.1993	1.0826	0	2.1959	1.0094
  	0.9558	0.957	0.9626	0.9549	1.4339	0.9564	0.9609	1.9008	1.5542	0.9556	0.959	8.5658	0.9553	0.9565	0.9546	0.9577	0.9546	0.9539	0.9557	0.9611	3.2607	0.9571	0.9545	0.9549	1.033	0.9545	0.9549	0.9543	3.9097	0.9565	0.9546	0.9544	0.9545	1.1105	0.9584	4.6621	1.9286	0.9586	0.9564	0.9557	0.9546	0.9559	0.9566	0.9545	0.9543	0.9551	2.5574	0.9546	0.9586	0.9576	1.6389	0.9533	1.1205	0.9598	0.9566	3.7426	1.078	0.9544	0.9565	0.9544	0.9598	0.9551	2.1959	0	0.9548
  	0.9639	0.9638	0.9612	0.9639	0.9634	0.963	0.9679	0.9637	0.9343	0.9638	1.0925	0.9421	0.9637	0.9639	0.9638	0.9636	0.9638	0.9539	0.9638	0.9636	0.9561	0.9641	0.9637	0.9637	0.9625	0.9638	0.9639	1.2792	0.9608	0.9639	0.9638	0.9638	0.9638	0.9638	0.9615	0.9577	1.431	0.9644	0.9639	0.9638	0.9638	0.9639	0.9638	0.9638	0.9638	0.9638	1.4385	0.9638	0.9637	0.964	0.9567	0.9611	0.9638	0.9642	0.964	0.9631	0.9581	0.9638	0.964	0.9638	0.9632	0.9639	1.0094	0.9548	0

Actual rates from j->i (Q_ij):
	A	B	C	D	E	F	G	H	I	J	K	L	M	N	O	P	Q	R	S	T	U	V	W	X	Y	Z	[	\	]	^	_	`	a	b	c	d	e	f	g	h	i	j	k	l	m	n	o	p	q	r	s	t	u	v	w	x	y	z	{	|	}	~			
  A	0	0.0175	0.0174	0.0175	0.0174	0.0174	0.0174	0.0175	0.017	0.0175	0.0174	0.017	0.0175	0.0175	0.0175	0.0175	0.0175	0.0173	0.0175	0.0175	0.0173	0.0175	0.0175	0.0175	0.0174	0.0175	0.0175	0.0174	0.02	0.0175	0.0175	0.0175	0.0175	0.0175	0.0174	0.0173	0.0173	0.0175	0.0175	0.0175	0.0175	0.0175	0.0175	0.0175	0.0175	0.0175	0.0174	0.0175	0.0175	0.0175	0.0173	0.0174	0.0175	0.0175	0.0175	0.0174	0.0174	0.0175	0.0175	0.0175	0.0174	0.0175	0.022	0.0173	0.0175
  B	0.0143	0	0.0143	0.0143	0.0143	0.0143	0.0143	0.0143	0.0175	0.0143	0.0143	0.014	0.0143	0.0143	0.0143	0.0143	0.0143	0.0142	0.0143	0.0143	0.0142	0.0143	0.0143	0.0143	0.0143	0.0143	0.0143	0.0143	0.0143	0.0143	0.0143	0.0143	0.0143	0.0143	0.0143	0.0142	0.0142	0.0143	0.0143	0.0143	0.0143	0.0143	0.0143	0.0143	0.0143	0.0143	0.0142	0.0143	0.0143	0.0143	0.0142	0.0143	0.0143	0.0143	0.0143	0.0143	0.0155	0.0143	0.0143	0.0143	0.0143	0.0143	0.0294	0.0142	0.0143
  C	0.0083	0.0083	0	0.0082	0.0083	0.01	0.0086	0.0082	0.0088	0.0083	0.0083	0.0127	0.0082	0.0083	0.0082	0.0083	0.0082	0.0085	0.0082	0.0089	0.0183	0.0083	0.0082	0.0083	0.0082	0.0082	0.0082	0.0082	0.0141	0.0083	0.0083	0.0082	0.0082	0.0083	0.0083	0.0083	0.0423	0.0097	0.0083	0.0082	0.0082	0.0082	0.0083	0.0082	0.0082	0.0082	0.0088	0.0082	0.0108	0.0083	0.0095	0.0082	0.0082	0.0083	0.0083	0.0085	0.0082	0.0082	0.0083	0.0082	0.0083	0.0082	0.0566	0.0083	0.0082
  D	0.0188	0.0188	0.0187	0	0.0187	0.0187	0.0187	0.0188	0.0182	0.0188	0.0187	0.0203	0.0188	0.0188	0.0188	0.0188	0.0188	0.065	0.0188	0.0187	0.0186	0.0188	0.0188	0.0188	0.0187	0.0188	0.0188	0.0241	0.0187	0.0188	0.0188	0.0188	0.0188	0.0188	0.0187	0.0186	0.0186	0.0188	0.0188	0.0188	0.0188	0.0188	0.0188	0.0188	0.0188	0.0188	0.0186	0.0188	0.0187	0.0188	0.0186	0.0187	0.0188	0.0188	0.0237	0.0187	0.0186	0.0188	0.0188	0.0188	0.0215	0.0188	0.0172	0.0186	0.0188
  E	0.0184	0.0184	0.0184	0.0184	0	0.0184	0.0184	0.0184	0.0179	0.0184	0.0184	0.0327	0.0184	0.0184	0.0215	0.0184	0.0184	0.0183	0.0184	0.0184	0.0183	0.0184	0.0184	0.0242	0.0184	0.0184	0.0184	0.0184	0.0184	0.0184	0.0184	0.0184	0.0184	0.0184	0.0184	0.0474	0.0236	0.0185	0.0184	0.0184	0.0184	0.0191	0.0184	0.0184	0.0184	0.0184	0.0691	0.0184	0.0184	0.0184	0.0183	0.0184	0.0184	0.0184	0.0184	0.0184	0.0183	0.0184	0.0184	0.0184	0.0184	0.0184	0.0169	0.0274	0.0184
  F	0.0159	0.0159	0.0193	0.0159	0.0159	0	0.017	0.0159	0.0155	0.0159	0.0159	0.0208	0.0159	0.016	0.0159	0.0181	0.0159	0.0755	0.0159	0.0159	0.0159	0.0167	0.0159	0.0159	0.0159	0.0159	0.0159	0.0235	0.0159	0.016	0.0159	0.0159	0.0159	0.0159	0.0159	0.023	0.0779	0.0159	0.0159	0.0159	0.0159	0.0159	0.0159	0.0159	0.0159	0.0159	0.0354	0.0159	0.0159	0.0159	0.0158	0.0256	0.0159	0.0159	0.0159	0.0159	0.016	0.0159	0.0159	0.0159	0.0178	0.0159	0.022	0.0158	0.0159
  G	0.0068	0.0068	0.0071	0.0068	0.0068	0.0073	0	0.0068	0.0164	0.0068	0.0076	0.009	0.0068	0.0068	0.0068	0.0068	0.0068	0.0094	0.0068	0.0068	0.0068	0.0082	0.0068	0.0068	0.0068	0.0068	0.0068	0.0069	0.01	0.0069	0.0068	0.0068	0.0068	0.0068	0.007	0.0068	0.0068	0.0068	0.0068	0.0068	0.0068	0.0068	0.0068	0.0068	0.0068	0.0068	0.0077	0.0068	0.0097	0.0068	0.0074	0.0068	0.0068	0.0068	0.0071	0.0068	0.0074	0.0068	0.0068	0.0102	0.007	0.0092	0.0581	0.0068	0.0068
  H	0.0177	0.0177	0.0176	0.0177	0.0177	0.0177	0.0177	0	0.0248	0.0177	0.0176	0.0259	0.0177	0.0177	0.0177	0.0177	0.0177	0.0175	0.0177	0.0177	0.0175	0.0177	0.0177	0.0177	0.0176	0.0177	0.0177	0.0176	0.0176	0.0177	0.0177	0.0177	0.0177	0.0177	0.0176	0.0263	0.0175	0.0177	0.0177	0.0177	0.0177	0.0177	0.0177	0.0177	0.0177	0.0177	0.0176	0.0177	0.0177	0.0177	0.0175	0.0176	0.0177	0.0177	0.0177	0.0177	0.0176	0.0177	0.0177	0.0177	0.0177	0.0177	0.0176	0.0348	0.0177
  I	0.0018	0.0022	0.0019	0.0018	0.0018	0.0018	0.0044	0.0026	0	0.0018	0.0028	0.0043	0.0018	0.002	0.0018	0.0023	0.0018	0.0022	0.0018	0.0019	0.0025	0.0018	0.0018	0.0018	0.0018	0.0018	0.0018	0.0018	0.0042	0.0018	0.0018	0.0018	0.0018	0.0019	0.0044	0.0018	0.0018	0.0018	0.0018	0.0018	0.0018	0.0018	0.0019	0.0018	0.0018	0.0018	0.0028	0.0018	0.0018	0.0018	0.0028	0.0018	0.0018	0.0018	0.0018	0.0018	0.0041	0.0018	0.0018	0.0018	0.0018	0.0018	0.1358	0.0029	0.0018
  J	0.0169	0.0169	0.0169	0.0169	0.0169	0.0169	0.0169	0.0169	0.0164	0	0.0169	0.0165	0.0169	0.0169	0.0169	0.0169	0.0169	0.0167	0.0169	0.0169	0.0168	0.0169	0.0169	0.0169	0.0169	0.0169	0.0169	0.0168	0.0168	0.0169	0.0169	0.0169	0.0169	0.0169	0.0169	0.0168	0.0167	0.0169	0.0169	0.0169	0.0169	0.0169	0.0169	0.0169	0.0169	0.0169	0.0168	0.0169	0.0169	0.0169	0.0168	0.0168	0.0169	0.0169	0.0169	0.0169	0.0168	0.0169	0.0169	0.0169	0.0169	0.0169	0.0234	0.0167	0.0169
  K	0.0088	0.0088	0.0088	0.0088	0.0088	0.0088	0.0099	0.0088	0.0135	0.0088	0	0.0088	0.0088	0.0088	0.0088	0.0088	0.0088	0.0087	0.0088	0.0088	0.0097	0.0088	0.0088	0.0088	0.0088	0.0088	0.0088	0.0107	0.0088	0.0088	0.0088	0.0088	0.0088	0.0088	0.0088	0.0088	0.0088	0.0088	0.0088	0.0088	0.0088	0.0088	0.0088	0.0088	0.0088	0.0088	0.0088	0.0088	0.0088	0.0088	0.0089	0.0088	0.0088	0.0088	0.0088	0.0088	0.0088	0.0088	0.0088	0.0088	0.0144	0.0088	0.0488	0.0087	0.01
  L	0.0075	0.0075	0.0117	0.0083	0.0136	0.01	0.0101	0.0112	0.0181	0.0075	0.0076	0	0.0108	0.0075	0.0074	0.0101	0.0074	0.0133	0.0075	0.0076	0.0875	0.0094	0.0074	0.011	0.0095	0.0074	0.0074	0.0111	0.0294	0.0213	0.0074	0.0074	0.0074	0.0075	0.0075	0.067	0.0424	0.0098	0.0075	0.0075	0.0074	0.0083	0.0075	0.0074	0.0074	0.0074	0.0556	0.0074	0.0083	0.0097	0.0473	0.0078	0.0074	0.0131	0.008	0.0212	0.0178	0.0074	0.0079	0.0074	0.013	0.0074	0.0626	0.0679	0.0075
  M	0.0184	0.0184	0.0184	0.0184	0.0184	0.0184	0.0184	0.0184	0.0179	0.0184	0.0184	0.0261	0	0.0185	0.0184	0.0184	0.0184	0.0183	0.0184	0.0184	0.0183	0.0185	0.0184	0.0184	0.0184	0.0184	0.0184	0.0184	0.0184	0.0184	0.0184	0.0184	0.0184	0.0184	0.0184	0.0185	0.037	0.0185	0.0184	0.0184	0.0184	0.0185	0.0184	0.0184	0.0184	0.0184	0.0183	0.0184	0.0184	0.0185	0.0185	0.0184	0.0184	0.0185	0.0185	0.0184	0.0183	0.0184	0.0185	0.0184	0.0184	0.0184	0.0169	0.0183	0.0184
  N	0.0165	0.0165	0.0165	0.0165	0.0165	0.0166	0.0165	0.0165	0.0178	0.0165	0.0165	0.0162	0.0165	0	0.0165	0.0165	0.0165	0.0287	0.0165	0.0165	0.018	0.0165	0.0165	0.0165	0.0165	0.0165	0.0165	0.0165	0.0165	0.0165	0.0165	0.0165	0.0165	0.0165	0.0165	0.0164	0.0177	0.0165	0.0165	0.0165	0.0165	0.0165	0.0165	0.0165	0.0165	0.0165	0.017	0.0165	0.0165	0.0165	0.0164	0.0165	0.0165	0.0165	0.0165	0.0165	0.0174	0.0165	0.0165	0.0165	0.0166	0.0165	0.0234	0.0164	0.0165
  O	0.0192	0.0192	0.0191	0.0192	0.0224	0.0192	0.0192	0.0192	0.0186	0.0192	0.0192	0.0187	0.0192	0.0192	0	0.0192	0.0192	0.019	0.0192	0.0192	0.019	0.0192	0.0192	0.0192	0.0192	0.0192	0.0192	0.0191	0.0191	0.0192	0.0192	0.0192	0.0192	0.0192	0.0192	0.0191	0.0285	0.0192	0.0192	0.0192	0.0192	0.0192	0.0192	0.0192	0.0192	0.0192	0.026	0.0192	0.0192	0.0192	0.0191	0.0191	0.0192	0.0192	0.0192	0.0192	0.0191	0.0192	0.0192	0.0192	0.0192	0.0192	0.0175	0.019	0.0192
  P	0.0139	0.0139	0.0139	0.0139	0.0139	0.0158	0.0139	0.0139	0.0173	0.0139	0.0139	0.0183	0.0139	0.0139	0.0139	0	0.0139	0.0276	0.0139	0.0139	0.0234	0.0139	0.0139	0.0139	0.0139	0.0139	0.0139	0.0139	0.0177	0.0139	0.0139	0.0139	0.0139	0.0147	0.0139	0.0138	0.0229	0.0139	0.0139	0.0139	0.0139	0.0139	0.0139	0.0139	0.0139	0.0179	0.0139	0.0139	0.0139	0.0139	0.0138	0.0139	0.0139	0.0139	0.0139	0.0139	0.0138	0.0147	0.0139	0.0139	0.0424	0.0139	0.0334	0.0138	0.0139
  Q	0.0192	0.0192	0.0192	0.0192	0.0192	0.0192	0.0192	0.0192	0.0186	0.0192	0.0192	0.0187	0.0192	0.0192	0.0192	0.0192	0	0.019	0.0192	0.0192	0.019	0.0192	0.0192	0.0192	0.0192	0.0192	0.0192	0.0191	0.0192	0.0192	0.0192	0.0192	0.0192	0.0192	0.0192	0.0191	0.0285	0.0192	0.0192	0.0192	0.0192	0.0192	0.0192	0.0192	0.0192	0.0192	0.0478	0.0192	0.0192	0.0192	0.0191	0.0192	0.0192	0.0192	0.0192	0.0192	0.0191	0.0192	0.0192	0.0192	0.0192	0.0192	0.0175	0.019	0.0192
  R	0.0111	0.0111	0.0116	0.0389	0.0111	0.0533	0.0154	0.0111	0.0137	0.0111	0.0112	0.0195	0.0111	0.0195	0.0111	0.0223	0.0111	0	0.0111	0.0112	0.0142	0.0273	0.0111	0.0111	0.0111	0.0111	0.0111	0.0711	0.0112	0.0128	0.0111	0.0111	0.0111	0.0111	0.0112	0.0112	0.073	0.0111	0.0111	0.0111	0.0111	0.0111	0.0111	0.0111	0.0111	0.0111	0.0171	0.0111	0.0112	0.0114	0.0118	0.0842	0.0111	0.0112	0.0111	0.0112	0.0151	0.0111	0.0135	0.0111	0.0229	0.0111	0.0252	0.0111	0.0111
  S	0.0169	0.0169	0.0168	0.0169	0.0169	0.0169	0.0169	0.0169	0.0164	0.0169	0.0169	0.0165	0.0169	0.0169	0.0169	0.0169	0.0169	0.0167	0	0.0169	0.0168	0.0169	0.0169	0.0169	0.0169	0.0169	0.0169	0.0168	0.0168	0.0169	0.0169	0.0169	0.0169	0.0169	0.0168	0.0168	0.0167	0.0169	0.0169	0.0169	0.0169	0.0169	0.0169	0.0169	0.0169	0.0169	0.0168	0.0169	0.0169	0.0169	0.0168	0.0168	0.0169	0.0169	0.0169	0.0169	0.0168	0.0169	0.0169	0.0169	0.0169	0.0169	0.0234	0.0167	0.0169
  T	0.0058	0.0058	0.0063	0.0058	0.0058	0.0058	0.0058	0.0058	0.0061	0.0058	0.0058	0.0058	0.0058	0.0058	0.0058	0.0058	0.0058	0.0058	0.0058	0	0.0058	0.0058	0.0058	0.0058	0.0058	0.0058	0.0058	0.0058	0.0058	0.0058	0.0058	0.0058	0.0058	0.0058	0.006	0.0058	0.0058	0.0058	0.0058	0.0058	0.0058	0.0058	0.0073	0.0058	0.0058	0.0058	0.0058	0.0058	0.006	0.0058	0.0058	0.0058	0.0058	0.0058	0.0058	0.0058	0.0058	0.0058	0.0058	0.0058	0.0058	0.0058	0.0648	0.0058	0.0058
