Map from character to field name
A:	Algeria
B:	Argentina
C:	Australia
D:	Austria
E:	Bangladesh
F:	Belgium
G:	Brazil
H:	Cambodia
I:	Canada
J:	Chad
K:	Chile
L:	China
M:	Czech Republic
N:	Denmark
O:	Egypt
P:	France
Q:	Georgia
R:	Germany
S:	Guam
T:	Guatemala
U:	Hong Kong
V:	Hungary
W:	Iceland
X:	India
Y:	Indonesia
Z:	Iran
[:	Ireland
\:	Italy
]:	Japan
^:	Kazakhstan
_:	Kuwait
`:	Laos
a:	Luxembourg
b:	Malaysia
c:	Mexico
d:	Mongolia
e:	Netherlands
f:	New Zealand
g:	Nicaragua
h:	Nigeria
i:	Norway
j:	Pakistan
k:	Peru
l:	Philippines
m:	Poland
n:	Romania
o:	Russia
p:	Saudi Arabia
q:	Singapore
r:	South Africa
s:	South Korea
t:	Spain
u:	Sri Lanka
v:	Sweden
w:	Switzerland
x:	Taiwan
y:	Thailand
z:	Turkey
{:	Ukraine
|:	United Arab Emirates
}:	United Kingdom
~:	Uruguay
:	Usa
:	Vietnam
:	Zambia
:	?


Substitution rate (mu): 23.168519

Equilibrium frequencies (pi_i):
  A: 0.0182
  B: 0.016
  C: 0.0102
  D: 0.0181
  E: 0.0175
  F: 0.0164
  G: 0.0086
  H: 0.0184
  I: 0.0018
  J: 0.0195
  K: 0.0097
  L: 0.008
  M: 0.0196
  N: 0.0187
  O: 0.0173
  P: 0.0174
  Q: 0.0198
  R: 0.012
  S: 0.0173
  T: 0.0072
  U: 0.0057
  V: 0.0191
  W: 0.0193
  X: 0.019
  Y: 0.0191
  Z: 0.0194
  [: 0.0173
  \: 0.0154
  ]: 0.0096
  ^: 0.0162
  _: 0.0183
  `: 0.0197
  a: 0.0196
  b: 0.017
  c: 0.0114
  d: 0.0098
  e: 0.0043
  f: 0.0191
  g: 0.0198
  h: 0.0173
  i: 0.0194
  j: 0.0195
  k: 0.0175
  l: 0.0194
  m: 0.0197
  n: 0.0194
  o: 0.0096
  p: 0.0147
  q: 0.0181
  r: 0.0159
  s: 0.0065
  t: 0.0175
  u: 0.0194
  v: 0.0148
  w: 0.0151
  x: 0.0141
  y: 0.0108
  z: 0.0198
  {: 0.0192
  |: 0.0188
  }: 0.0103
  ~: 0.0173
  : 0.0052
  : 0.0107
  : 0.0193

Symmetrized rates from j->i (W_ij):
	A	B	C	D	E	F	G	H	I	J	K	L	M	N	O	P	Q	R	S	T	U	V	W	X	Y	Z	[	\	]	^	_	`	a	b	c	d	e	f	g	h	i	j	k	l	m	n	o	p	q	r	s	t	u	v	w	x	y	z	{	|	}	~			
  A	0	0.9612	0.9597	0.9612	0.9606	0.9604	0.9601	0.9615	0.9358	0.9612	0.9611	0.9408	0.961	0.9611	0.9608	0.961	0.9611	0.9486	0.9612	0.9613	0.954	0.961	0.9612	0.9611	0.9603	0.9611	0.9612	0.9567	1.1991	0.9611	0.9612	0.9612	0.9612	0.9612	0.9589	0.957	0.9534	0.9611	0.9611	0.9612	0.9611	0.9612	0.9613	0.9611	0.9611	0.9613	0.9569	0.9612	0.9612	0.9613	0.955	0.958	0.9612	0.9613	0.9614	0.9611	0.9551	0.9611	0.9612	0.9612	0.9604	0.9612	1.1547	0.9535	0.9612
  B	0.9612	0	0.9595	0.961	0.9604	0.9603	0.9597	0.9615	1.0758	0.961	0.9607	0.9413	0.9608	0.961	0.9606	0.9608	0.9609	0.95	0.961	0.9607	1.3615	0.9608	0.961	0.9609	0.9602	0.9609	0.961	0.9571	0.9597	0.9609	0.961	0.9609	0.961	1.0243	0.9589	0.9569	0.9538	0.9609	0.9609	0.961	0.9609	0.961	0.961	0.9609	0.9609	0.961	0.957	0.9609	0.9611	0.9747	0.9547	0.9582	0.961	0.961	0.9611	0.9605	0.9556	0.9609	0.961	0.961	0.9599	0.961	1.6687	0.9542	0.961
  C	0.9597	0.9595	0	0.9592	1.0326	0.9616	1.7527	0.9607	0.972	1.0128	1.2887	3.4834	0.9589	1.2141	0.9591	0.9597	0.9592	0.9558	0.9591	0.9642	3.1362	1.4359	0.9588	0.9609	0.959	0.9589	0.9591	1.0921	1.4908	0.9599	0.9592	0.9588	0.9588	1.2489	0.9611	0.9692	4.0841	0.9625	1.9135	0.9591	0.959	0.9588	1.2075	0.959	0.9587	0.9589	1.1367	0.9596	1.7914	0.9597	2.3655	0.9573	0.9588	0.96	0.9598	1.2921	0.958	0.9587	0.9594	0.9589	0.9618	0.9591	4.0479	1.4262	1.0816
  D	0.9612	0.961	0.9592	0	0.9605	0.9608	0.9595	0.9614	0.9327	0.9612	0.9605	1.2836	0.9609	0.9614	0.9606	0.9611	0.961	3.3335	0.961	0.9607	0.954	0.9611	0.9613	0.961	0.9602	0.961	0.9611	1.2924	0.9595	0.9611	0.9611	0.961	0.9611	0.961	0.9586	0.9566	0.9535	0.961	0.961	0.9611	0.961	0.9611	0.9611	0.961	0.9638	0.9611	0.9569	0.961	0.9612	0.9611	0.954	0.9581	0.9611	0.9611	0.9611	0.9604	0.9554	0.9611	0.9612	0.9611	1.2007	0.961	0.8948	0.9533	0.9612
  E	0.9606	0.9604	1.0326	0.9605	0	0.9604	0.9595	0.9609	0.9348	0.9604	0.9611	2.3689	0.9603	0.9603	0.9604	0.9602	1.4353	0.9493	0.9604	0.9606	0.9556	0.9603	0.9605	1.1731	0.9596	0.9605	0.9604	0.9566	1.0557	0.9606	0.9604	0.9603	0.9603	0.9606	0.9584	1.4408	1.9333	0.9604	0.9603	0.9604	0.9603	0.9603	0.9606	0.9603	0.9602	0.9604	3.3332	0.9604	0.9607	0.9606	0.9549	0.9573	0.9603	0.9605	0.9605	0.9604	0.9548	0.9602	0.9609	0.9603	0.9599	0.9604	1.0166	1.2276	0.9606
  F	0.9604	0.9603	0.9616	0.9608	0.9604	0	0.9598	0.9606	1.3543	0.9602	0.961	1.4334	1.0817	0.9609	0.9606	2.3272	0.9603	3.8794	0.9602	0.9608	0.9595	0.9938	0.9611	0.9606	0.9598	0.9623	0.9602	1.3873	0.9607	0.9603	0.9602	0.9601	0.961	0.9604	0.9588	0.9603	4.0256	0.9603	0.9601	0.9602	0.9601	0.9601	0.9606	0.9601	0.9601	0.9603	3.8673	0.9603	0.9607	0.9605	1.058	1.3876	0.9601	0.9605	0.9606	0.9601	0.973	0.9601	0.9618	0.9601	1.0451	0.9602	1.2987	0.9543	0.9606
  G	0.9601	0.9597	1.7527	0.9595	0.9595	0.9598	0	0.9605	3.2152	0.9596	1.0029	1.5696	0.9593	0.9602	0.9593	0.9597	0.9593	0.9546	0.9595	1.0028	1.9875	0.9593	0.9594	0.9594	0.959	0.9593	0.9595	1.0189	1.4393	0.9598	0.9594	0.9593	0.9593	0.9596	0.9593	0.9598	0.9583	0.9593	0.9595	0.9595	0.9593	0.9593	0.9596	0.9593	0.9593	0.9594	1.0349	0.9598	1.2595	0.9597	0.9578	0.958	0.9593	0.9598	0.9599	0.9619	0.9588	0.9593	0.9596	1.3078	0.96	0.961	5.7885	0.9635	0.9598
  H	0.9615	0.9615	0.9607	0.9614	0.9609	0.9606	0.9605	0	0.9492	0.9614	0.9611	1.435	0.9612	0.9615	0.9609	0.9614	0.9613	0.9488	0.9614	0.9613	1.3063	0.9612	0.9614	0.9612	0.9604	0.9613	0.9614	0.957	0.9611	0.9613	0.9614	0.9613	0.9613	0.9624	0.9593	1.4368	0.9569	0.9617	0.9613	0.9614	0.9613	0.9615	0.9614	0.9613	0.9613	0.9614	0.9575	0.9613	0.9616	0.9615	0.9553	0.9581	0.9615	0.9614	0.9615	0.9616	0.9563	0.9613	0.9614	0.9614	0.9602	0.9614	0.9665	2.0688	0.9614
  I	0.9358	1.0758	0.972	0.9327	0.9348	1.3543	3.2152	0.9492	0	0.9306	1.4533	3.9575	0.9305	0.9327	0.9528	1.1749	0.9303	0.9431	0.9339	1.4801	5.0134	0.9312	0.9308	0.9317	0.9314	0.9307	0.9338	1.4535	2.376	0.9361	0.9325	0.9302	0.9304	0.935	2.5434	1.4657	1.0883	0.9314	0.93	0.9338	0.9307	0.9305	0.9487	0.9307	0.9301	0.931	3.1476	0.9381	0.933	0.9363	1.91	0.9333	0.9306	0.938	0.9379	0.9557	3.6541	0.9301	0.932	0.9317	0.9464	0.934	72.0116	1.4782	0.9312
  J	0.9612	0.961	1.0128	0.9612	0.9604	0.9602	0.9596	0.9614	0.9306	0	1.0342	0.9365	0.961	0.9706	0.9606	0.9608	0.961	0.9478	0.9611	0.9607	0.9527	0.961	0.9611	0.961	0.9601	0.961	0.9611	1.3724	0.9591	0.9609	0.9611	0.9611	0.9611	0.9611	0.9584	0.956	0.9519	0.961	0.9611	0.9611	0.9611	0.9611	0.9612	0.9611	0.9611	0.9612	0.956	0.961	0.9612	0.9612	0.9533	0.9577	0.9611	0.9611	0.9612	0.9604	0.9544	0.9611	0.9612	0.9611	0.9598	0.9611	0.9039	0.9524	1.0067
  K	0.9611	0.9607	1.2887	0.9605	0.9611	0.961	1.0029	0.9611	1.4533	1.0342	0	1.0198	0.9603	1.0682	0.9603	0.9607	0.9604	0.9549	0.9605	0.9624	0.9816	0.9605	0.9603	0.9605	0.9599	0.9602	0.9605	1.164	1.0452	0.9611	0.9604	0.9604	0.9603	0.9608	0.9602	0.9636	0.9669	0.9603	0.9607	0.9605	0.9602	0.9602	0.9607	0.9602	0.9602	0.9604	0.982	0.9609	0.9612	0.9609	0.9621	0.9587	0.9603	0.961	1.1413	0.9631	1.4352	0.9602	0.9605	0.9604	1.4421	0.9605	4.9969	0.9672	1.122
  L	0.9408	0.9413	3.4834	1.2836	2.3689	1.4334	1.5696	1.435	3.9575	0.9365	1.0198	0	0.9364	0.941	0.9408	1.2525	0.9368	1.4141	0.9391	1.4018	13.2487	0.9372	0.9369	1.4151	0.9524	0.9374	0.9391	1.074	5.2905	3.5317	0.9381	0.9362	0.9363	0.9411	0.9674	11.4937	8.5558	0.9447	0.9374	0.9391	0.9365	0.939	0.9399	0.9365	0.9367	0.9366	7.329	0.9425	2.2221	0.9419	5.7322	0.938	0.9364	1.0286	0.9422	2.4764	1.8986	0.936	0.9566	0.9372	2.2552	0.9391	8.892	11.3514	1.2067
  M	0.961	0.9608	0.9589	0.9609	0.9603	1.0817	0.9593	0.9612	0.9305	0.961	0.9603	0.9364	0	0.9608	0.9604	0.9607	0.9608	0.9477	0.9609	0.9606	0.9526	0.9608	0.961	0.9608	0.9599	0.9608	0.9609	0.9561	0.9591	0.9608	0.9609	0.9609	0.9609	0.9609	0.9583	0.956	1.1395	0.9608	0.9608	0.9609	0.9609	0.9609	0.961	0.9609	0.9608	0.9609	1.6482	0.9608	0.961	0.961	0.9533	0.9575	0.9609	0.9609	0.961	0.9602	0.9542	0.9608	0.9612	0.9609	0.9597	0.9609	0.8885	0.9522	0.961
  N	0.9611	0.961	1.2141	0.9614	0.9603	0.9609	0.9602	0.9615	0.9327	0.9706	1.0682	0.941	0.9608	0	0.9605	0.961	0.9609	1.7881	0.961	0.9607	1.2562	0.9611	0.9612	0.9609	0.9601	0.9609	0.961	0.9937	0.9593	0.9609	0.961	0.961	0.961	0.9613	0.9585	0.9562	0.9556	0.961	0.961	0.961	0.961	0.961	0.9611	0.961	0.9609	0.961	0.9565	0.9609	0.9612	0.9611	0.9537	0.9588	0.961	0.961	0.9611	0.9607	0.9552	0.9609	0.9611	0.961	0.96	0.961	0.9846	0.9684	0.9785
  O	0.9608	0.9606	0.9591	0.9606	0.9604	0.9606	0.9593	0.9609	0.9528	0.9606	0.9603	0.9408	0.9604	0.9605	0	0.9604	0.9605	0.9487	0.9606	0.9606	0.9537	0.9605	0.9606	0.961	0.9598	0.9608	0.9606	0.9564	0.9593	0.9605	0.9606	0.9605	0.9605	0.9606	0.9585	0.9565	1.4153	0.9605	0.9605	0.9606	0.9605	0.9605	0.9607	0.9605	0.9605	0.9606	0.9663	0.9606	0.9607	0.9607	0.9541	0.9576	0.9606	0.9607	0.9607	0.9601	0.9548	0.9605	0.9607	0.9606	0.9596	0.9606	1.3253	0.9532	0.9606
  P	0.961	0.9608	0.9597	0.9611	0.9602	2.3272	0.9597	0.9614	1.1749	0.9608	0.9607	1.2525	0.9607	0.961	0.9604	0	0.9606	1.5032	0.9607	0.9608	1.7104	0.9607	0.9608	0.9606	0.9599	0.9607	0.9608	1.0748	0.961	0.9607	0.9607	0.9607	0.9607	0.9609	0.9588	0.9567	1.4325	0.9607	0.9607	0.9608	0.9607	0.9607	0.9609	0.9607	0.9607	1.2193	0.9621	0.9608	0.961	0.9609	0.9544	0.9583	0.9607	0.9608	1.303	0.9604	0.9556	0.9607	0.9609	0.9607	2.5652	0.9607	1.4725	0.9538	0.9608
  Q	0.9611	0.9609	0.9592	0.961	1.4353	0.9603	0.9593	0.9613	0.9303	0.961	0.9604	0.9368	0.9608	0.9609	0.9605	0.9606	0	0.9474	0.9609	0.9607	0.9527	0.9608	0.961	0.9609	0.96	0.9609	0.9609	0.9561	0.9592	0.9608	0.9609	0.9609	0.9609	0.9609	0.9583	0.9562	1.4157	0.9608	0.9609	0.9609	0.9609	0.9609	0.9611	0.9609	0.9609	0.961	1.9577	0.9609	0.9611	0.9611	0.9533	0.9575	0.9609	0.9609	0.961	0.9602	0.9542	0.9609	0.9612	0.9609	0.9597	0.9609	0.888	0.9523	0.961
  R	0.9486	0.95	0.9558	3.3335	0.9493	3.8794	0.9546	0.9488	0.9431	0.9478	0.9549	1.4141	0.9477	1.7881	0.9487	1.5032	0.9474	0	0.949	0.9561	1.6661	1.8591	1.3894	0.948	0.9476	0.9476	0.949	6.101	0.9545	0.9502	0.9484	0.9473	0.9475	0.9497	0.9519	0.9524	6.3455	0.948	0.9473	0.949	0.9476	0.9475	0.9493	0.9476	0.9474	0.9477	1.3753	0.9508	0.949	0.9501	0.9526	7.2578	0.9476	0.9512	0.9507	0.9512	1.4147	0.9473	0.9484	0.9479	1.3446	0.949	1.8375	0.9607	0.9483
  S	0.9612	0.961	0.9591	0.961	0.9604	0.9602	0.9595	0.9614	0.9339	0.9611	0.9605	0.9391	0.9609	0.961	0.9606	0.9607	0.9609	0.949	0	0.9607	0.9537	0.9609	0.961	0.9609	0.9602	0.961	0.961	0.9567	0.9594	0.9609	0.961	0.961	0.961	0.961	0.9587	0.9565	0.9526	0.9609	0.961	0.961	0.961	0.961	0.9611	0.961	0.961	0.9611	0.9567	0.961	0.9611	0.9611	0.9542	0.958	0.961	0.961	0.9611	0.9604	0.955	0.961	0.9611	0.961	0.9598	0.961	1.3441	0.9533	0.961
  T	0.9613	0.9607	0.9642	0.9607	0.9606	0.9608	1.0028	0.9613	1.4801	0.9607	0.9624	1.4018	0.9606	0.9607	0.9606	0.9608	0.9607	0.9561	0.9607	0	0.9605	0.9607	0.9607	0.9607	0.9604	0.9607	0.9607	0.9594	0.9618	0.9608	0.9607	0.9607	0.9607	0.9609	1.0847	0.9598	1.1308	0.9608	0.9607	0.9607	0.9607	0.9607	1.1355	0.9607	0.9607	0.9608	0.96	0.9608	1.1387	0.9608	0.9584	0.9595	0.9607	0.9609	0.961	0.961	0.9585	0.9607	0.9609	0.9607	0.9606	0.9607	8.4762	0.9586	0.9608
  U	0.954	1.3615	3.1362	0.954	0.9556	0.9595	1.9875	1.3063	5.0134	0.9527	0.9816	13.2487	0.9526	1.2562	0.9537	1.7104	0.9527	1.6661	0.9537	0.9605	0	0.9534	0.9528	0.9531	0.9531	0.9528	0.9537	1.3217	1.6855	0.9545	0.9536	0.9525	0.9526	3.4002	1.9762	0.9619	9.047	1.4605	0.9526	0.9537	0.9528	0.9527	0.9545	0.9528	0.9525	0.9528	0.9669	0.955	1.3147	1.1286	1.0031	0.9535	1.4286	0.9554	0.9551	1.0298	2.7945	0.9525	0.9533	0.953	0.9631	0.9537	6.5286	4.3947	0.9541
  V	0.961	0.9608	1.4359	0.9611	0.9603	0.9938	0.9593	0.9612	0.9312	0.961	0.9605	0.9372	0.9608	0.9611	0.9605	0.9607	0.9608	1.8591	0.9609	0.9607	0.9534	0	0.961	0.9608	0.96	0.9608	0.9609	1.2571	0.9592	0.9608	0.9609	0.9609	0.9609	0.9609	0.9584	0.9561	1.6979	0.9608	0.9633	0.9609	0.9609	0.9609	0.9616	0.9609	0.9608	0.9609	0.9566	0.9608	0.9611	0.961	0.954	0.9599	0.9609	0.9609	0.961	0.9602	0.9546	0.9608	0.961	0.9609	0.96	0.9609	0.8905	0.9525	0.961
  W	0.9612	0.961	0.9588	0.9613	0.9605	0.9611	0.9594	0.9614	0.9308	0.9611	0.9603	0.9369	0.961	0.9612	0.9606	0.9608	0.961	1.3894	0.961	0.9607	0.9528	0.961	0	0.961	0.9601	0.961	0.9611	0.9566	0.9591	0.9609	0.9611	0.961	0.9611	0.961	0.9584	0.9563	0.9527	0.961	0.961	0.9611	0.961	0.9611	0.9611	0.961	0.961	0.9611	1.0378	0.961	0.9611	0.9611	0.9534	0.9582	0.9611	0.961	0.9611	0.9604	0.9545	0.961	0.9612	0.9611	0.9598	0.961	0.8896	0.9525	0.9611
  X	0.9611	0.9609	0.9609	0.961	1.1731	0.9606	0.9594	0.9612	0.9317	0.961	0.9605	1.4151	0.9608	0.9609	0.961	0.9606	0.9609	0.948	0.9609	0.9607	0.9531	0.9608	0.961	0	0.96	0.9611	0.9609	0.9564	0.9595	0.9609	0.9609	0.9609	0.9609	0.961	0.9584	1.1089	1.3296	0.9609	0.9609	0.9609	0.9609	0.9609	0.961	0.9609	0.9609	0.961	2.2922	0.9609	0.9613	0.9611	0.9536	0.9576	0.9609	0.9609	0.961	0.9603	0.9545	0.9609	0.9612	0.9609	0.9598	0.9609	0.8953	0.9528	0.961
  Y	0.9603	0.9602	0.959	0.9602	0.9596	0.9598	0.959	0.9604	0.9314	0.9601	0.9599	0.9524	0.9599	0.9601	0.9598	0.9599	0.96	0.9476	0.9602	0.9604	0.9531	0.96	0.9601	0.96	0	0.9601	0.9602	0.9559	0.959	0.9601	0.9601	0.96	0.96	0.9604	0.9579	0.9563	1.1693	0.9601	0.96	0.9602	0.9601	0.96	0.9603	0.9601	0.96	0.9601	0.9575	0.9602	0.9603	0.9603	1.1104	0.9569	0.9601	0.9603	0.9603	0.9597	0.954	0.96	0.9602	0.9601	0.9594	0.9602	0.9671	0.9526	0.9601
  Z	0.9611	0.9609	0.9589	0.961	0.9605	0.9623	0.9593	0.9613	0.9307	0.961	0.9602	0.9374	0.9608	0.9609	0.9608	0.9607	0.9609	0.9476	0.961	0.9607	0.9528	0.9608	0.961	0.9611	0.9601	0	0.961	0.9562	0.9591	0.9608	0.961	0.9609	0.961	0.9609	0.9584	0.956	1.4177	0.9609	0.9609	0.961	0.9609	0.961	0.9611	0.9609	0.9609	0.961	0.9624	0.9609	0.9611	0.961	0.9534	0.9576	0.961	0.9609	0.961	0.9602	0.9543	0.9609	0.9611	0.961	0.9597	0.961	0.8892	0.9524	0.961
  [	0.9612	0.961	0.9591	0.9611	0.9604	0.9602	0.9595	0.9614	0.9338	0.9611	0.9605	0.9391	0.9609	0.961	0.9606	0.9608	0.9609	0.949	0.961	0.9607	0.9537	0.9609	0.9611	0.9609	0.9602	0.961	0	0.9567	0.9594	0.9609	0.961	0.961	0.961	0.961	0.9587	0.9565	0.9526	0.9609	0.961	0.961	0.961	0.961	0.9611	0.961	0.961	0.9611	0.9565	0.961	0.9611	0.9611	0.9542	0.958	0.961	0.961	0.9611	0.9604	0.955	0.961	0.9611	0.961	0.9598	0.961	1.3442	0.9533	0.961
  \	0.9567	0.9571	1.0921	1.2924	0.9566	1.3873	1.0189	0.957	1.4535	1.3724	1.164	1.074	0.9561	0.9937	0.9564	1.0748	0.9561	6.101	0.9567	0.9594	1.3217	1.2571	0.9566	0.9564	0.9559	0.9562	0.9567	0	0.9585	0.9572	0.9565	0.9561	0.9561	0.9573	0.9566	0.9558	4.3488	0.9565	0.9561	0.9567	0.9562	0.9562	0.9571	0.9562	0.959	0.9563	0.9573	0.9574	0.9583	0.9572	0.9544	1.0892	0.9562	1.1084	1.4364	0.9576	0.9547	0.9561	0.9566	0.9564	1.2727	0.9567	1.4208	0.9528	1.1198
  ]	1.1991	0.9597	1.4908	0.9595	1.0557	0.9607	1.4393	0.9611	2.376	0.9591	1.0452	5.2905	0.9591	0.9593	0.9593	0.961	0.9592	0.9545	0.9594	0.9618	1.6855	0.9592	0.9591	0.9595	0.959	0.9591	0.9594	0.9585	0	0.9931	0.9593	1.4384	0.9591	0.96	0.9597	3.5077	2.1299	0.9593	0.9592	0.9594	0.9591	0.9591	0.9597	0.9591	0.959	0.9592	1.7346	0.9599	0.96	0.96	1.8495	0.9576	0.959	0.9601	0.9601	2.5015	0.9587	0.959	0.9599	0.9592	1.4424	0.9594	4.5347	2.1694	0.9596
  ^	0.9611	0.9609	0.9599	0.9611	0.9606	0.9603	0.9598	0.9613	0.9361	0.9609	0.9611	3.5317	0.9608	0.9609	0.9605	0.9607	0.9608	0.9502	0.9609	0.9608	0.9545	0.9608	0.9609	0.9609	0.9601	0.9608	0.9609	0.9572	0.9931	0	0.9609	0.9609	0.9609	0.9609	0.9588	1.1668	0.9552	0.9608	0.9609	0.9609	0.9609	0.9609	0.961	0.9609	0.9609	0.9609	1.0119	0.9609	0.961	0.961	0.9549	0.9581	0.9609	0.9609	0.961	0.9605	0.9555	0.9609	0.961	0.9609	1.405	0.9609	1.0426	0.9575	0.961
  _	0.9612	0.961	0.9592	0.9611	0.9604	0.9602	0.9594	0.9614	0.9325	0.9611	0.9604	0.9381	0.9609	0.961	0.9606	0.9607	0.9609	0.9484	0.961	0.9607	0.9536	0.9609	0.9611	0.9609	0.9601	0.961	0.961	0.9565	0.9593	0.9609	0	0.961	0.961	0.961	0.9586	0.9563	1.187	0.9609	0.961	0.961	0.961	0.961	0.9611	0.961	0.961	0.9611	0.9564	0.961	0.9611	0.9611	0.9539	0.9578	0.961	0.961	0.9611	0.9603	0.9547	0.961	0.9611	0.961	0.9598	0.961	1.1251	0.953	0.961
  `	0.9612	0.9609	0.9588	0.961	0.9603	0.9601	0.9593	0.9613	0.9302	0.9611	0.9604	0.9362	0.9609	0.961	0.9605	0.9607	0.9609	0.9473	0.961	0.9607	0.9525	0.9609	0.961	0.9609	0.96	0.9609	0.961	0.9561	1.4384	0.9609	0.961	0	0.961	0.961	0.9583	0.9559	0.9515	0.9609	0.961	0.961	0.961	0.961	0.9611	0.961	0.961	0.9611	0.9559	0.9609	0.9611	0.9611	0.9532	0.9576	0.961	0.961	0.9611	0.9603	0.9542	0.961	0.9611	0.961	0.9596	0.961	0.8883	0.9522	0.961
  a	0.9612	0.961	0.9588	0.9611	0.9603	0.961	0.9593	0.9613	0.9304	0.9611	0.9603	0.9363	0.9609	0.961	0.9605	0.9607	0.9609	0.9475	0.961	0.9607	0.9526	0.9609	0.9611	0.9609	0.96	0.961	0.961	0.9561	0.9591	0.9609	0.961	0.961	0	0.961	0.9583	0.9559	0.9515	0.9609	0.961	0.961	0.961	0.961	0.9611	0.961	0.961	0.9611	1.4338	0.9609	0.9611	0.9611	0.9532	0.9576	0.961	0.961	0.9611	0.9603	0.9543	0.961	0.9611	0.961	0.9596	0.961	0.8885	0.9523	0.961
  b	0.9612	1.0243	1.2489	0.961	0.9606	0.9604	0.9596	0.9624	0.935	0.9611	0.9608	0.9411	0.9609	0.9613	0.9606	0.9609	0.9609	0.9497	0.961	0.9609	3.4002	0.9609	0.961	0.961	0.9604	0.9609	0.961	0.9573	0.96	0.9609	0.961	0.961	0.961	0	0.9591	0.957	2.8211	0.9638	0.961	0.961	0.961	0.961	0.9613	0.961	0.961	0.9611	0.957	0.961	0.9614	1.3138	0.9548	0.958	0.961	0.961	0.9611	0.9609	0.9556	0.961	0.9612	0.961	0.9602	0.961	1.3576	1.2398	0.9611
  c	0.9589	0.9589	0.9611	0.9586	0.9584	0.9588	0.9593	0.9593	2.5434	0.9584	0.9602	0.9674	0.9583	0.9585	0.9585	0.9588	0.9583	0.9519	0.9587	1.0847	1.9762	0.9584	0.9584	0.9584	0.9579	0.9584	0.9587	0.9566	0.9597	0.9588	0.9586	0.9583	0.9583	0.9591	0	0.9575	1.2156	0.9585	0.9583	0.9587	0.9584	0.9584	1.0876	0.9584	0.9583	0.9585	0.9579	0.959	1.0889	0.9589	0.956	0.9567	0.9584	0.9591	0.9591	0.9591	1.1385	0.9583	0.9585	0.9585	0.9591	0.9587	3.3661	0.9555	0.9585
  d	0.957	0.9569	0.9692	0.9566	1.4408	0.9603	0.9598	1.4368	1.4657	0.956	0.9636	11.4937	0.956	0.9562	0.9565	0.9567	0.9562	0.9524	0.9565	0.9598	0.9619	0.9561	0.9563	1.1089	0.9563	0.956	0.9565	0.9558	3.5077	1.1668	0.9563	0.9559	0.9559	0.957	0.9575	0	2.6351	0.9562	0.9558	0.9565	0.956	1.0937	0.9567	0.956	0.9558	0.956	9.8391	0.9573	0.9569	1.0271	3.1141	0.9548	0.9559	0.9574	0.9572	1.7962	1.303	0.9558	0.9578	0.9561	0.9594	0.9565	1.6018	4.7273	0.9893
  e	0.9534	0.9538	4.0841	0.9535	1.9333	4.0256	0.9583	0.9569	1.0883	0.9519	0.9669	8.5558	1.1395	0.9556	1.4153	1.4325	1.4157	6.3455	0.9526	1.1308	9.047	1.6979	0.9527	1.3296	1.1693	1.4177	0.9526	4.3488	2.1299	0.9552	1.187	0.9515	0.9515	2.8211	1.2156	2.6351	0	2.2476	0.9532	0.9526	1.4273	0.9518	1.384	1.4272	0.9515	0.9518	11.0507	0.9541	1.4425	0.9549	2.3167	0.9578	0.9517	1.7086	0.9541	1.2018	1.1038	0.9514	1.2518	0.9519	2.6957	0.9526	14.5667	3.3991	1.1616
  f	0.9611	0.9609	0.9625	0.961	0.9604	0.9603	0.9593	0.9617	0.9314	0.961	0.9603	0.9447	0.9608	0.961	0.9605	0.9607	0.9608	0.948	0.9609	0.9608	1.4605	0.9608	0.961	0.9609	0.9601	0.9609	0.9609	0.9565	0.9593	0.9608	0.9609	0.9609	0.9609	0.9638	0.9585	0.9562	2.2476	0	0.9609	0.9609	0.9609	0.9609	0.9611	0.9609	0.9609	0.961	0.9564	0.9609	0.9612	0.961	0.9541	0.9576	0.9609	0.9609	0.961	0.9603	0.9545	0.9609	0.9611	0.9609	1.1772	0.9609	0.9092	1.3923	0.961
  g	0.9611	0.9609	1.9135	0.961	0.9603	0.9601	0.9595	0.9613	0.93	0.9611	0.9607	0.9374	0.9608	0.961	0.9605	0.9607	0.9609	0.9473	0.961	0.9607	0.9526	0.9633	0.961	0.9609	0.96	0.9609	0.961	0.9561	0.9592	0.9609	0.961	0.961	0.961	0.961	0.9583	0.9558	0.9532	0.9609	0	0.961	0.961	0.961	0.9613	0.961	0.961	0.9611	0.956	0.9609	0.962	0.9611	0.9534	0.9576	0.961	0.961	0.961	0.9602	0.9542	0.9609	0.9611	0.961	0.9596	0.961	0.8895	0.9522	0.9611
  h	0.9612	0.961	0.9591	0.9611	0.9604	0.9602	0.9595	0.9614	0.9338	0.9611	0.9605	0.9391	0.9609	0.961	0.9606	0.9608	0.9609	0.949	0.961	0.9607	0.9537	0.9609	0.9611	0.9609	0.9602	0.961	0.961	0.9567	0.9594	0.9609	0.961	0.961	0.961	0.961	0.9587	0.9565	0.9526	0.9609	0.961	0	0.961	0.961	0.9611	0.961	0.961	0.9611	0.9565	0.961	0.9611	0.9611	0.9542	0.958	0.961	0.961	0.9611	0.9604	0.955	0.961	0.9611	0.961	0.9598	0.961	1.3444	0.9533	0.961
  i	0.9611	0.9609	0.959	0.961	0.9603	0.9601	0.9593	0.9613	0.9307	0.9611	0.9602	0.9365	0.9609	0.961	0.9605	0.9607	0.9609	0.9476	0.961	0.9607	0.9528	0.9609	0.961	0.9609	0.9601	0.9609	0.961	0.9562	0.9591	0.9609	0.961	0.961	0.961	0.961	0.9584	0.956	1.4273	0.9609	0.961	0.961	0	0.961	0.9611	0.961	0.961	0.9611	0.956	0.9609	0.9611	0.961	0.9534	0.9576	0.961	0.961	0.961	0.9603	0.9543	0.9609	0.9611	0.961	0.9597	0.961	0.8892	0.9523	0.961
  j	0.9612	0.961	0.9588	0.9611	0.9603	0.9601	0.9593	0.9615	0.9305	0.9611	0.9602	0.939	0.9609	0.961	0.9605	0.9607	0.9609	0.9475	0.961	0.9607	0.9527	0.9609	0.9611	0.9609	0.96	0.961	0.961	0.9562	0.9591	0.9609	0.961	0.961	0.961	0.961	0.9584	1.0937	0.9518	0.9609	0.961	0.961	0.961	0	0.9611	0.961	0.961	0.9611	0.9561	0.9609	0.9611	0.9611	0.9533	0.9576	0.961	0.961	0.9611	0.9603	0.9543	0.961	0.9611	0.961	0.9596	0.961	0.8889	1.3009	0.961
  k	0.9613	0.961	1.2075	0.9611	0.9606	0.9606	0.9596	0.9614	0.9487	0.9612	0.9607	0.9399	0.961	0.9611	0.9607	0.9609	0.9611	0.9493	0.9611	1.1355	0.9545	0.9616	0.9611	0.961	0.9603	0.9611	0.9611	0.9571	0.9597	0.961	0.9611	0.9611	0.9611	0.9613	1.0876	0.9567	1.384	0.9611	0.9613	0.9611	0.9611	0.9611	0	0.9611	0.961	0.9612	0.9572	0.961	1.3281	0.9611	0.9545	0.958	0.9611	0.9611	0.9611	0.9605	0.9551	0.961	0.9612	0.9611	0.96	0.9611	1.3369	0.9536	0.9612
  l	0.9611	0.9609	0.959	0.961	0.9603	0.9601	0.9593	0.9613	0.9307	0.9611	0.9602	0.9365	0.9609	0.961	0.9605	0.9607	0.9609	0.9476	0.961	0.9607	0.9528	0.9609	0.961	0.9609	0.9601	0.9609	0.961	0.9562	0.9591	0.9609	0.961	0.961	0.961	0.961	0.9584	0.956	1.4272	0.9609	0.961	0.961	0.961	0.961	0.9611	0	0.961	0.9611	0.956	0.9609	0.9611	0.9611	0.9534	0.9576	0.961	0.961	0.9611	0.9603	0.9543	0.961	0.9611	0.961	0.9597	0.961	0.8892	0.9524	0.961
  m	0.9611	0.9609	0.9587	0.9638	0.9602	0.9601	0.9593	0.9613	0.9301	0.9611	0.9602	0.9367	0.9608	0.9609	0.9605	0.9607	0.9609	0.9474	0.961	0.9607	0.9525	0.9608	0.961	0.9609	0.96	0.9609	0.961	0.959	0.959	0.9609	0.961	0.961	0.961	0.961	0.9583	0.9558	0.9515	0.9609	0.961	0.961	0.961	0.961	0.961	0.961	0	0.961	0.9559	0.9609	0.9611	0.961	0.9532	0.9576	0.961	0.961	0.961	0.9602	0.9542	0.9609	0.9611	0.961	1.469	0.961	0.888	0.9522	0.961
  n	0.9613	0.961	0.9589	0.9611	0.9604	0.9603	0.9594	0.9614	0.931	0.9612	0.9604	0.9366	0.9609	0.961	0.9606	1.2193	0.961	0.9477	0.9611	0.9608	0.9528	0.9609	0.9611	0.961	0.9601	0.961	0.9611	0.9563	0.9592	0.9609	0.9611	0.9611	0.9611	0.9611	0.9585	0.956	0.9518	0.961	0.9611	0.9611	0.9611	0.9611	0.9612	0.9611	0.961	0	0.956	0.961	0.9612	0.9612	0.9535	0.9577	0.9611	0.9611	1.2274	0.9604	0.9544	0.961	0.9612	0.9611	0.9599	0.9611	0.9585	0.9524	0.9611
  o	0.9569	0.957	1.1367	0.9569	3.3332	3.8673	1.0349	0.9575	3.1476	0.956	0.982	7.329	1.6482	0.9565	0.9663	0.9621	1.9577	1.3753	0.9567	0.96	0.9669	0.9566	1.0378	2.2922	0.9575	0.9624	0.9565	0.9573	1.7346	1.0119	0.9564	0.9559	1.4338	0.957	0.9579	9.8391	11.0507	0.9564	0.956	0.9565	0.956	0.9561	0.9572	0.956	0.9559	0.956	0	0.9573	1.0193	1.3509	2.5185	0.9554	0.9559	0.9576	0.9573	1.9227	0.9574	0.9558	1.5568	0.9562	1.4406	0.9565	2.5534	2.3611	1.6646
  p	0.9612	0.9609	0.9596	0.961	0.9604	0.9603	0.9598	0.9613	0.9381	0.961	0.9609	0.9425	0.9608	0.9609	0.9606	0.9608	0.9609	0.9508	0.961	0.9608	0.955	0.9608	0.961	0.9609	0.9602	0.9609	0.961	0.9574	0.9599	0.9609	0.961	0.9609	0.9609	0.961	0.959	0.9573	0.9541	0.9609	0.9609	0.961	0.9609	0.9609	0.961	0.9609	0.9609	0.961	0.9573	0	0.961	0.961	0.9553	0.9584	0.9609	1.8834	0.9611	0.9605	0.956	0.9609	0.9611	0.961	1.0702	0.961	2.0626	0.9546	0.961
  q	0.9612	0.9611	1.7914	0.9612	0.9607	0.9607	1.2595	0.9616	0.933	0.9612	0.9612	2.2221	0.961	0.9612	0.9607	0.961	0.9611	0.949	0.9611	1.1387	1.3147	0.9611	0.9611	0.9613	0.9603	0.9611	0.9611	0.9583	0.96	0.961	0.9611	0.9611	0.9611	0.9614	1.0889	0.9569	1.4425	0.9612	0.962	0.9611	0.9611	0.9611	1.3281	0.9611	0.9611	0.9612	1.0193	0.961	0	0.9612	0.9893	0.958	0.9611	0.9611	0.9611	0.9606	0.955	0.9611	0.9613	0.9611	0.9601	0.9611	0.9183	0.9539	0.9613
  r	0.9613	0.9747	0.9597	0.9611	0.9606	0.9605	0.9597	0.9615	0.9363	0.9612	0.9609	0.9419	0.961	0.9611	0.9607	0.9609	0.9611	0.9501	0.9611	0.9608	1.1286	0.961	0.9611	0.9611	0.9603	0.961	0.9611	0.9572	0.96	0.961	0.9611	0.9611	0.9611	1.3138	0.9589	1.0271	0.9549	0.961	0.9611	0.9611	0.961	0.9611	0.9611	0.9611	0.961	0.9612	1.3509	0.961	0.9612	0	0.9549	0.9583	0.9611	0.961	0.9611	0.9607	0.9557	0.961	0.9613	0.9611	0.96	0.9611	1.8029	0.9545	1.1997
  s	0.955	0.9547	2.3655	0.954	0.9549	1.058	0.9578	0.9553	1.91	0.9533	0.9621	5.7322	0.9533	0.9537	0.9541	0.9544	0.9533	0.9526	0.9542	0.9584	1.0031	0.954	0.9534	0.9536	1.1104	0.9534	0.9542	0.9544	1.8495	0.9549	0.9539	0.9532	0.9532	0.9548	0.956	3.1141	2.3167	0.9541	0.9534	0.9542	0.9534	0.9533	0.9545	0.9534	0.9532	0.9535	2.5185	0.9553	0.9893	0.9549	0	0.953	0.9533	0.9553	0.9553	0.9893	0.9988	0.9531	0.954	0.9536	0.9574	0.9542	9.4266	2.2584	0.9537
  t	0.958	0.9582	0.9573	0.9581	0.9573	1.3876	0.958	0.9581	0.9333	0.9577	0.9587	0.938	0.9575	0.9588	0.9576	0.9583	0.9575	7.2578	0.958	0.9595	0.9535	0.9599	0.9582	0.9576	0.9569	0.9576	0.958	1.0892	0.9576	0.9581	0.9578	0.9576	0.9576	0.958	0.9567	0.9548	0.9578	0.9576	0.9576	0.958	0.9576	0.9576	0.958	0.9576	0.9576	0.9577	0.9554	0.9584	0.958	0.9583	0.953	0	0.9576	0.9584	0.9584	0.9579	0.9545	0.9576	0.9578	0.9578	0.9587	0.958	0.8951	0.9514	0.9577
  u	0.9612	0.961	0.9588	0.9611	0.9603	0.9601	0.9593	0.9615	0.9306	0.9611	0.9603	0.9364	0.9609	0.961	0.9606	0.9607	0.9609	0.9476	0.961	0.9607	1.4286	0.9609	0.9611	0.9609	0.9601	0.961	0.961	0.9562	0.959	0.9609	0.961	0.961	0.961	0.961	0.9584	0.9559	0.9517	0.9609	0.961	0.961	0.961	0.961	0.9611	0.961	0.961	0.9611	0.9559	0.9609	0.9611	0.9611	0.9533	0.9576	0	0.961	0.9611	0.9603	0.9544	0.961	0.9611	0.961	0.9596	0.961	0.8892	0.9528	0.961
  v	0.9613	0.961	0.96	0.9611	0.9605	0.9605	0.9598	0.9614	0.938	0.9611	0.961	1.0286	0.9609	0.961	0.9607	0.9608	0.9609	0.9512	0.961	0.9609	0.9554	0.9609	0.961	0.9609	0.9603	0.9609	0.961	1.1084	0.9601	0.9609	0.961	0.961	0.961	0.961	0.9591	0.9574	1.7086	0.9609	0.961	0.961	0.961	0.961	0.9611	0.961	0.961	0.9611	0.9576	1.8834	0.9611	0.961	0.9553	0.9584	0.961	0	0.9611	0.9606	0.956	0.9609	0.9611	0.961	0.9606	0.961	2.1207	0.9547	0.9611
  w	0.9614	0.9611	0.9598	0.9611	0.9605	0.9606	0.9599	0.9615	0.9379	0.9612	1.1413	0.9422	0.961	0.9611	0.9607	1.303	0.961	0.9507	0.9611	0.961	0.9551	0.961	0.9611	0.961	0.9603	0.961	0.9611	1.4364	0.9601	0.961	0.9611	0.9611	0.9611	0.9611	0.9591	0.9572	0.9541	0.961	0.961	0.9611	0.961	0.9611	0.9611	0.9611	0.961	1.2274	0.9573	0.9611	0.9611	0.9611	0.9553	0.9584	0.9611	0.9611	0	0.9606	0.9559	0.961	0.9612	0.9611	0.9604	0.9611	2.0275	0.9545	0.9612
  x	0.9611	0.9605	1.2921	0.9604	0.9604	0.9601	0.9619	0.9616	0.9557	0.9604	0.9631	2.4764	0.9602	0.9607	0.9601	0.9604	0.9602	0.9512	0.9604	0.961	1.0298	0.9602	0.9604	0.9603	0.9597	0.9602	0.9604	0.9576	2.5015	0.9605	0.9603	0.9603	0.9603	0.9609	0.9591	1.7962	1.2018	0.9603	0.9602	0.9604	0.9603	0.9603	0.9605	0.9603	0.9602	0.9604	1.9227	0.9605	0.9606	0.9607	0.9893	0.9579	0.9603	0.9606	0.9606	0	0.985	0.9602	0.9606	0.9603	0.9602	0.9604	2.1853	2.5222	0.9606
  y	0.9551	0.9556	0.958	0.9554	0.9548	0.973	0.9588	0.9563	3.6541	0.9544	1.4352	1.8986	0.9542	0.9552	0.9548	0.9556	0.9542	1.4147	0.955	0.9585	2.7945	0.9546	0.9545	0.9545	0.954	0.9543	0.955	0.9547	0.9587	0.9555	0.9547	0.9542	0.9543	0.9556	1.1385	1.303	1.1038	0.9545	0.9542	0.955	0.9543	0.9543	0.9551	0.9543	0.9542	0.9544	0.9574	0.956	0.955	0.9557	0.9988	0.9545	0.9544	0.956	0.9559	0.985	0	0.9542	0.9545	0.9545	0.9859	0.955	3.0063	1.1424	0.9545
  z	0.9611	0.9609	0.9587	0.9611	0.9602	0.9601	0.9593	0.9613	0.9301	0.9611	0.9602	0.936	0.9608	0.9609	0.9605	0.9607	0.9609	0.9473	0.961	0.9607	0.9525	0.9608	0.961	0.9609	0.96	0.9609	0.961	0.9561	0.959	0.9609	0.961	0.961	0.961	0.961	0.9583	0.9558	0.9514	0.9609	0.9609	0.961	0.9609	0.961	0.961	0.961	0.9609	0.961	0.9558	0.9609	0.9611	0.961	0.9531	0.9576	0.961	0.9609	0.961	0.9602	0.9542	0	0.9611	0.961	1.4394	0.961	0.8879	0.9521	0.961
  {	0.9612	0.961	0.9594	0.9612	0.9609	0.9618	0.9596	0.9614	0.932	0.9612	0.9605	0.9566	0.9612	0.9611	0.9607	0.9609	0.9612	0.9484	0.9611	0.9609	0.9533	0.961	0.9612	0.9612	0.9602	0.9611	0.9611	0.9566	0.9599	0.961	0.9611	0.9611	0.9611	0.9612	0.9585	0.9578	1.2518	0.9611	0.9611	0.9611	0.9611	0.9611	0.9612	0.9611	0.9611	0.9612	1.5568	0.9611	0.9613	0.9613	0.954	0.9578	0.9611	0.9611	0.9612	0.9606	0.9545	0.9611	0	0.9611	0.9711	0.9611	0.9352	0.9531	0.9614
  |	0.9612	0.961	0.9589	0.9611	0.9603	0.9601	1.3078	0.9614	0.9317	0.9611	0.9604	0.9372	0.9609	0.961	0.9606	0.9607	0.9609	0.9479	0.961	0.9607	0.953	0.9609	0.9611	0.9609	0.9601	0.961	0.961	0.9564	0.9592	0.9609	0.961	0.961	0.961	0.961	0.9585	0.9561	0.9519	0.9609	0.961	0.961	0.961	0.961	0.9611	0.961	0.961	0.9611	0.9562	0.961	0.9611	0.9611	0.9536	0.9578	0.961	0.961	0.9611	0.9603	0.9545	0.961	0.9611	0	0.9597	0.961	1.0447	0.9526	0.961
  }	0.9604	0.9599	0.9618	1.2007	0.9599	1.0451	0.96	0.9602	0.9464	0.9598	1.4421	2.2552	0.9597	0.96	0.9596	2.5652	0.9597	1.3446	0.9598	0.9606	0.9631	0.96	0.9598	0.9598	0.9594	0.9597	0.9598	1.2727	1.4424	1.405	0.9598	0.9596	0.9596	0.9602	0.9591	0.9594	2.6957	1.1772	0.9596	0.9598	0.9597	0.9596	0.96	0.9597	1.469	0.9599	1.4406	1.0702	0.9601	0.96	0.9574	0.9587	0.9596	0.9606	0.9604	0.9602	0.9859	1.4394	0.9711	0.9597	0	0.9598	4.4464	0.957	0.96
  ~	0.9612	0.961	0.9591	0.961	0.9604	0.9602	0.961	0.9614	0.934	0.9611	0.9605	0.9391	0.9609	0.961	0.9606	0.9607	0.9609	0.949	0.961	0.9607	0.9537	0.9609	0.961	0.9609	0.9602	0.961	0.961	0.9567	0.9594	0.9609	0.961	0.961	0.961	0.961	0.9587	0.9565	0.9526	0.9609	0.961	0.961	0.961	0.961	0.9611	0.961	0.961	0.9611	0.9565	0.961	0.9611	0.9611	0.9542	0.958	0.961	0.961	0.9611	0.9604	0.955	0.961	0.9611	0.961	0.9598	0	1.343	0.9533	0.961
  	1.1547	1.6687	4.0479	0.8948	1.0166	1.2987	5.7885	0.9665	72.0116	0.9039	4.9969	8.892	0.8885	0.9846	1.3253	1.4725	0.888	1.8375	1.3441	8.4762	6.5286	0.8905	0.8896	0.8953	0.9671	0.8892	1.3442	1.4208	4.5347	1.0426	1.1251	0.8883	0.8885	1.3576	3.3661	1.6018	14.5667	0.9092	0.8895	1.3444	0.8892	0.8889	1.3369	0.8892	0.888	0.9585	2.5534	2.0626	0.9183	1.8029	9.4266	0.8951	0.8892	2.1207	2.0275	2.1853	3.0063	0.8879	0.9352	1.0447	4.4464	1.343	0	1.5211	0.9306
  	0.9535	0.9542	1.4262	0.9533	1.2276	0.9543	0.9635	2.0688	1.4782	0.9524	0.9672	11.3514	0.9522	0.9684	0.9532	0.9538	0.9523	0.9607	0.9533	0.9586	4.3947	0.9525	0.9525	0.9528	0.9526	0.9524	0.9533	0.9528	2.1694	0.9575	0.953	0.9522	0.9523	1.2398	0.9555	4.7273	3.3991	1.3923	0.9522	0.9533	0.9523	1.3009	0.9536	0.9524	0.9522	0.9524	2.3611	0.9546	0.9539	0.9545	2.2584	0.9514	0.9528	0.9547	0.9545	2.5222	1.1424	0.9521	0.9531	0.9526	0.957	0.9533	1.5211	0	0.9538
  	0.9612	0.961	1.0816	0.9612	0.9606	0.9606	0.9598	0.9614	0.9312	1.0067	1.122	1.2067	0.961	0.9785	0.9606	0.9608	0.961	0.9483	0.961	0.9608	0.9541	0.961	0.9611	0.961	0.9601	0.961	0.961	1.1198	0.9596	0.961	0.961	0.961	0.961	0.9611	0.9585	0.9893	1.1616	0.961	0.9611	0.961	0.961	0.961	0.9612	0.961	0.961	0.9611	1.6646	0.961	0.9613	1.1997	0.9537	0.9577	0.961	0.9611	0.9612	0.9606	0.9545	0.961	0.9614	0.961	0.96	0.961	0.9306	0.9538	0

Actual rates from j->i (Q_ij):
	A	B	C	D	E	F	G	H	I	J	K	L	M	N	O	P	Q	R	S	T	U	V	W	X	Y	Z	[	\	]	^	_	`	a	b	c	d	e	f	g	h	i	j	k	l	m	n	o	p	q	r	s	t	u	v	w	x	y	z	{	|	}	~			
  A	0	0.0175	0.0175	0.0175	0.0175	0.0175	0.0175	0.0175	0.017	0.0175	0.0175	0.0171	0.0175	0.0175	0.0175	0.0175	0.0175	0.0173	0.0175	0.0175	0.0174	0.0175	0.0175	0.0175	0.0175	0.0175	0.0175	0.0174	0.0218	0.0175	0.0175	0.0175	0.0175	0.0175	0.0175	0.0174	0.0174	0.0175	0.0175	0.0175	0.0175	0.0175	0.0175	0.0175	0.0175	0.0175	0.0174	0.0175	0.0175	0.0175	0.0174	0.0174	0.0175	0.0175	0.0175	0.0175	0.0174	0.0175	0.0175	0.0175	0.0175	0.0175	0.021	0.0174	0.0175
  B	0.0153	0	0.0153	0.0153	0.0153	0.0153	0.0153	0.0153	0.0172	0.0153	0.0153	0.015	0.0153	0.0153	0.0153	0.0153	0.0153	0.0152	0.0153	0.0153	0.0217	0.0153	0.0153	0.0153	0.0153	0.0153	0.0153	0.0153	0.0153	0.0153	0.0153	0.0153	0.0153	0.0163	0.0153	0.0153	0.0152	0.0153	0.0153	0.0153	0.0153	0.0153	0.0153	0.0153	0.0153	0.0153	0.0153	0.0153	0.0153	0.0156	0.0152	0.0153	0.0153	0.0153	0.0153	0.0153	0.0153	0.0153	0.0153	0.0153	0.0153	0.0153	0.0266	0.0152	0.0153
  C	0.0097	0.0097	0	0.0097	0.0105	0.0098	0.0178	0.0098	0.0099	0.0103	0.0131	0.0354	0.0097	0.0123	0.0097	0.0097	0.0097	0.0097	0.0097	0.0098	0.0318	0.0146	0.0097	0.0098	0.0097	0.0097	0.0097	0.0111	0.0151	0.0097	0.0097	0.0097	0.0097	0.0127	0.0098	0.0098	0.0415	0.0098	0.0194	0.0097	0.0097	0.0097	0.0123	0.0097	0.0097	0.0097	0.0115	0.0097	0.0182	0.0097	0.024	0.0097	0.0097	0.0097	0.0097	0.0131	0.0097	0.0097	0.0097	0.0097	0.0098	0.0097	0.0411	0.0145	0.011
  D	0.0174	0.0174	0.0173	0	0.0174	0.0174	0.0174	0.0174	0.0169	0.0174	0.0174	0.0232	0.0174	0.0174	0.0174	0.0174	0.0174	0.0603	0.0174	0.0174	0.0173	0.0174	0.0174	0.0174	0.0174	0.0174	0.0174	0.0234	0.0174	0.0174	0.0174	0.0174	0.0174	0.0174	0.0173	0.0173	0.0172	0.0174	0.0174	0.0174	0.0174	0.0174	0.0174	0.0174	0.0174	0.0174	0.0173	0.0174	0.0174	0.0174	0.0173	0.0173	0.0174	0.0174	0.0174	0.0174	0.0173	0.0174	0.0174	0.0174	0.0217	0.0174	0.0162	0.0172	0.0174
  E	0.0168	0.0168	0.018	0.0168	0	0.0168	0.0167	0.0168	0.0163	0.0168	0.0168	0.0414	0.0168	0.0168	0.0168	0.0168	0.0251	0.0166	0.0168	0.0168	0.0167	0.0168	0.0168	0.0205	0.0167	0.0168	0.0168	0.0167	0.0184	0.0168	0.0168	0.0168	0.0168	0.0168	0.0167	0.0251	0.0337	0.0168	0.0168	0.0168	0.0168	0.0168	0.0168	0.0168	0.0168	0.0168	0.0582	0.0168	0.0168	0.0168	0.0167	0.0167	0.0168	0.0168	0.0168	0.0168	0.0167	0.0168	0.0168	0.0168	0.0168	0.0168	0.0177	0.0214	0.0168
  F	0.0157	0.0157	0.0157	0.0157	0.0157	0	0.0157	0.0157	0.0221	0.0157	0.0157	0.0234	0.0177	0.0157	0.0157	0.0381	0.0157	0.0634	0.0157	0.0157	0.0157	0.0163	0.0157	0.0157	0.0157	0.0157	0.0157	0.0227	0.0157	0.0157	0.0157	0.0157	0.0157	0.0157	0.0157	0.0157	0.0658	0.0157	0.0157	0.0157	0.0157	0.0157	0.0157	0.0157	0.0157	0.0157	0.0633	0.0157	0.0157	0.0157	0.0173	0.0227	0.0157	0.0157	0.0157	0.0157	0.0159	0.0157	0.0157	0.0157	0.0171	0.0157	0.0212	0.0156	0.0157
  G	0.0083	0.0083	0.0151	0.0083	0.0083	0.0083	0	0.0083	0.0278	0.0083	0.0087	0.0136	0.0083	0.0083	0.0083	0.0083	0.0083	0.0082	0.0083	0.0087	0.0172	0.0083	0.0083	0.0083	0.0083	0.0083	0.0083	0.0088	0.0124	0.0083	0.0083	0.0083	0.0083	0.0083	0.0083	0.0083	0.0083	0.0083	0.0083	0.0083	0.0083	0.0083	0.0083	0.0083	0.0083	0.0083	0.0089	0.0083	0.0109	0.0083	0.0083	0.0083	0.0083	0.0083	0.0083	0.0083	0.0083	0.0083	0.0083	0.0113	0.0083	0.0083	0.05	0.0083	0.0083
  H	0.0177	0.0177	0.0177	0.0177	0.0177	0.0177	0.0176	0	0.0174	0.0177	0.0177	0.0264	0.0177	0.0177	0.0177	0.0177	0.0177	0.0174	0.0177	0.0177	0.024	0.0177	0.0177	0.0177	0.0176	0.0177	0.0177	0.0176	0.0177	0.0177	0.0177	0.0177	0.0177	0.0177	0.0176	0.0264	0.0176	0.0177	0.0177	0.0177	0.0177	0.0177	0.0177	0.0177	0.0177	0.0177	0.0176	0.0177	0.0177	0.0177	0.0176	0.0176	0.0177	0.0177	0.0177	0.0177	0.0176	0.0177	0.0177	0.0177	0.0176	0.0177	0.0178	0.038	0.0177
  I	0.0017	0.002	0.0018	0.0017	0.0017	0.0025	0.0059	0.0017	0	0.0017	0.0027	0.0072	0.0017	0.0017	0.0017	0.0021	0.0017	0.0017	0.0017	0.0027	0.0092	0.0017	0.0017	0.0017	0.0017	0.0017	0.0017	0.0027	0.0043	0.0017	0.0017	0.0017	0.0017	0.0017	0.0046	0.0027	0.002	0.0017	0.0017	0.0017	0.0017	0.0017	0.0017	0.0017	0.0017	0.0017	0.0058	0.0017	0.0017	0.0017	0.0035	0.0017	0.0017	0.0017	0.0017	0.0017	0.0067	0.0017	0.0017	0.0017	0.0017	0.0017	0.1316	0.0027	0.0017
  J	0.0188	0.0188	0.0198	0.0188	0.0187	0.0187	0.0187	0.0188	0.0182	0	0.0202	0.0183	0.0188	0.0189	0.0188	0.0188	0.0188	0.0185	0.0188	0.0188	0.0186	0.0188	0.0188	0.0188	0.0187	0.0188	0.0188	0.0268	0.0187	0.0188	0.0188	0.0188	0.0188	0.0188	0.0187	0.0187	0.0186	0.0188	0.0188	0.0188	0.0188	0.0188	0.0188	0.0188	0.0188	0.0188	0.0187	0.0188	0.0188	0.0188	0.0186	0.0187	0.0188	0.0188	0.0188	0.0187	0.0186	0.0188	0.0188	0.0188	0.0187	0.0188	0.0176	0.0186	0.0196
  K	0.0093	0.0093	0.0125	0.0093	0.0093	0.0093	0.0097	0.0093	0.014	0.01	0	0.0099	0.0093	0.0103	0.0093	0.0093	0.0093	0.0092	0.0093	0.0093	0.0095	0.0093	0.0093	0.0093	0.0093	0.0093	0.0093	0.0112	0.0101	0.0093	0.0093	0.0093	0.0093	0.0093	0.0093	0.0093	0.0093	0.0093	0.0093	0.0093	0.0093	0.0093	0.0093	0.0093	0.0093	0.0093	0.0095	0.0093	0.0093	0.0093	0.0093	0.0093	0.0093	0.0093	0.011	0.0093	0.0139	0.0093	0.0093	0.0093	0.0139	0.0093	0.0483	0.0093	0.0108
  L	0.0075	0.0075	0.0279	0.0103	0.019	0.0115	0.0126	0.0115	0.0317	0.0075	0.0082	0	0.0075	0.0075	0.0075	0.01	0.0075	0.0113	0.0075	0.0112	0.106	0.0075	0.0075	0.0113	0.0076	0.0075	0.0075	0.0086	0.0423	0.0283	0.0075	0.0075	0.0075	0.0075	0.0077	0.092	0.0685	0.0076	0.0075	0.0075	0.0075	0.0075	0.0075	0.0075	0.0075	0.0075	0.0587	0.0075	0.0178	0.0075	0.0459	0.0075	0.0075	0.0082	0.0075	0.0198	0.0152	0.0075	0.0077	0.0075	0.0181	0.0075	0.0712	0.0909	0.0097
  M	0.0189	0.0188	0.0188	0.0188	0.0188	0.0212	0.0188	0.0189	0.0183	0.0188	0.0188	0.0184	0	0.0188	0.0188	0.0188	0.0188	0.0186	0.0188	0.0188	0.0187	0.0188	0.0188	0.0188	0.0188	0.0188	0.0188	0.0188	0.0188	0.0188	0.0188	0.0188	0.0188	0.0188	0.0188	0.0188	0.0224	0.0188	0.0188	0.0188	0.0188	0.0188	0.0189	0.0188	0.0188	0.0188	0.0323	0.0188	0.0189	0.0189	0.0187	0.0188	0.0188	0.0188	0.0188	0.0188	0.0187	0.0188	0.0189	0.0188	0.0188	0.0188	0.0174	0.0187	0.0188
  N	0.0179	0.0179	0.0226	0.0179	0.0179	0.0179	0.0179	0.0179	0.0174	0.0181	0.0199	0.0176	0.0179	0	0.0179	0.0179	0.0179	0.0334	0.0179	0.0179	0.0234	0.0179	0.0179	0.0179	0.0179	0.0179	0.0179	0.0185	0.0179	0.0179	0.0179	0.0179	0.0179	0.0179	0.0179	0.0178	0.0178	0.0179	0.0179	0.0179	0.0179	0.0179	0.0179	0.0179	0.0179	0.0179	0.0178	0.0179	0.0179	0.0179	0.0178	0.0179	0.0179	0.0179	0.0179	0.0179	0.0178	0.0179	0.0179	0.0179	0.0179	0.0179	0.0184	0.0181	0.0183
  O	0.0167	0.0167	0.0166	0.0167	0.0167	0.0167	0.0166	0.0167	0.0165	0.0167	0.0167	0.0163	0.0167	0.0167	0	0.0167	0.0167	0.0165	0.0167	0.0167	0.0165	0.0167	0.0167	0.0167	0.0166	0.0167	0.0167	0.0166	0.0166	0.0167	0.0167	0.0167	0.0167	0.0167	0.0166	0.0166	0.0245	0.0167	0.0167	0.0167	0.0167	0.0167	0.0167	0.0167	0.0167	0.0167	0.0168	0.0167	0.0167	0.0167	0.0165	0.0166	0.0167	0.0167	0.0167	0.0167	0.0166	0.0167	0.0167	0.0167	0.0166	0.0167	0.023	0.0165	0.0167
  P	0.0167	0.0167	0.0167	0.0167	0.0167	0.0405	0.0167	0.0167	0.0204	0.0167	0.0167	0.0218	0.0167	0.0167	0.0167	0	0.0167	0.0261	0.0167	0.0167	0.0297	0.0167	0.0167	0.0167	0.0167	0.0167	0.0167	0.0187	0.0167	0.0167	0.0167	0.0167	0.0167	0.0167	0.0167	0.0166	0.0249	0.0167	0.0167	0.0167	0.0167	0.0167	0.0167	0.0167	0.0167	0.0212	0.0167	0.0167	0.0167	0.0167	0.0166	0.0167	0.0167	0.0167	0.0226	0.0167	0.0166	0.0167	0.0167	0.0167	0.0446	0.0167	0.0256	0.0166	0.0167
  Q	0.019	0.019	0.019	0.019	0.0284	0.019	0.019	0.019	0.0184	0.019	0.019	0.0186	0.019	0.019	0.019	0.019	0	0.0188	0.019	0.019	0.0189	0.019	0.019	0.019	0.019	0.019	0.019	0.0189	0.019	0.019	0.019	0.019	0.019	0.019	0.019	0.0189	0.028	0.019	0.019	0.019	0.019	0.019	0.019	0.019	0.019	0.019	0.0388	0.019	0.019	0.019	0.0189	0.019	0.019	0.019	0.019	0.019	0.0189	0.019	0.019	0.019	0.019	0.019	0.0176	0.0189	0.019
  R	0.0114	0.0114	0.0115	0.04	0.0114	0.0466	0.0115	0.0114	0.0113	0.0114	0.0115	0.017	0.0114	0.0215	0.0114	0.0181	0.0114	0	0.0114	0.0115	0.02	0.0223	0.0167	0.0114	0.0114	0.0114	0.0114	0.0733	0.0115	0.0114	0.0114	0.0114	0.0114	0.0114	0.0114	0.0114	0.0762	0.0114	0.0114	0.0114	0.0114	0.0114	0.0114	0.0114	0.0114	0.0114	0.0165	0.0114	0.0114	0.0114	0.0114	0.0872	0.0114	0.0114	0.0114	0.0114	0.017	0.0114	0.0114	0.0114	0.0162	0.0114	0.0221	0.0115	0.0114
  S	0.0167	0.0166	0.0166	0.0166	0.0166	0.0166	0.0166	0.0167	0.0162	0.0166	0.0166	0.0163	0.0166	0.0166	0.0166	0.0166	0.0166	0.0164	0	0.0166	0.0165	0.0166	0.0166	0.0166	0.0166	0.0166	0.0166	0.0166	0.0166	0.0166	0.0166	0.0166	0.0166	0.0166	0.0166	0.0166	0.0165	0.0166	0.0166	0.0166	0.0166	0.0166	0.0166	0.0166	0.0166	0.0166	0.0166	0.0166	0.0166	0.0166	0.0165	0.0166	0.0166	0.0166	0.0166	0.0166	0.0165	0.0166	0.0166	0.0166	0.0166	0.0166	0.0233	0.0165	0.0166
  T	0.0069	0.0069	0.0069	0.0069	0.0069	0.0069	0.0072	0.0069	0.0106	0.0069	0.0069	0.0101	0.0069	0.0069	0.0069	0.0069	0.0069	0.0069	0.0069	0	0.0069	0.0069	0.0069	0.0069	0.0069	0.0069	0.0069	0.0069	0.0069	0.0069	0.0069	0.0069	0.0069	0.0069	0.0078	0.0069	0.0081	0.0069	0.0069	0.0069	0.0069	0.0069	0.0082	0.0069	0.0069	0.0069	0.0069	0.0069	0.0082	0.0069	0.0069	0.0069	0.0069	0.0069	0.0069	0.0069	0.0069	0.0069	0.0069	0.0069	0.0069	0.0069	0.061	0.0069	0.0069
