Map from character to field name
A:	Algeria
B:	Argentina
C:	Australia
D:	Austria
E:	Bangladesh
F:	Belgium
G:	Brazil
H:	Cambodia
I:	Canada
J:	Chad
K:	Chile
L:	China
M:	Czech Republic
N:	Denmark
O:	Egypt
P:	France
Q:	Georgia
R:	Germany
S:	Guam
T:	Guatemala
U:	Hong Kong
V:	Hungary
W:	Iceland
X:	India
Y:	Indonesia
Z:	Iran
[:	Ireland
\:	Italy
]:	Japan
^:	Kazakhstan
_:	Kuwait
`:	Laos
a:	Luxembourg
b:	Malaysia
c:	Mexico
d:	Mongolia
e:	Netherlands
f:	New Zealand
g:	Nicaragua
h:	Nigeria
i:	Norway
j:	Pakistan
k:	Peru
l:	Philippines
m:	Poland
n:	Romania
o:	Russia
p:	Saudi Arabia
q:	Singapore
r:	South Africa
s:	South Korea
t:	Spain
u:	Sri Lanka
v:	Sweden
w:	Switzerland
x:	Taiwan
y:	Thailand
z:	Turkey
{:	Ukraine
|:	United Arab Emirates
}:	United Kingdom
~:	Uruguay
:	Usa
:	Vietnam
:	Zambia
:	?


Substitution rate (mu): 16.620978

Equilibrium frequencies (pi_i):
  A: 0.0183
  B: 0.0157
  C: 0.0089
  D: 0.0186
  E: 0.0204
  F: 0.0177
  G: 0.0071
  H: 0.0182
  I: 0.002
  J: 0.0194
  K: 0.013
  L: 0.0057
  M: 0.0191
  N: 0.0171
  O: 0.0195
  P: 0.0143
  Q: 0.0191
  R: 0.0124
  S: 0.0172
  T: 0.0077
  U: 0.0068
  V: 0.0189
  W: 0.0187
  X: 0.0185
  Y: 0.0188
  Z: 0.0193
  [: 0.0172
  \: 0.0185
  ]: 0.0077
  ^: 0.0164
  _: 0.0192
  `: 0.0194
  a: 0.0193
  b: 0.0148
  c: 0.0109
  d: 0.0112
  e: 0.0047
  f: 0.0169
  g: 0.018
  h: 0.0194
  i: 0.0194
  j: 0.0175
  k: 0.0162
  l: 0.0191
  m: 0.0194
  n: 0.0189
  o: 0.0108
  p: 0.0172
  q: 0.0144
  r: 0.0144
  s: 0.0073
  t: 0.0191
  u: 0.0192
  v: 0.0136
  w: 0.0163
  x: 0.0141
  y: 0.017
  z: 0.0194
  {: 0.0177
  |: 0.0182
  }: 0.0096
  ~: 0.0177
  : 0.0051
  : 0.0127
  : 0.0195

Symmetrized rates from j->i (W_ij):
	A	B	C	D	E	F	G	H	I	J	K	L	M	N	O	P	Q	R	S	T	U	V	W	X	Y	Z	[	\	]	^	_	`	a	b	c	d	e	f	g	h	i	j	k	l	m	n	o	p	q	r	s	t	u	v	w	x	y	z	{	|	}	~			
  A	0	0.9692	0.9665	0.9693	0.9684	0.9679	0.9666	0.9691	0.9357	0.9694	0.9698	0.9421	0.9693	0.9692	0.9693	0.9688	0.9693	0.9592	0.9694	0.9689	0.962	0.9691	0.9693	0.9691	0.9664	0.9692	0.9694	0.9643	1.2529	0.9692	0.9693	0.9693	0.9693	0.9693	0.9648	0.9638	0.9587	0.9696	0.9693	0.9693	0.9693	0.9693	0.9693	0.9693	0.9692	0.9693	0.9648	0.9693	0.9694	0.9695	0.9617	0.9655	0.9693	0.9694	0.9698	0.9689	0.9617	0.9693	0.9694	0.9693	0.9668	0.9695	1.0908	0.9592	0.9689
  B	0.9692	0	0.9661	0.9689	0.9681	0.9677	0.9665	0.9687	0.9391	0.969	1.1236	0.9439	0.9689	0.9688	0.9689	0.9684	0.9689	0.9602	0.9689	0.9684	0.9617	0.9688	0.969	0.9688	0.9664	0.9688	0.9689	0.9647	0.9655	0.9688	0.9689	0.9689	0.9689	0.9689	0.965	0.9641	0.9593	0.9692	0.9689	0.9689	0.9689	0.9689	0.9689	0.9689	0.9688	0.9689	0.964	0.9689	0.969	0.969	0.9616	0.9656	0.9689	0.9689	0.969	0.9678	0.9625	0.9689	0.969	0.9689	0.9665	0.969	1.781	0.96	0.9686
  C	0.9665	0.9661	0	0.9657	0.9648	0.9656	1.6011	0.9658	0.9536	0.9971	1.1468	1.5014	0.9655	0.9664	0.9653	1.1261	0.9656	0.9629	0.9658	1.0844	1.7734	1.3389	0.9659	1.125	0.9643	0.9653	0.9658	1.0777	1.8375	0.9666	0.9654	0.9653	0.9653	1.0798	0.9972	0.9666	2.9861	1.1931	1.243	0.9653	0.9654	0.9657	1.3546	0.9654	0.9653	0.9655	1.2229	0.9658	1.5032	0.9667	1.4708	0.9635	0.9655	0.9667	0.9662	0.9782	1.0624	0.9653	0.966	0.9656	0.967	0.966	6.1394	1.1488	1.0975
  D	0.9693	0.9689	0.9657	0	0.9682	0.9679	0.9658	0.9689	0.9333	0.9693	0.9693	1.1863	0.9692	0.9696	0.9691	0.9684	0.9691	3.3967	0.9691	0.9684	0.961	0.9691	0.9691	0.969	0.9662	0.969	0.9691	1.4238	0.9647	0.9691	0.9691	0.9691	0.9691	0.969	0.9643	0.9635	0.9576	0.9695	0.9691	0.9691	0.9692	0.9691	0.969	0.9691	0.9692	0.9692	0.9632	0.9691	0.9692	0.9692	0.9602	0.9654	0.9691	0.969	0.9695	0.9678	0.9613	0.9691	0.9692	0.9691	0.9665	0.9691	0.8933	0.9589	0.9688
  E	0.9684	0.9681	0.9648	0.9682	0	0.9669	0.9651	0.9681	0.93	0.9683	0.9686	0.937	0.9683	0.9682	1.2677	0.9676	0.9684	0.9572	0.9683	0.9679	0.9593	0.9681	0.9683	0.9682	0.9651	0.9681	0.9683	0.9627	0.9698	0.9831	0.9682	0.9682	0.9682	0.9683	0.9634	3.7853	0.9625	0.9686	0.9683	0.9682	0.9683	0.9682	0.9683	0.9682	0.9681	0.9683	3.5847	0.9683	0.9685	0.9685	0.959	0.964	0.9682	0.9684	0.9684	0.9674	0.9602	0.9682	0.9683	0.9683	0.9652	0.9683	0.8865	0.9778	0.9678
  F	0.9679	0.9677	0.9656	0.9679	0.9669	0	0.9656	0.9675	0.9352	0.9677	1.1183	0.9414	0.9692	1.0124	0.9677	1.4486	1.1395	3.7312	0.9678	0.9679	1.034	1.4898	0.968	0.9675	0.9649	0.9675	0.9678	1.4584	0.9649	0.9678	0.9677	0.9676	0.9676	0.9684	0.9638	0.963	3.9921	0.9682	0.9677	0.9676	0.9679	0.9677	0.9678	0.9676	0.9676	0.9677	3.0456	0.9677	0.9681	0.9684	0.9603	0.9902	0.9676	0.9681	0.968	0.9672	1.0036	0.9676	0.9679	0.9677	0.9658	0.9678	1.1968	0.9589	0.9678
  G	0.9666	0.9665	1.6011	0.9658	0.9651	0.9656	0	0.9658	0.9571	0.986	1.661	1.3002	0.9657	0.9663	0.9656	0.9668	0.9657	0.9632	0.9661	1.3117	0.9947	0.9659	0.966	0.9659	0.9647	0.9656	0.9661	1.0335	0.9676	1.0201	0.9657	0.9656	0.9656	0.9691	0.9658	0.9651	0.9653	0.9668	1.2336	0.9657	0.9657	0.966	0.9664	0.9657	0.9656	0.9658	0.9654	0.9661	1.369	0.9667	0.9805	0.9642	0.9657	0.9669	0.9668	0.9665	0.9645	0.9656	0.9664	1.2301	1.0807	1.2443	8.8497	0.963	1.0463
  H	0.9691	0.9687	0.9658	0.9689	0.9681	0.9675	0.9658	0	0.9342	0.969	0.9691	1.7277	0.969	0.9689	0.9689	0.9683	0.9689	0.959	0.969	0.9683	0.9607	0.9688	0.969	0.9688	0.9661	0.9688	0.969	0.964	0.9721	0.9689	0.9689	0.9689	0.9689	0.9689	0.9644	1.0228	0.9579	0.9695	0.9689	0.9689	0.969	0.9689	0.9689	0.9689	0.9689	0.969	1.0353	0.9689	0.969	0.969	0.9604	0.9652	0.9689	0.9689	0.969	0.9802	0.9613	0.9689	0.969	0.969	0.9659	0.969	0.8983	2.3991	0.9686
  I	0.9357	0.9391	0.9536	0.9333	0.93	0.9352	0.9571	0.9342	0	0.9319	1.0001	1.4351	0.9325	0.9363	0.9317	0.993	0.9325	0.9446	0.936	0.9548	0.9566	0.9329	0.9338	0.9338	0.9327	0.9319	0.936	0.9333	1.4436	0.9379	0.9323	0.9319	0.932	0.9411	3.9648	0.9469	0.9666	0.9367	0.9346	0.9319	0.9318	0.9355	1.0503	0.9324	0.9318	0.933	0.9501	0.936	0.9418	0.9419	1.8233	0.932	0.9323	0.9432	0.938	0.9423	0.9368	0.9318	0.9367	0.9341	0.9524	0.9357	58.6164	1.4013	0.9318
  J	0.9694	0.969	0.9971	0.9693	0.9683	0.9677	0.986	0.969	0.9319	0	1.0282	0.9381	0.9693	0.969	0.9692	0.9684	0.9692	0.9585	0.9692	0.9684	0.9601	0.9691	0.9692	0.9691	0.9662	0.9691	0.9692	1.3499	0.9645	0.9691	0.9692	0.9692	0.9692	0.9691	0.9642	0.9631	0.9572	0.9695	0.9692	0.9692	0.9693	0.9691	0.9691	0.9692	0.9692	0.9692	0.9629	0.9692	0.9693	0.9693	0.9598	0.9652	0.9692	0.9691	0.9693	0.9678	0.9611	0.9692	0.9693	0.9692	0.9659	0.9692	0.8912	0.9581	1.0494
  K	0.9698	1.1236	1.1468	0.9693	0.9686	1.1183	1.661	0.9691	1.0001	1.0282	0	0.9574	0.9693	0.9697	0.9691	0.9706	0.9692	0.9636	0.9697	0.9731	0.9925	0.9693	0.9695	0.9693	0.9671	0.9691	0.9697	1.4222	0.9705	0.9698	0.9692	0.9691	0.9691	0.9723	0.9686	0.9659	1.1977	0.9701	0.9695	1.4531	0.9692	0.9696	0.97	0.9692	0.9692	0.9693	0.9677	0.9697	0.9706	0.9707	0.9727	0.9666	0.9691	0.9709	0.9704	0.9698	1.2905	0.9691	0.9699	0.9695	1.2426	0.9699	3.0762	0.9625	1.198
  L	0.9421	0.9439	1.5014	1.1863	0.937	0.9414	1.3002	1.7277	1.4351	0.9381	0.9574	0	0.9386	0.9465	0.9379	0.9471	0.9387	0.9476	0.9414	1.0018	10.7047	0.9391	0.9398	1.0424	1.4049	0.938	0.9414	1.1821	4.9101	2.2628	0.9383	0.938	0.9381	0.9466	0.9515	9.3624	1.2015	1.2469	1.007	0.9379	0.938	0.9418	0.9433	0.9384	0.938	0.9389	4.2277	0.9414	1.9237	0.9459	7.9744	0.9373	0.9384	0.9478	0.9431	3.9293	1.4111	0.9379	0.9418	0.9399	1.431	0.9412	16.3283	8.0098	0.938
  M	0.9693	0.9689	0.9655	0.9692	0.9683	0.9692	0.9657	0.969	0.9325	0.9693	0.9693	0.9386	0	0.9692	0.9692	0.9684	1.2584	0.963	0.9692	0.9684	0.9606	0.9691	0.9693	0.969	0.9662	0.9691	0.9692	0.9643	0.9646	0.9691	0.9693	0.9692	0.9692	0.9692	0.9643	0.9632	2.2268	0.9695	0.9692	0.9692	1.1226	0.9691	0.9691	0.9692	0.9691	0.9692	0.9767	0.9691	0.9692	0.9693	0.96	0.9653	0.9692	0.9691	0.9692	0.9678	0.9613	0.9692	0.9693	0.9692	0.966	0.9692	0.8917	0.9584	0.969
  N	0.9692	0.9688	0.9664	0.9696	0.9682	1.0124	0.9663	0.9689	0.9363	0.969	0.9697	0.9465	0.9692	0	0.969	0.9688	0.9692	1.5049	0.969	0.9684	1.1375	0.9693	0.9691	0.9689	0.9663	0.9689	0.969	0.9663	0.9658	0.9689	0.9691	0.9689	0.969	0.97	0.9647	0.9638	1.1674	0.9695	0.969	0.969	0.9691	0.9689	0.9689	0.969	0.9689	0.969	0.9652	0.9689	0.9691	0.9691	0.961	0.9669	0.969	0.969	0.9691	0.968	0.9621	0.969	0.9692	0.969	0.9666	0.969	1.348	1.2441	0.9687
  O	0.9693	0.9689	0.9653	0.9691	1.2677	0.9677	0.9656	0.9689	0.9317	0.9692	0.9691	0.9379	0.9692	0.969	0	0.9684	0.9692	0.9583	0.9692	0.9683	0.96	0.969	0.9692	0.969	0.9661	0.969	0.9692	0.9638	0.9646	0.969	0.9692	0.9691	0.9692	0.969	0.9641	0.9648	0.9641	0.9694	0.9691	0.9691	0.9692	0.9691	0.969	0.9691	0.9691	0.9692	1.7385	0.9691	0.9692	0.9692	0.9597	0.9651	0.9691	0.969	0.9692	0.9678	0.961	0.9691	0.9692	0.9692	0.9658	0.9692	0.8897	0.9581	0.9687
  P	0.9688	0.9684	1.1261	0.9684	0.9676	1.4486	0.9668	0.9683	0.993	0.9684	0.9706	0.9471	0.9684	0.9688	0.9684	0	0.9684	2.407	0.9685	0.9685	0.963	0.9685	0.9685	0.9683	0.9661	0.9683	0.9685	0.9647	0.9667	0.9685	0.9684	0.9683	0.9684	0.9686	0.9653	0.9643	1.0368	0.9688	0.9684	0.9684	0.9684	0.9684	0.9685	0.9684	0.9683	1.3026	0.9645	0.9684	0.9687	0.9687	0.9634	0.9655	0.9684	0.9686	1.1733	0.9677	0.9629	0.9685	0.9691	0.9684	3.1164	0.9685	2.6711	0.9606	0.9681
  Q	0.9693	0.9689	0.9656	0.9691	0.9684	1.1395	0.9657	0.9689	0.9325	0.9692	0.9692	0.9387	1.2584	0.9692	0.9692	0.9684	0	0.9623	0.9692	0.9683	0.9607	0.9691	0.9693	0.969	0.9662	0.969	0.9692	0.9643	0.9647	0.969	0.9692	0.9691	0.9692	0.9692	0.9642	0.9634	1.8794	0.9695	0.9692	0.9691	1.3008	0.9691	0.969	0.9692	0.9691	0.9692	1.731	0.9691	0.9692	0.9693	0.96	0.9652	0.9692	0.9691	0.9692	0.9679	0.9613	0.9691	0.9693	0.9692	0.966	0.9692	0.8921	0.9585	0.9689
  R	0.9592	0.9602	0.9629	3.3967	0.9572	3.7312	0.9632	0.959	0.9446	0.9585	0.9636	0.9476	0.963	1.5049	0.9583	2.407	0.9623	0	0.9595	0.9643	1.0548	1.996	0.9593	0.9588	0.9567	0.9583	0.9595	3.3499	0.9625	0.96	0.9585	0.9583	0.9583	0.9614	0.9599	0.9592	6.1264	0.96	0.9591	0.9583	0.96	0.9616	0.96	0.9585	0.9583	0.9587	0.9871	0.9595	0.9612	0.9615	0.9595	6.5376	0.9585	0.9717	0.9604	0.9607	0.9551	0.9583	0.9597	0.959	1.4433	0.9593	2.2502	1.0879	0.9587
  S	0.9694	0.9689	0.9658	0.9691	0.9683	0.9678	0.9661	0.969	0.936	0.9692	0.9697	0.9414	0.9692	0.969	0.9692	0.9685	0.9692	0.9595	0	0.9684	0.9611	0.969	0.9692	0.969	0.9665	0.969	0.9692	0.9644	0.9651	0.969	0.9692	0.9691	0.9691	0.969	0.9647	0.9638	0.9583	0.9694	0.9691	0.9691	0.9692	0.9691	0.9691	0.9691	0.9691	0.9692	0.9636	0.9691	0.9692	0.9692	0.9608	0.9656	0.9692	0.9691	0.9692	0.9679	0.962	0.9692	0.9692	0.9692	0.9662	0.9692	1.3467	0.9593	0.9688
  T	0.9689	0.9684	1.0844	0.9684	0.9679	0.9679	1.3117	0.9683	0.9548	0.9684	0.9731	1.0018	0.9684	0.9684	0.9683	0.9685	0.9683	0.9643	0.9684	0	0.9654	0.9684	0.9685	0.9684	0.9671	0.9683	0.9684	0.9663	0.9677	0.9685	0.9683	0.9683	0.9683	0.9685	1.0293	0.9663	0.9646	0.9686	0.9716	0.9683	0.9683	0.9684	1.1355	0.9683	0.9683	0.9684	0.9664	0.9684	1.0348	0.9686	0.9655	0.9667	0.9683	0.9686	0.9685	0.9681	0.9656	0.9683	0.9687	0.9684	0.9679	0.9687	7.2599	0.9642	0.9682
  U	0.962	0.9617	1.7734	0.961	0.9593	1.034	0.9947	0.9607	0.9566	0.9601	0.9925	10.7047	0.9606	1.1375	0.96	0.963	0.9607	1.0548	0.9611	0.9654	0	0.9606	0.9613	0.9607	0.9596	0.96	0.9611	1.4416	3.5311	0.9616	0.9604	0.96	0.9601	2.826	0.9625	0.9621	6.4933	1.4025	0.9607	0.96	0.9602	0.9609	0.9615	0.9602	0.96	0.9603	1.0601	0.961	0.9627	0.9627	0.9986	0.9598	0.9737	0.9629	0.9616	1.3366	0.9633	0.96	0.9615	0.9606	1.4559	0.961	6.0997	2.6245	0.9604
  V	0.9691	0.9688	1.3389	0.9691	0.9681	1.4898	0.9659	0.9688	0.9329	0.9691	0.9693	0.9391	0.9691	0.9693	0.969	0.9685	0.9691	1.996	0.969	0.9684	0.9606	0	0.969	0.9689	0.966	0.9689	0.969	0.9733	0.9646	0.9689	0.969	0.969	0.969	0.969	0.9642	0.9632	1.4385	0.9695	0.9693	0.969	0.9691	0.9689	0.983	0.969	0.9689	0.969	0.9632	0.9689	0.9695	0.9691	0.9602	0.9822	0.969	0.969	0.9691	0.9677	0.9612	0.969	0.9691	0.969	0.9659	0.969	0.9871	0.9584	0.9687
  W	0.9693	0.969	0.9659	0.9691	0.9683	0.968	0.966	0.969	0.9338	0.9692	0.9695	0.9398	0.9693	0.9691	0.9692	0.9685	0.9693	0.9593	0.9692	0.9685	0.9613	0.969	0	0.969	0.9662	0.969	0.9692	0.9644	0.9656	0.9691	0.9692	0.9691	0.9691	0.9693	0.9644	0.9634	1.3404	0.9695	0.9692	0.9692	0.9693	0.9691	0.9691	0.9692	0.9691	0.9692	0.964	0.9691	0.9693	0.9693	0.9604	0.9653	0.9692	0.9692	0.9692	0.9679	0.9615	0.9692	0.9694	0.9692	0.9664	0.9692	0.9931	0.9586	0.9689
  X	0.9691	0.9688	1.125	0.969	0.9682	0.9675	0.9659	0.9688	0.9338	0.9691	0.9693	1.0424	0.969	0.9689	0.969	0.9683	0.969	0.9588	0.969	0.9684	0.9607	0.9689	0.969	0	0.9661	0.9689	0.969	0.964	0.9649	0.9689	0.969	0.9689	0.969	0.969	0.9643	1.9019	0.9577	0.9695	0.969	0.969	0.9691	0.9689	0.969	0.969	0.9689	0.969	1.4459	0.9689	0.9691	0.9691	0.9604	0.9652	0.969	0.9689	0.9691	0.9678	0.9613	0.969	0.9691	0.969	0.9659	0.969	1.1093	0.9842	0.9687
  Y	0.9664	0.9664	0.9643	0.9662	0.9651	0.9649	0.9647	0.9661	0.9327	0.9662	0.9671	1.4049	0.9662	0.9663	0.9661	0.9661	0.9662	0.9567	0.9665	0.9671	0.9596	0.966	0.9662	0.9661	0	0.966	0.9665	0.9612	0.9635	0.9665	0.9661	0.9661	0.9661	0.9667	0.9626	0.9619	0.9566	0.967	0.9663	0.9661	0.9662	0.9663	0.9665	0.9661	0.966	0.9662	0.9615	0.9664	0.9669	0.9669	0.9592	0.9623	0.9661	0.9669	0.9666	0.9656	0.9587	0.9661	0.9664	0.9663	0.9644	0.9664	0.8919	0.9568	0.9657
  Z	0.9692	0.9688	0.9653	0.969	0.9681	0.9675	0.9656	0.9688	0.9319	0.9691	0.9691	0.938	0.9691	0.9689	0.969	0.9683	0.969	0.9583	0.969	0.9683	0.96	0.9689	0.969	0.9689	0.966	0	0.969	0.9637	0.9645	0.9689	0.969	0.969	0.969	0.9689	0.9641	0.9631	0.9569	0.9693	0.969	0.969	0.9691	0.9689	0.9689	0.969	0.969	0.9691	1.4442	0.969	0.9691	0.9691	0.9597	0.965	0.969	0.9689	0.9691	0.9677	0.9609	0.969	0.9691	0.969	0.9657	0.969	0.8902	0.958	0.9686
  [	0.9694	0.9689	0.9658	0.9691	0.9683	0.9678	0.9661	0.969	0.936	0.9692	0.9697	0.9414	0.9692	0.969	0.9692	0.9685	0.9692	0.9595	0.9692	0.9684	0.9611	0.969	0.9692	0.969	0.9665	0.969	0	0.9644	0.9651	0.969	0.9692	0.9691	0.9691	0.969	0.9647	0.9638	0.9583	0.9694	0.9691	0.9691	0.9692	0.9691	0.9691	0.9691	0.9691	0.9692	0.9636	0.9692	0.9692	0.9692	0.9608	0.9656	0.9692	0.9695	0.9692	0.9679	0.962	0.9692	0.9692	0.9692	0.9668	0.9692	1.3459	0.9593	0.9688
  \	0.9643	0.9647	1.0777	1.4238	0.9627	1.4584	1.0335	0.964	0.9333	1.3499	1.4222	1.1821	0.9643	0.9663	0.9638	0.9647	0.9643	3.3499	0.9644	0.9663	1.4416	0.9733	0.9644	0.964	0.9612	0.9637	0.9644	0	0.9642	0.9646	0.964	0.9638	0.9638	0.9653	0.9614	0.9605	4.3087	0.9651	0.9643	0.9639	0.9641	0.9643	0.9647	0.9639	1.342	0.964	0.9608	0.9644	0.9654	0.9658	0.9586	0.9836	0.9639	0.9654	1.4366	0.9643	0.9572	0.9638	0.9646	0.9642	1.8754	0.9644	0.978	0.9558	1.2196
  ]	1.2529	0.9655	1.8375	0.9647	0.9698	0.9649	0.9676	0.9721	1.4436	0.9645	0.9705	4.9101	0.9646	0.9658	0.9646	0.9667	0.9647	0.9625	0.9651	0.9677	3.5311	0.9646	0.9656	0.9649	0.9635	0.9645	0.9651	0.9642	0	0.968	0.9645	1.4471	0.9645	0.9662	0.9652	1.1267	1.5918	0.9666	0.9649	0.9645	0.9645	0.965	0.9654	0.9645	0.9644	0.9647	3.7671	0.9651	0.9662	0.966	2.1011	0.963	0.9646	0.9677	0.966	3.5691	0.9625	0.9645	0.9669	0.9648	1.4739	0.9654	6.2804	3.5537	0.9644
  ^	0.9692	0.9688	0.9666	0.9691	0.9831	0.9678	1.0201	0.9689	0.9379	0.9691	0.9698	2.2628	0.9691	0.9689	0.969	0.9685	0.969	0.96	0.969	0.9685	0.9616	0.9689	0.9691	0.9689	0.9665	0.9689	0.969	0.9646	0.968	0	0.969	0.969	0.969	0.969	0.9649	1.7538	1.0324	0.9698	0.969	0.969	0.9691	0.969	0.969	0.969	0.969	0.969	1.2428	0.969	0.9691	0.9691	0.9614	0.9656	0.969	0.969	0.9691	0.9681	0.9623	0.969	0.9693	0.969	1.4238	0.9691	1.3361	0.9599	0.9687
  _	0.9693	0.9689	0.9654	0.9691	0.9682	0.9677	0.9657	0.9689	0.9323	0.9692	0.9692	0.9383	0.9693	0.9691	0.9692	0.9684	0.9692	0.9585	0.9692	0.9683	0.9604	0.969	0.9692	0.969	0.9661	0.969	0.9692	0.964	0.9645	0.969	0	0.9691	0.9691	1.0537	0.9642	0.9632	1.3707	0.9695	0.9691	0.9691	0.9693	0.9691	0.969	0.9691	0.9691	0.9692	0.9631	0.9691	0.9692	0.9692	0.9599	0.9652	0.9692	0.9691	0.9692	0.9677	0.9611	0.9692	0.9692	0.9692	0.9659	0.9692	0.8911	0.9583	0.9688
  `	0.9693	0.9689	0.9653	0.9691	0.9682	0.9676	0.9656	0.9689	0.9319	0.9692	0.9691	0.938	0.9692	0.9689	0.9691	0.9683	0.9691	0.9583	0.9691	0.9683	0.96	0.969	0.9691	0.9689	0.9661	0.969	0.9691	0.9638	1.4471	0.969	0.9691	0	0.9691	0.969	0.9641	0.9631	0.9569	0.9694	0.9691	0.9691	0.9692	0.969	0.969	0.9691	0.969	0.9691	0.9629	0.969	0.9691	0.9691	0.9597	0.9651	0.9691	0.969	0.9692	0.9678	0.961	0.9691	0.9692	0.9691	0.9658	0.9691	0.8902	0.9581	0.9687
  a	0.9693	0.9689	0.9653	0.9691	0.9682	0.9676	0.9656	0.9689	0.932	0.9692	0.9691	0.9381	0.9692	0.969	0.9692	0.9684	0.9692	0.9583	0.9691	0.9683	0.9601	0.969	0.9691	0.969	0.9661	0.969	0.9691	0.9638	0.9645	0.969	0.9691	0.9691	0	0.969	0.9642	0.9631	0.9569	0.9694	0.9691	0.9691	0.9692	0.969	0.969	0.9691	0.9691	0.9692	1.4444	0.9691	0.9691	0.9692	0.9598	0.9651	0.9691	0.969	0.9692	0.9677	0.961	0.9691	0.9692	0.9691	0.9658	0.9691	0.8902	0.9581	0.9687
  b	0.9693	0.9689	1.0798	0.969	0.9683	0.9684	0.9691	0.9689	0.9411	0.9691	0.9723	0.9466	0.9692	0.97	0.969	0.9686	0.9692	0.9614	0.969	0.9685	2.826	0.969	0.9693	0.969	0.9667	0.9689	0.969	0.9653	0.9662	0.969	1.0537	0.969	0.969	0	0.9661	0.9645	2.8213	1.1878	0.969	0.969	0.9692	0.969	0.969	0.969	0.969	0.9691	0.9648	0.969	0.9692	0.9703	0.9645	0.966	0.9691	0.969	0.9691	0.9684	0.9634	0.969	0.9693	0.9691	0.9668	0.9691	2.1574	1.0794	0.969
  c	0.9648	0.965	0.9972	0.9643	0.9634	0.9638	0.9658	0.9644	3.9648	0.9642	0.9686	0.9515	0.9643	0.9647	0.9641	0.9653	0.9642	0.9599	0.9647	1.0293	0.9625	0.9642	0.9644	0.9643	0.9626	0.9641	0.9647	0.9614	0.9652	0.9649	0.9642	0.9641	0.9642	0.9661	0	0.963	0.9616	0.965	0.9647	0.9641	0.9642	0.9646	1.1462	0.9642	0.9641	0.9643	0.9631	0.9647	1.1928	0.9656	1.0098	0.962	0.9642	0.9657	0.965	0.9649	0.9604	0.9641	0.9648	0.9645	0.9652	0.9647	3.3516	0.9597	0.9639
  d	0.9638	0.9641	0.9666	0.9635	3.7853	0.963	0.9651	1.0228	0.9469	0.9631	0.9659	9.3624	0.9632	0.9638	0.9648	0.9643	0.9634	0.9592	0.9638	0.9663	0.9621	0.9632	0.9634	1.9019	0.9619	0.9631	0.9638	0.9605	1.1267	1.7538	0.9632	0.9631	0.9631	0.9645	0.963	0	1.0259	0.9659	0.9635	0.9631	0.9631	0.9636	0.964	0.9632	0.9631	0.9633	6.9905	0.9637	0.9648	0.9647	1.5321	0.9609	0.9632	0.9649	0.9641	0.9937	1.9183	0.9631	0.9637	0.9635	0.9644	0.9637	0.9407	2.5965	0.9629
  e	0.9587	0.9593	2.9861	0.9576	0.9625	3.9921	0.9653	0.9579	0.9666	0.9572	1.1977	1.2015	2.2268	1.1674	0.9641	1.0368	1.8794	6.1264	0.9583	0.9646	6.4933	1.4385	1.3404	0.9577	0.9566	0.9569	0.9583	4.3087	1.5918	1.0324	1.3707	0.9569	0.9569	2.8213	0.9616	1.0259	0	1.5943	0.9581	0.9569	1.0642	1.0337	0.961	1.4355	0.9569	0.9573	7.0037	0.9583	1.2027	1.1735	1.1257	0.9579	1.0077	1.5048	0.9591	1.0695	1.9155	0.9569	1.5073	0.9577	2.4448	0.9583	16.9107	2.4219	1.3965
  f	0.9696	0.9692	1.1931	0.9695	0.9686	0.9682	0.9668	0.9695	0.9367	0.9695	0.9701	1.2469	0.9695	0.9695	0.9694	0.9688	0.9695	0.96	0.9694	0.9686	1.4025	0.9695	0.9695	0.9695	0.967	0.9693	0.9694	0.9651	0.9666	0.9698	0.9695	0.9694	0.9694	1.1878	0.965	0.9659	1.5943	0	0.9696	0.9694	0.9695	0.9693	0.9695	0.9694	0.9693	0.9694	0.9651	0.9693	0.9703	0.9695	0.9636	0.9659	0.9695	0.9693	0.9694	0.9689	0.9628	0.9694	0.9695	0.9694	0.9666	0.9694	1.3606	1.2293	0.9692
  g	0.9693	0.9689	1.243	0.9691	0.9683	0.9677	1.2336	0.9689	0.9346	0.9692	0.9695	1.007	0.9692	0.969	0.9691	0.9684	0.9692	0.9591	0.9691	0.9716	0.9607	0.9693	0.9692	0.969	0.9663	0.969	0.9691	0.9643	0.9649	0.969	0.9691	0.9691	0.9691	0.969	0.9647	0.9635	0.9581	0.9696	0	0.9691	0.9692	0.9691	1.0121	0.9691	0.9691	0.9692	0.9634	0.9691	0.9698	0.9692	0.9605	0.9654	0.9691	0.969	0.9692	0.9678	0.9616	0.9691	0.9692	0.9692	0.9661	0.9692	1.183	0.9589	0.9688
  h	0.9693	0.9689	0.9653	0.9691	0.9682	0.9676	0.9657	0.9689	0.9319	0.9692	1.4531	0.9379	0.9692	0.969	0.9691	0.9684	0.9691	0.9583	0.9691	0.9683	0.96	0.969	0.9692	0.969	0.9661	0.969	0.9691	0.9639	0.9645	0.969	0.9691	0.9691	0.9691	0.969	0.9641	0.9631	0.9569	0.9694	0.9691	0	0.9692	0.969	0.969	0.9691	0.9691	0.9692	0.9629	0.9691	0.9692	0.9692	0.9597	0.9651	0.9691	0.969	0.9692	0.9677	0.961	0.9691	0.9692	0.9692	0.9658	0.9692	0.8907	0.958	0.9688
  i	0.9693	0.9689	0.9654	0.9692	0.9683	0.9679	0.9657	0.969	0.9318	0.9693	0.9692	0.938	1.1226	0.9691	0.9692	0.9684	1.3008	0.96	0.9692	0.9683	0.9602	0.9691	0.9693	0.9691	0.9662	0.9691	0.9692	0.9641	0.9645	0.9691	0.9693	0.9692	0.9692	0.9692	0.9642	0.9631	1.0642	0.9695	0.9692	0.9692	0	0.9691	0.9691	0.9692	0.9691	0.9692	0.9644	0.9691	0.9692	0.9692	0.9598	0.9652	0.9692	0.9691	0.9692	0.9678	0.9611	0.9692	0.9693	0.9692	0.9659	0.9692	0.89	0.9582	0.9689
  j	0.9693	0.9689	0.9657	0.9691	0.9682	0.9677	0.966	0.9689	0.9355	0.9691	0.9696	0.9418	0.9691	0.9689	0.9691	0.9684	0.9691	0.9616	0.9691	0.9684	0.9609	0.9689	0.9691	0.9689	0.9663	0.9689	0.9691	0.9643	0.965	0.969	0.9691	0.969	0.969	0.969	0.9646	0.9636	1.0337	0.9693	0.9691	0.969	0.9691	0	0.969	0.969	0.969	0.9691	0.9635	0.969	0.9691	0.9691	0.9607	0.9654	0.9691	0.9706	0.9691	0.9678	0.9618	0.9691	0.9691	0.9691	0.9661	0.9691	1.2698	0.9591	0.9687
  k	0.9693	0.9689	1.3546	0.969	0.9683	0.9678	0.9664	0.9689	1.0503	0.9691	0.97	0.9433	0.9691	0.9689	0.969	0.9685	0.969	0.96	0.9691	1.1355	0.9615	0.983	0.9691	0.969	0.9665	0.9689	0.9691	0.9647	0.9654	0.969	0.969	0.969	0.969	0.969	1.1462	0.964	0.961	0.9695	1.0121	0.969	0.9691	0.969	0	0.969	0.969	0.9691	0.9639	0.969	1.1414	0.9691	0.9614	0.9657	0.969	0.969	0.9691	0.9679	0.9624	0.969	0.9692	0.9691	0.9664	0.9691	1.6061	0.9598	0.9688
  l	0.9693	0.9689	0.9654	0.9691	0.9682	0.9676	0.9657	0.9689	0.9324	0.9692	0.9692	0.9384	0.9692	0.969	0.9691	0.9684	0.9692	0.9585	0.9691	0.9683	0.9602	0.969	0.9692	0.969	0.9661	0.969	0.9691	0.9639	0.9645	0.969	0.9691	0.9691	0.9691	0.969	0.9642	0.9632	1.4355	0.9694	0.9691	0.9691	0.9692	0.969	0.969	0	0.9691	0.9692	0.963	0.9691	0.9691	0.9692	0.9599	0.9652	0.9691	0.969	0.9692	0.9677	0.9611	0.9691	0.9692	0.9691	0.9658	0.9691	0.8911	0.9582	0.9688
  m	0.9692	0.9688	0.9653	0.9692	0.9681	0.9676	0.9656	0.9689	0.9318	0.9692	0.9692	0.938	0.9691	0.9689	0.9691	0.9683	0.9691	0.9583	0.9691	0.9683	0.96	0.9689	0.9691	0.9689	0.966	0.969	0.9691	1.342	0.9644	0.969	0.9691	0.969	0.9691	0.969	0.9641	0.9631	0.9569	0.9693	0.9691	0.9691	0.9691	0.969	0.969	0.9691	0	0.9691	0.9628	0.969	0.9691	0.9691	0.9597	0.9651	0.9691	0.969	1.0835	0.9677	0.9609	0.9691	0.9691	0.9691	0.9659	0.9691	0.8899	0.958	0.9687
  n	0.9693	0.9689	0.9655	0.9692	0.9683	0.9677	0.9658	0.969	0.933	0.9692	0.9693	0.9389	0.9692	0.969	0.9692	1.3026	0.9692	0.9587	0.9692	0.9684	0.9603	0.969	0.9692	0.969	0.9662	0.9691	0.9692	0.964	0.9647	0.969	0.9692	0.9691	0.9692	0.9691	0.9643	0.9633	0.9573	0.9694	0.9692	0.9692	0.9692	0.9691	0.9691	0.9692	0.9691	0	0.9631	0.9691	0.9692	0.9692	0.9601	0.9653	0.9692	0.9691	1.0545	0.9678	0.9613	0.9692	0.9692	0.9692	0.9661	0.9692	1.0053	0.9584	0.9688
  o	0.9648	0.964	1.2229	0.9632	3.5847	3.0456	0.9654	1.0353	0.9501	0.9629	0.9677	4.2277	0.9767	0.9652	1.7385	0.9645	1.731	0.9871	0.9636	0.9664	1.0601	0.9632	0.964	1.4459	0.9615	1.4442	0.9636	0.9608	3.7671	1.2428	0.9631	0.9629	1.4444	0.9648	0.9631	6.9905	7.0037	0.9651	0.9634	0.9629	0.9644	0.9635	0.9639	0.963	0.9628	0.9631	0	0.9636	1.0158	0.9649	1.2245	0.9608	0.963	0.9649	0.964	1.519	0.9599	0.9629	0.9639	0.9633	0.9662	0.9636	3.5995	1.8567	0.9632
  p	0.9693	0.9689	0.9658	0.9691	0.9683	0.9677	0.9661	0.9689	0.936	0.9692	0.9697	0.9414	0.9691	0.9689	0.9691	0.9684	0.9691	0.9595	0.9691	0.9684	0.961	0.9689	0.9691	0.9689	0.9664	0.969	0.9692	0.9644	0.9651	0.969	0.9691	0.969	0.9691	0.969	0.9647	0.9637	0.9583	0.9693	0.9691	0.9691	0.9691	0.969	0.969	0.9691	0.969	0.9691	0.9636	0	0.9691	0.9691	0.9608	0.9655	0.9691	1.4559	0.9691	0.9678	0.9619	0.9691	0.9692	0.9691	0.9666	0.9691	1.3458	0.9593	0.9687
  q	0.9694	0.969	1.5032	0.9692	0.9685	0.9681	1.369	0.969	0.9418	0.9693	0.9706	1.9237	0.9692	0.9691	0.9692	0.9687	0.9692	0.9612	0.9692	1.0348	0.9627	0.9695	0.9693	0.9691	0.9669	0.9691	0.9692	0.9654	0.9662	0.9691	0.9692	0.9691	0.9691	0.9692	1.1928	0.9648	1.2027	0.9703	0.9698	0.9692	0.9692	0.9691	1.1414	0.9691	0.9691	0.9692	1.0158	0.9691	0	0.9692	1.1798	0.9662	0.9692	0.9691	0.9692	0.9683	0.9633	0.9692	0.9693	0.9692	0.9669	0.9693	2.1143	0.961	0.969
  r	0.9695	0.969	0.9667	0.9692	0.9685	0.9684	0.9667	0.969	0.9419	0.9693	0.9707	0.9459	0.9693	0.9691	0.9692	0.9687	0.9693	0.9615	0.9692	0.9686	0.9627	0.9691	0.9693	0.9691	0.9669	0.9691	0.9692	0.9658	0.966	0.9691	0.9692	0.9691	0.9692	0.9703	0.9656	0.9647	1.1735	0.9695	0.9692	0.9692	0.9692	0.9691	0.9691	0.9692	0.9691	0.9692	0.9649	0.9691	0.9692	0	0.9623	0.9662	0.9692	0.9691	0.9692	0.9682	0.9634	0.9692	0.9694	0.9692	0.9669	0.9692	2.2709	0.961	1.5445
  s	0.9617	0.9616	1.4708	0.9602	0.959	0.9603	0.9805	0.9604	1.8233	0.9598	0.9727	7.9744	0.96	0.961	0.9597	0.9634	0.96	0.9595	0.9608	0.9655	0.9986	0.9602	0.9604	0.9604	0.9592	0.9597	0.9608	0.9586	2.1011	0.9614	0.9599	0.9597	0.9598	0.9645	1.0098	1.5321	1.1257	0.9636	0.9605	0.9597	0.9598	0.9607	0.9614	0.9599	0.9597	0.9601	1.2245	0.9608	1.1798	0.9623	0	0.9584	0.9599	0.9627	0.9614	1.5736	0.9588	0.9597	0.961	0.9604	0.9641	0.9608	7.5975	1.1728	0.9597
  t	0.9655	0.9656	0.9635	0.9654	0.964	0.9902	0.9642	0.9652	0.932	0.9652	0.9666	0.9373	0.9653	0.9669	0.9651	0.9655	0.9652	6.5376	0.9656	0.9667	0.9598	0.9822	0.9653	0.9652	0.9623	0.965	0.9656	0.9836	0.963	0.9656	0.9652	0.9651	0.9651	0.966	0.962	0.9609	0.9579	0.9659	0.9654	0.9651	0.9652	0.9654	0.9657	0.9652	0.9651	0.9653	0.9608	0.9655	0.9662	0.9662	0.9584	0	0.9652	0.9663	0.9658	0.9648	0.9577	0.9651	0.9655	0.9654	0.9639	0.9655	0.8904	0.9562	0.9647
  u	0.9693	0.9689	0.9655	0.9691	0.9682	0.9676	0.9657	0.9689	0.9323	0.9692	0.9691	0.9384	0.9692	0.969	0.9691	0.9684	0.9692	0.9585	0.9692	0.9683	0.9737	0.969	0.9692	0.969	0.9661	0.969	0.9692	0.9639	0.9646	0.969	0.9692	0.9691	0.9691	0.9691	0.9642	0.9632	1.0077	0.9695	0.9691	0.9691	0.9692	0.9691	0.969	0.9691	0.9691	0.9692	0.963	0.9691	0.9692	0.9692	0.9599	0.9652	0	0.969	0.9692	0.9677	0.9611	0.9692	0.9692	0.9692	0.9658	0.9692	0.8908	1.3923	0.9688
  v	0.9694	0.9689	0.9667	0.969	0.9684	0.9681	0.9669	0.9689	0.9432	0.9691	0.9709	0.9478	0.9691	0.969	0.969	0.9686	0.9691	0.9717	0.9691	0.9686	0.9629	0.969	0.9692	0.9689	0.9669	0.9689	0.9695	0.9654	0.9677	0.969	0.9691	0.969	0.969	0.969	0.9657	0.9649	1.5048	0.9693	0.969	0.969	0.9691	0.9706	0.969	0.969	0.969	0.9691	0.9649	1.4559	0.9691	0.9691	0.9627	0.9663	0.969	0	0.9691	0.9681	0.9635	0.969	0.9693	0.9691	0.9717	0.9691	2.6663	0.9613	0.9688
  w	0.9698	0.969	0.9662	0.9695	0.9684	0.968	0.9668	0.969	0.938	0.9693	0.9704	0.9431	0.9692	0.9691	0.9692	1.1733	0.9692	0.9604	0.9692	0.9685	0.9616	0.9691	0.9692	0.9691	0.9666	0.9691	0.9692	1.4366	0.966	0.9691	0.9692	0.9692	0.9692	0.9691	0.965	0.9641	0.9591	0.9694	0.9692	0.9692	0.9692	0.9691	0.9691	0.9692	1.0835	1.0545	0.964	0.9691	0.9692	0.9692	0.9614	0.9658	0.9692	0.9691	0	0.968	0.9625	0.9692	0.9694	0.9692	1.4501	0.9702	1.6974	0.9599	0.9689
  x	0.9689	0.9678	0.9782	0.9678	0.9674	0.9672	0.9665	0.9802	0.9423	0.9678	0.9698	3.9293	0.9678	0.968	0.9678	0.9677	0.9679	0.9607	0.9679	0.9681	1.3366	0.9677	0.9679	0.9678	0.9656	0.9677	0.9679	0.9643	3.5691	0.9681	0.9677	0.9678	0.9677	0.9684	0.9649	0.9937	1.0695	0.9689	0.9678	0.9677	0.9678	0.9678	0.9679	0.9677	0.9677	0.9678	1.519	0.9678	0.9683	0.9682	1.5736	0.9648	0.9677	0.9681	0.968	0	0.9623	0.9677	0.968	0.9678	0.9664	0.9679	1.9368	1.1466	0.9675
  y	0.9617	0.9625	1.0624	0.9613	0.9602	1.0036	0.9645	0.9613	0.9368	0.9611	1.2905	1.4111	0.9613	0.9621	0.961	0.9629	0.9613	0.9551	0.962	0.9656	0.9633	0.9612	0.9615	0.9613	0.9587	0.9609	0.962	0.9572	0.9625	0.9623	0.9611	0.961	0.961	0.9634	0.9604	1.9183	1.9155	0.9628	0.9616	0.961	0.9611	0.9618	0.9624	0.9611	0.9609	0.9613	0.9599	0.9619	0.9633	0.9634	0.9588	0.9577	0.9611	0.9635	0.9625	0.9623	0	0.961	0.962	0.9615	1.4415	0.9618	1.4955	0.9543	0.9609
  z	0.9693	0.9689	0.9653	0.9691	0.9682	0.9676	0.9656	0.9689	0.9318	0.9692	0.9691	0.9379	0.9692	0.969	0.9691	0.9685	0.9691	0.9583	0.9692	0.9683	0.96	0.969	0.9692	0.969	0.9661	0.969	0.9692	0.9638	0.9645	0.969	0.9692	0.9691	0.9691	0.969	0.9641	0.9631	0.9569	0.9694	0.9691	0.9691	0.9692	0.9691	0.969	0.9691	0.9691	0.9692	0.9629	0.9691	0.9692	0.9692	0.9597	0.9651	0.9692	0.969	0.9692	0.9677	0.961	0	0.9692	0.9692	1.4488	0.9692	0.89	0.9581	0.9687
  {	0.9694	0.969	0.966	0.9692	0.9683	0.9679	0.9664	0.969	0.9367	0.9693	0.9699	0.9418	0.9693	0.9692	0.9692	0.9691	0.9693	0.9597	0.9692	0.9687	0.9615	0.9691	0.9694	0.9691	0.9664	0.9691	0.9692	0.9646	0.9669	0.9693	0.9692	0.9692	0.9692	0.9693	0.9648	0.9637	1.5073	0.9695	0.9692	0.9692	0.9693	0.9691	0.9692	0.9692	0.9691	0.9692	0.9639	0.9692	0.9693	0.9694	0.961	0.9655	0.9692	0.9693	0.9694	0.968	0.962	0.9692	0	0.9692	1.0601	0.9693	1.2208	0.9592	0.9689
  |	0.9693	0.9689	0.9656	0.9691	0.9683	0.9677	1.2301	0.969	0.9341	0.9692	0.9695	0.9399	0.9692	0.969	0.9692	0.9684	0.9692	0.959	0.9692	0.9684	0.9606	0.969	0.9692	0.969	0.9663	0.969	0.9692	0.9642	0.9648	0.969	0.9692	0.9691	0.9691	0.9691	0.9645	0.9635	0.9577	0.9694	0.9692	0.9692	0.9692	0.9691	0.9691	0.9691	0.9691	0.9692	0.9633	0.9691	0.9692	0.9692	0.9604	0.9654	0.9692	0.9691	0.9692	0.9678	0.9615	0.9692	0.9692	0	0.9661	0.9692	1.1213	0.9587	0.9688
  }	0.9668	0.9665	0.967	0.9665	0.9652	0.9658	1.0807	0.9659	0.9524	0.9659	1.2426	1.431	0.966	0.9666	0.9658	3.1164	0.966	1.4433	0.9662	0.9679	1.4559	0.9659	0.9664	0.9659	0.9644	0.9657	0.9668	1.8754	1.4739	1.4238	0.9659	0.9658	0.9658	0.9668	0.9652	0.9644	2.4448	0.9666	0.9661	0.9658	0.9659	0.9661	0.9664	0.9658	0.9659	0.9661	0.9662	0.9666	0.9669	0.9669	0.9641	0.9639	0.9658	0.9717	1.4501	0.9664	1.4415	1.4488	1.0601	0.9661	0	0.9663	5.1182	0.963	0.9658
  ~	0.9695	0.969	0.966	0.9691	0.9683	0.9678	1.2443	0.969	0.9357	0.9692	0.9699	0.9412	0.9692	0.969	0.9692	0.9685	0.9692	0.9593	0.9692	0.9687	0.961	0.969	0.9692	0.969	0.9664	0.969	0.9692	0.9644	0.9654	0.9691	0.9692	0.9691	0.9691	0.9691	0.9647	0.9637	0.9583	0.9694	0.9692	0.9692	0.9692	0.9691	0.9691	0.9691	0.9691	0.9692	0.9636	0.9691	0.9693	0.9692	0.9608	0.9655	0.9692	0.9691	0.9702	0.9679	0.9618	0.9692	0.9693	0.9692	0.9663	0	1.2359	0.9591	0.9688
  	1.0908	1.781	6.1394	0.8933	0.8865	1.1968	8.8497	0.8983	58.6164	0.8912	3.0762	16.3283	0.8917	1.348	0.8897	2.6711	0.8921	2.2502	1.3467	7.2599	6.0997	0.9871	0.9931	1.1093	0.8919	0.8902	1.3459	0.978	6.2804	1.3361	0.8911	0.8902	0.8902	2.1574	3.3516	0.9407	16.9107	1.3606	1.183	0.8907	0.89	1.2698	1.6061	0.8911	0.8899	1.0053	3.5995	1.3458	2.1143	2.2709	7.5975	0.8904	0.8908	2.6663	1.6974	1.9368	1.4955	0.89	1.2208	1.1213	5.1182	1.2359	0	0.9329	0.8947
  	0.9592	0.96	1.1488	0.9589	0.9778	0.9589	0.963	2.3991	1.4013	0.9581	0.9625	8.0098	0.9584	1.2441	0.9581	0.9606	0.9585	1.0879	0.9593	0.9642	2.6245	0.9584	0.9586	0.9842	0.9568	0.958	0.9593	0.9558	3.5537	0.9599	0.9583	0.9581	0.9581	1.0794	0.9597	2.5965	2.4219	1.2293	0.9589	0.958	0.9582	0.9591	0.9598	0.9582	0.958	0.9584	1.8567	0.9593	0.961	0.961	1.1728	0.9562	1.3923	0.9613	0.9599	1.1466	0.9543	0.9581	0.9592	0.9587	0.963	0.9591	0.9329	0	0.958
  	0.9689	0.9686	1.0975	0.9688	0.9678	0.9678	1.0463	0.9686	0.9318	1.0494	1.198	0.938	0.969	0.9687	0.9687	0.9681	0.9689	0.9587	0.9688	0.9682	0.9604	0.9687	0.9689	0.9687	0.9657	0.9686	0.9688	1.2196	0.9644	0.9687	0.9688	0.9687	0.9687	0.969	0.9639	0.9629	1.3965	0.9692	0.9688	0.9688	0.9689	0.9687	0.9688	0.9688	0.9687	0.9688	0.9632	0.9687	0.969	1.5445	0.9597	0.9647	0.9688	0.9688	0.9689	0.9675	0.9609	0.9687	0.9689	0.9688	0.9658	0.9688	0.8947	0.958	0

Actual rates from j->i (Q_ij):
	A	B	C	D	E	F	G	H	I	J	K	L	M	N	O	P	Q	R	S	T	U	V	W	X	Y	Z	[	\	]	^	_	`	a	b	c	d	e	f	g	h	i	j	k	l	m	n	o	p	q	r	s	t	u	v	w	x	y	z	{	|	}	~			
  A	0	0.0178	0.0177	0.0178	0.0178	0.0178	0.0177	0.0178	0.0172	0.0178	0.0178	0.0173	0.0178	0.0178	0.0178	0.0178	0.0178	0.0176	0.0178	0.0178	0.0177	0.0178	0.0178	0.0178	0.0177	0.0178	0.0178	0.0177	0.023	0.0178	0.0178	0.0178	0.0178	0.0178	0.0177	0.0177	0.0176	0.0178	0.0178	0.0178	0.0178	0.0178	0.0178	0.0178	0.0178	0.0178	0.0177	0.0178	0.0178	0.0178	0.0176	0.0177	0.0178	0.0178	0.0178	0.0178	0.0176	0.0178	0.0178	0.0178	0.0177	0.0178	0.02	0.0176	0.0178
  B	0.0152	0	0.0152	0.0152	0.0152	0.0152	0.0152	0.0152	0.0147	0.0152	0.0176	0.0148	0.0152	0.0152	0.0152	0.0152	0.0152	0.0151	0.0152	0.0152	0.0151	0.0152	0.0152	0.0152	0.0152	0.0152	0.0152	0.0151	0.0151	0.0152	0.0152	0.0152	0.0152	0.0152	0.0151	0.0151	0.015	0.0152	0.0152	0.0152	0.0152	0.0152	0.0152	0.0152	0.0152	0.0152	0.0151	0.0152	0.0152	0.0152	0.0151	0.0151	0.0152	0.0152	0.0152	0.0152	0.0151	0.0152	0.0152	0.0152	0.0152	0.0152	0.0279	0.0151	0.0152
  C	0.0086	0.0086	0	0.0086	0.0086	0.0086	0.0143	0.0086	0.0085	0.0089	0.0102	0.0134	0.0086	0.0086	0.0086	0.01	0.0086	0.0086	0.0086	0.0097	0.0158	0.0119	0.0086	0.01	0.0086	0.0086	0.0086	0.0096	0.0164	0.0086	0.0086	0.0086	0.0086	0.0096	0.0089	0.0086	0.0266	0.0106	0.0111	0.0086	0.0086	0.0086	0.0121	0.0086	0.0086	0.0086	0.0109	0.0086	0.0134	0.0086	0.0131	0.0086	0.0086	0.0086	0.0086	0.0087	0.0095	0.0086	0.0086	0.0086	0.0086	0.0086	0.0547	0.0102	0.0098
  D	0.0181	0.018	0.018	0	0.018	0.018	0.018	0.018	0.0174	0.0181	0.0181	0.0221	0.0181	0.0181	0.018	0.018	0.018	0.0633	0.018	0.018	0.0179	0.018	0.018	0.018	0.018	0.018	0.018	0.0265	0.018	0.018	0.018	0.018	0.018	0.018	0.018	0.0179	0.0178	0.0181	0.018	0.018	0.0181	0.018	0.018	0.018	0.0181	0.018	0.0179	0.018	0.0181	0.018	0.0179	0.018	0.018	0.018	0.0181	0.018	0.0179	0.018	0.0181	0.018	0.018	0.018	0.0166	0.0179	0.018
  E	0.0197	0.0197	0.0197	0.0197	0	0.0197	0.0197	0.0197	0.019	0.0197	0.0197	0.0191	0.0197	0.0197	0.0258	0.0197	0.0197	0.0195	0.0197	0.0197	0.0196	0.0197	0.0197	0.0197	0.0197	0.0197	0.0197	0.0196	0.0198	0.02	0.0197	0.0197	0.0197	0.0197	0.0196	0.0771	0.0196	0.0197	0.0197	0.0197	0.0197	0.0197	0.0197	0.0197	0.0197	0.0197	0.0731	0.0197	0.0197	0.0197	0.0195	0.0196	0.0197	0.0197	0.0197	0.0197	0.0196	0.0197	0.0197	0.0197	0.0197	0.0197	0.0181	0.0199	0.0197
  F	0.0171	0.0171	0.0171	0.0171	0.0171	0	0.0171	0.0171	0.0166	0.0171	0.0198	0.0167	0.0172	0.0179	0.0171	0.0256	0.0202	0.0661	0.0171	0.0171	0.0183	0.0264	0.0171	0.0171	0.0171	0.0171	0.0171	0.0258	0.0171	0.0171	0.0171	0.0171	0.0171	0.0171	0.0171	0.0171	0.0707	0.0171	0.0171	0.0171	0.0171	0.0171	0.0171	0.0171	0.0171	0.0171	0.0539	0.0171	0.0171	0.0171	0.017	0.0175	0.0171	0.0171	0.0171	0.0171	0.0178	0.0171	0.0171	0.0171	0.0171	0.0171	0.0212	0.017	0.0171
  G	0.0068	0.0068	0.0113	0.0068	0.0068	0.0068	0	0.0068	0.0068	0.007	0.0118	0.0092	0.0068	0.0068	0.0068	0.0068	0.0068	0.0068	0.0068	0.0093	0.007	0.0068	0.0068	0.0068	0.0068	0.0068	0.0068	0.0073	0.0068	0.0072	0.0068	0.0068	0.0068	0.0069	0.0068	0.0068	0.0068	0.0068	0.0087	0.0068	0.0068	0.0068	0.0068	0.0068	0.0068	0.0068	0.0068	0.0068	0.0097	0.0068	0.0069	0.0068	0.0068	0.0068	0.0068	0.0068	0.0068	0.0068	0.0068	0.0087	0.0076	0.0088	0.0626	0.0068	0.0074
  H	0.0176	0.0176	0.0175	0.0176	0.0176	0.0176	0.0175	0	0.017	0.0176	0.0176	0.0314	0.0176	0.0176	0.0176	0.0176	0.0176	0.0174	0.0176	0.0176	0.0175	0.0176	0.0176	0.0176	0.0176	0.0176	0.0176	0.0175	0.0177	0.0176	0.0176	0.0176	0.0176	0.0176	0.0175	0.0186	0.0174	0.0176	0.0176	0.0176	0.0176	0.0176	0.0176	0.0176	0.0176	0.0176	0.0188	0.0176	0.0176	0.0176	0.0174	0.0175	0.0176	0.0176	0.0176	0.0178	0.0175	0.0176	0.0176	0.0176	0.0175	0.0176	0.0163	0.0436	0.0176
  I	0.0018	0.0018	0.0019	0.0018	0.0018	0.0018	0.0019	0.0018	0	0.0018	0.002	0.0028	0.0018	0.0018	0.0018	0.0019	0.0018	0.0018	0.0018	0.0019	0.0019	0.0018	0.0018	0.0018	0.0018	0.0018	0.0018	0.0018	0.0028	0.0018	0.0018	0.0018	0.0018	0.0018	0.0077	0.0018	0.0019	0.0018	0.0018	0.0018	0.0018	0.0018	0.002	0.0018	0.0018	0.0018	0.0019	0.0018	0.0018	0.0018	0.0036	0.0018	0.0018	0.0018	0.0018	0.0018	0.0018	0.0018	0.0018	0.0018	0.0019	0.0018	0.1144	0.0027	0.0018
  J	0.0188	0.0188	0.0193	0.0188	0.0188	0.0187	0.0191	0.0188	0.0181	0	0.0199	0.0182	0.0188	0.0188	0.0188	0.0188	0.0188	0.0186	0.0188	0.0188	0.0186	0.0188	0.0188	0.0188	0.0187	0.0188	0.0188	0.0262	0.0187	0.0188	0.0188	0.0188	0.0188	0.0188	0.0187	0.0187	0.0185	0.0188	0.0188	0.0188	0.0188	0.0188	0.0188	0.0188	0.0188	0.0188	0.0187	0.0188	0.0188	0.0188	0.0186	0.0187	0.0188	0.0188	0.0188	0.0187	0.0186	0.0188	0.0188	0.0188	0.0187	0.0188	0.0173	0.0186	0.0203
  K	0.0126	0.0146	0.0149	0.0126	0.0126	0.0145	0.0216	0.0126	0.013	0.0134	0	0.0124	0.0126	0.0126	0.0126	0.0126	0.0126	0.0125	0.0126	0.0126	0.0129	0.0126	0.0126	0.0126	0.0126	0.0126	0.0126	0.0185	0.0126	0.0126	0.0126	0.0126	0.0126	0.0126	0.0126	0.0125	0.0156	0.0126	0.0126	0.0189	0.0126	0.0126	0.0126	0.0126	0.0126	0.0126	0.0126	0.0126	0.0126	0.0126	0.0126	0.0126	0.0126	0.0126	0.0126	0.0126	0.0168	0.0126	0.0126	0.0126	0.0161	0.0126	0.0399	0.0125	0.0156
  L	0.0054	0.0054	0.0086	0.0068	0.0054	0.0054	0.0074	0.0099	0.0082	0.0054	0.0055	0	0.0054	0.0054	0.0054	0.0054	0.0054	0.0054	0.0054	0.0057	0.0612	0.0054	0.0054	0.006	0.008	0.0054	0.0054	0.0068	0.0281	0.0129	0.0054	0.0054	0.0054	0.0054	0.0054	0.0536	0.0069	0.0071	0.0058	0.0054	0.0054	0.0054	0.0054	0.0054	0.0054	0.0054	0.0242	0.0054	0.011	0.0054	0.0456	0.0054	0.0054	0.0054	0.0054	0.0225	0.0081	0.0054	0.0054	0.0054	0.0082	0.0054	0.0934	0.0458	0.0054
  M	0.0185	0.0185	0.0184	0.0185	0.0185	0.0185	0.0184	0.0185	0.0178	0.0185	0.0185	0.0179	0	0.0185	0.0185	0.0185	0.024	0.0184	0.0185	0.0185	0.0183	0.0185	0.0185	0.0185	0.0184	0.0185	0.0185	0.0184	0.0184	0.0185	0.0185	0.0185	0.0185	0.0185	0.0184	0.0184	0.0425	0.0185	0.0185	0.0185	0.0214	0.0185	0.0185	0.0185	0.0185	0.0185	0.0186	0.0185	0.0185	0.0185	0.0183	0.0184	0.0185	0.0185	0.0185	0.0185	0.0183	0.0185	0.0185	0.0185	0.0184	0.0185	0.017	0.0183	0.0185
  N	0.0166	0.0166	0.0165	0.0166	0.0165	0.0173	0.0165	0.0166	0.016	0.0166	0.0166	0.0162	0.0166	0	0.0166	0.0166	0.0166	0.0257	0.0166	0.0165	0.0194	0.0166	0.0166	0.0166	0.0165	0.0166	0.0166	0.0165	0.0165	0.0166	0.0166	0.0166	0.0166	0.0166	0.0165	0.0165	0.0199	0.0166	0.0166	0.0166	0.0166	0.0166	0.0166	0.0166	0.0166	0.0166	0.0165	0.0166	0.0166	0.0166	0.0164	0.0165	0.0166	0.0166	0.0166	0.0165	0.0164	0.0166	0.0166	0.0166	0.0165	0.0166	0.023	0.0213	0.0165
  O	0.0189	0.0189	0.0188	0.0189	0.0247	0.0189	0.0188	0.0189	0.0182	0.0189	0.0189	0.0183	0.0189	0.0189	0	0.0189	0.0189	0.0187	0.0189	0.0189	0.0187	0.0189	0.0189	0.0189	0.0188	0.0189	0.0189	0.0188	0.0188	0.0189	0.0189	0.0189	0.0189	0.0189	0.0188	0.0188	0.0188	0.0189	0.0189	0.0189	0.0189	0.0189	0.0189	0.0189	0.0189	0.0189	0.0339	0.0189	0.0189	0.0189	0.0187	0.0188	0.0189	0.0189	0.0189	0.0189	0.0187	0.0189	0.0189	0.0189	0.0188	0.0189	0.0173	0.0187	0.0189
  P	0.0139	0.0139	0.0161	0.0139	0.0139	0.0207	0.0138	0.0139	0.0142	0.0139	0.0139	0.0136	0.0139	0.0139	0.0139	0	0.0139	0.0345	0.0139	0.0139	0.0138	0.0139	0.0139	0.0139	0.0138	0.0139	0.0139	0.0138	0.0138	0.0139	0.0139	0.0139	0.0139	0.0139	0.0138	0.0138	0.0149	0.0139	0.0139	0.0139	0.0139	0.0139	0.0139	0.0139	0.0139	0.0187	0.0138	0.0139	0.0139	0.0139	0.0138	0.0138	0.0139	0.0139	0.0168	0.0139	0.0138	0.0139	0.0139	0.0139	0.0446	0.0139	0.0383	0.0138	0.0139
  Q	0.0185	0.0185	0.0184	0.0185	0.0185	0.0217	0.0184	0.0185	0.0178	0.0185	0.0185	0.0179	0.024	0.0185	0.0185	0.0185	0	0.0183	0.0185	0.0184	0.0183	0.0185	0.0185	0.0185	0.0184	0.0185	0.0185	0.0184	0.0184	0.0185	0.0185	0.0185	0.0185	0.0185	0.0184	0.0184	0.0358	0.0185	0.0185	0.0185	0.0248	0.0185	0.0185	0.0185	0.0185	0.0185	0.033	0.0185	0.0185	0.0185	0.0183	0.0184	0.0185	0.0185	0.0185	0.0184	0.0183	0.0185	0.0185	0.0185	0.0184	0.0185	0.017	0.0183	0.0185
  R	0.0119	0.0119	0.0119	0.042	0.0118	0.0461	0.0119	0.0119	0.0117	0.0118	0.0119	0.0117	0.0119	0.0186	0.0118	0.0298	0.0119	0	0.0119	0.0119	0.013	0.0247	0.0119	0.0119	0.0118	0.0118	0.0119	0.0414	0.0119	0.0119	0.0119	0.0118	0.0118	0.0119	0.0119	0.0119	0.0757	0.0119	0.0119	0.0118	0.0119	0.0119	0.0119	0.0118	0.0118	0.0119	0.0122	0.0119	0.0119	0.0119	0.0119	0.0808	0.0118	0.012	0.0119	0.0119	0.0118	0.0118	0.0119	0.0119	0.0178	0.0119	0.0278	0.0134	0.0119
  S	0.0167	0.0167	0.0166	0.0167	0.0167	0.0167	0.0166	0.0167	0.0161	0.0167	0.0167	0.0162	0.0167	0.0167	0.0167	0.0167	0.0167	0.0165	0	0.0167	0.0165	0.0167	0.0167	0.0167	0.0166	0.0167	0.0167	0.0166	0.0166	0.0167	0.0167	0.0167	0.0167	0.0167	0.0166	0.0166	0.0165	0.0167	0.0167	0.0167	0.0167	0.0167	0.0167	0.0167	0.0167	0.0167	0.0166	0.0167	0.0167	0.0167	0.0165	0.0166	0.0167	0.0167	0.0167	0.0167	0.0166	0.0167	0.0167	0.0167	0.0166	0.0167	0.0232	0.0165	0.0167
  T	0.0075	0.0075	0.0084	0.0075	0.0075	0.0075	0.0101	0.0075	0.0074	0.0075	0.0075	0.0077	0.0075	0.0075	0.0075	0.0075	0.0075	0.0074	0.0075	0	0.0074	0.0075	0.0075	0.0075	0.0075	0.0075	0.0075	0.0075	0.0075	0.0075	0.0075	0.0075	0.0075	0.0075	0.0079	0.0075	0.0074	0.0075	0.0075	0.0075	0.0075	0.0075	0.0088	0.0075	0.0075	0.0075	0.0075	0.0075	0.008	0.0075	0.0074	0.0075	0.0075	0.0075	0.0075	0.0075	0.0074	0.0075	0.0075	0.0075	0.0075	0.0075	0.056	0.0074	0.0075
