Map from character to field name
A:	Algeria
B:	Argentina
C:	Australia
D:	Austria
E:	Bangladesh
F:	Belgium
G:	Brazil
H:	Cambodia
I:	Canada
J:	Chad
K:	Chile
L:	China
M:	Czech Republic
N:	Denmark
O:	Egypt
P:	France
Q:	Georgia
R:	Germany
S:	Guam
T:	Guatemala
U:	Hong Kong
V:	Hungary
W:	Iceland
X:	India
Y:	Indonesia
Z:	Iran
[:	Ireland
\:	Italy
]:	Japan
^:	Kazakhstan
_:	Kuwait
`:	Laos
a:	Luxembourg
b:	Malaysia
c:	Mexico
d:	Mongolia
e:	Netherlands
f:	New Zealand
g:	Nicaragua
h:	Nigeria
i:	Norway
j:	Pakistan
k:	Peru
l:	Philippines
m:	Poland
n:	Romania
o:	Russia
p:	Saudi Arabia
q:	Singapore
r:	South Africa
s:	South Korea
t:	Spain
u:	Sri Lanka
v:	Sweden
w:	Switzerland
x:	Taiwan
y:	Thailand
z:	Turkey
{:	Ukraine
|:	United Arab Emirates
}:	United Kingdom
~:	Uruguay
:	Usa
:	Vietnam
:	Zambia
:	?


Substitution rate (mu): 23.127343

Equilibrium frequencies (pi_i):
  A: 0.0182
  B: 0.016
  C: 0.0102
  D: 0.0179
  E: 0.0175
  F: 0.0164
  G: 0.0086
  H: 0.0184
  I: 0.0018
  J: 0.0195
  K: 0.0097
  L: 0.008
  M: 0.0196
  N: 0.0187
  O: 0.0173
  P: 0.0174
  Q: 0.0198
  R: 0.0121
  S: 0.0173
  T: 0.0072
  U: 0.0058
  V: 0.0191
  W: 0.0193
  X: 0.0189
  Y: 0.0191
  Z: 0.0194
  [: 0.0173
  \: 0.0154
  ]: 0.0096
  ^: 0.0162
  _: 0.0182
  `: 0.0197
  a: 0.0196
  b: 0.017
  c: 0.0114
  d: 0.0098
  e: 0.0043
  f: 0.019
  g: 0.0198
  h: 0.0173
  i: 0.0194
  j: 0.0195
  k: 0.0175
  l: 0.0194
  m: 0.0197
  n: 0.0194
  o: 0.0096
  p: 0.0146
  q: 0.0181
  r: 0.0159
  s: 0.0065
  t: 0.0175
  u: 0.0194
  v: 0.0145
  w: 0.0151
  x: 0.0141
  y: 0.0108
  z: 0.0197
  {: 0.0192
  |: 0.0188
  }: 0.0109
  ~: 0.0173
  : 0.0052
  : 0.0107
  : 0.0193

Symmetrized rates from j->i (W_ij):
	A	B	C	D	E	F	G	H	I	J	K	L	M	N	O	P	Q	R	S	T	U	V	W	X	Y	Z	[	\	]	^	_	`	a	b	c	d	e	f	g	h	i	j	k	l	m	n	o	p	q	r	s	t	u	v	w	x	y	z	{	|	}	~			
  A	0	0.9612	0.9596	0.9611	0.9605	0.9603	0.9601	0.9615	0.9358	0.9612	0.961	0.9408	0.961	0.9611	0.9607	0.9609	0.961	0.9486	0.9612	0.9613	0.954	0.961	0.9612	0.961	0.9602	0.9611	0.9612	0.9567	1.199	0.9611	0.9611	0.9612	0.9611	0.9612	0.9589	0.9569	0.9534	0.961	0.9611	0.9612	0.9611	0.9611	0.9612	0.9611	0.9611	0.9612	0.9569	0.9612	0.9612	0.9613	0.955	0.9579	0.9611	0.9612	0.9613	0.9611	0.955	0.9611	0.9612	0.9611	0.9603	0.9612	1.1548	0.9534	0.9611
  B	0.9612	0	0.9594	0.9609	0.9603	0.9602	0.9596	0.9614	1.0764	0.961	0.9606	0.9412	0.9608	0.9609	0.9605	0.9607	0.9608	0.9499	0.9609	0.9607	1.3614	0.9608	0.9609	0.9608	0.9601	0.9609	0.9609	0.957	0.9596	0.9608	0.9609	0.9609	0.9609	1.0242	0.9588	0.9569	0.9537	0.9609	0.9609	0.9609	0.9609	0.9609	0.961	0.9609	0.9609	0.961	0.9569	0.9609	0.961	0.9746	0.9547	0.9581	0.9609	0.9609	0.961	0.9605	0.9555	0.9609	0.961	0.9609	0.9598	0.9609	1.6681	0.9542	0.9609
  C	0.9596	0.9594	0	0.9592	1.0324	0.9615	1.7526	0.9606	0.972	1.0127	1.2886	3.4837	0.9589	1.214	0.959	0.9596	0.9591	0.9558	0.959	0.9642	3.1353	1.4358	0.9588	0.9608	0.959	0.9589	0.9591	1.092	1.4906	0.9599	0.9591	0.9587	0.9588	1.2489	0.9611	0.9692	4.0851	0.9624	1.9134	0.9591	0.9589	0.9587	1.2074	0.9589	0.9586	0.9588	1.1364	0.9596	1.7912	0.9596	2.3651	0.9572	0.9588	0.96	0.9597	1.292	0.958	0.9586	0.9594	0.9588	0.9617	0.959	4.0479	1.4261	1.0815
  D	0.9611	0.9609	0.9592	0	0.9604	0.9607	0.9595	0.9613	0.9329	0.9611	0.9604	1.2838	0.9608	0.9614	0.9606	0.961	0.9609	3.3549	0.961	0.9607	0.954	0.961	0.9612	0.9609	0.9601	0.9609	0.961	1.2923	0.9594	0.9611	0.961	0.961	0.961	0.961	0.9585	0.9566	0.9536	0.9609	0.961	0.961	0.961	0.961	0.961	0.961	0.9638	0.961	0.9568	0.961	0.9612	0.961	0.954	0.9581	0.961	0.961	0.9611	0.9604	0.9554	0.961	0.9611	0.961	1.2016	0.961	0.8955	0.9533	0.9611
  E	0.9605	0.9603	1.0324	0.9604	0	0.9603	0.9595	0.9609	0.9347	0.9603	0.961	2.3695	0.9603	0.9603	0.9603	0.9601	1.4352	0.9492	0.9603	0.9606	0.9555	0.9602	0.9605	1.173	0.9595	0.9604	0.9603	0.9565	1.0555	0.9605	0.9603	0.9602	0.9602	0.9605	0.9583	1.4407	1.9325	0.9603	0.9602	0.9603	0.9603	0.9603	0.9605	0.9603	0.9602	0.9603	3.3329	0.9604	0.9606	0.9606	0.9549	0.9573	0.9602	0.9605	0.9605	0.9603	0.9547	0.9602	0.9608	0.9603	0.9598	0.9603	1.0166	1.2274	0.9605
  F	0.9603	0.9602	0.9615	0.9607	0.9603	0	0.9597	0.9605	1.3542	0.9602	0.9609	1.4334	1.0816	0.9608	0.9606	2.3271	0.9603	3.8802	0.9602	0.9607	0.9595	0.9937	0.961	0.9606	0.9597	0.9623	0.9602	1.3872	0.9607	0.9603	0.9602	0.96	0.961	0.9604	0.9587	0.9602	4.0259	0.9602	0.96	0.9602	0.9601	0.9601	0.9605	0.9601	0.9601	0.9603	3.8671	0.9603	0.9606	0.9605	1.0579	1.3876	0.9601	0.9605	0.9605	0.9601	0.973	0.96	0.9617	0.9601	1.0447	0.9602	1.2984	0.9543	0.9606
  G	0.9601	0.9596	1.7526	0.9595	0.9595	0.9597	0	0.9604	3.2152	0.9595	1.0029	1.5695	0.9592	0.9601	0.9593	0.9596	0.9593	0.9545	0.9594	1.0028	1.9869	0.9593	0.9593	0.9594	0.9589	0.9592	0.9595	1.0189	1.4392	0.9598	0.9594	0.9592	0.9593	0.9596	0.9592	0.9598	0.9582	0.9593	0.9594	0.9595	0.9592	0.9592	0.9595	0.9593	0.9592	0.9594	1.0349	0.9598	1.2595	0.9597	0.9578	0.958	0.9593	0.9598	0.9598	0.9618	0.9587	0.9592	0.9595	1.3077	0.9599	0.9609	5.7886	0.9637	0.9597
  H	0.9615	0.9614	0.9606	0.9613	0.9609	0.9605	0.9604	0	0.9492	0.9614	0.961	1.434	0.9612	0.9614	0.9609	0.9613	0.9612	0.9488	0.9613	0.9612	1.3068	0.9612	0.9613	0.9612	0.9604	0.9612	0.9613	0.9569	0.9611	0.9612	0.9613	0.9613	0.9613	0.9624	0.9592	1.4367	0.9568	0.9616	0.9613	0.9613	0.9613	0.9614	0.9614	0.9613	0.9613	0.9614	0.9575	0.9613	0.9615	0.9615	0.9552	0.9581	0.9614	0.9613	0.9614	0.9615	0.9562	0.9612	0.9614	0.9613	0.9602	0.9613	0.9666	2.0692	0.9613
  I	0.9358	1.0764	0.972	0.9329	0.9347	1.3542	3.2152	0.9492	0	0.9305	1.4531	3.9586	0.9304	0.9327	0.9528	1.1748	0.9302	0.9429	0.9338	1.48	5.0142	0.9311	0.9307	0.9317	0.9313	0.9306	0.9338	1.4534	2.3763	0.9361	0.9324	0.9302	0.9304	0.9349	2.5466	1.4654	1.0886	0.9314	0.9299	0.9338	0.9306	0.9305	0.9486	0.9306	0.93	0.931	3.1482	0.9382	0.933	0.9363	1.9099	0.9332	0.9305	0.9385	0.9379	0.9556	3.6567	0.93	0.9319	0.9316	0.9454	0.934	72.0062	1.4791	0.9312
  J	0.9612	0.961	1.0127	0.9611	0.9603	0.9602	0.9595	0.9614	0.9305	0	1.0342	0.9364	0.9609	0.9706	0.9606	0.9608	0.961	0.9478	0.961	0.9607	0.9527	0.961	0.9611	0.9609	0.9601	0.961	0.961	1.3723	0.9591	0.9609	0.961	0.961	0.961	0.961	0.9584	0.9559	0.9518	0.9609	0.9611	0.961	0.961	0.961	0.9611	0.961	0.961	0.9611	0.956	0.961	0.9612	0.9611	0.9533	0.9577	0.961	0.961	0.9611	0.9604	0.9543	0.961	0.9611	0.961	0.9598	0.961	0.9039	0.9523	1.0066
  K	0.961	0.9606	1.2886	0.9604	0.961	0.9609	1.0029	0.961	1.4531	1.0342	0	1.0199	0.9602	1.0682	0.9602	0.9607	0.9603	0.9548	0.9604	0.9623	0.9814	0.9604	0.9602	0.9605	0.9598	0.9602	0.9604	1.1639	1.045	0.9611	0.9603	0.9603	0.9602	0.9607	0.9601	0.9636	0.9669	0.9602	0.9606	0.9604	0.9602	0.9602	0.9606	0.9602	0.9602	0.9604	0.9819	0.9609	0.9611	0.9608	0.9621	0.9586	0.9602	0.9609	1.1413	0.963	1.4351	0.9601	0.9605	0.9604	1.4419	0.9605	4.997	0.9671	1.1219
  L	0.9408	0.9412	3.4837	1.2838	2.3695	1.4334	1.5695	1.434	3.9586	0.9364	1.0199	0	0.9364	0.9409	0.9407	1.256	0.9367	1.4138	0.939	1.4017	12.7642	0.9372	0.9368	1.415	0.9524	0.9373	0.939	1.074	5.2894	3.5314	0.938	0.9361	0.9362	0.941	0.9672	11.4934	8.5606	0.9447	0.9373	0.939	0.9365	0.939	0.9399	0.9365	0.9366	0.9366	7.3279	0.9426	2.2218	0.9419	5.7313	0.9379	0.9363	1.0287	0.9422	2.4756	1.8979	0.9359	0.9567	0.9372	2.2654	0.939	8.9012	11.3488	1.2069
  M	0.961	0.9608	0.9589	0.9608	0.9603	1.0816	0.9592	0.9612	0.9304	0.9609	0.9602	0.9364	0	0.9608	0.9604	0.9606	0.9608	0.9477	0.9608	0.9606	0.9526	0.9607	0.9609	0.9608	0.9599	0.9608	0.9608	0.9561	0.959	0.9607	0.9608	0.9608	0.9608	0.9608	0.9582	0.956	1.1394	0.9607	0.9608	0.9608	0.9608	0.9608	0.9609	0.9608	0.9608	0.9609	1.6481	0.9608	0.961	0.9609	0.9532	0.9575	0.9608	0.9608	0.9609	0.9601	0.9541	0.9608	0.9611	0.9608	0.9596	0.9608	0.8885	0.9522	0.9609
  N	0.9611	0.9609	1.214	0.9614	0.9603	0.9608	0.9601	0.9614	0.9327	0.9706	1.0682	0.9409	0.9608	0	0.9605	0.9609	0.9608	1.7881	0.9609	0.9607	1.2559	0.961	0.9611	0.9608	0.96	0.9609	0.9609	0.9937	0.9593	0.9608	0.9609	0.9609	0.9609	0.9612	0.9585	0.9562	0.9556	0.9609	0.961	0.9609	0.9609	0.9609	0.961	0.9609	0.9609	0.961	0.9564	0.9609	0.9611	0.961	0.9536	0.9588	0.961	0.9609	0.961	0.9606	0.9552	0.9609	0.961	0.9609	0.9599	0.9609	0.9846	0.9686	0.9785
  O	0.9607	0.9605	0.959	0.9606	0.9603	0.9606	0.9593	0.9609	0.9528	0.9606	0.9602	0.9407	0.9604	0.9605	0	0.9603	0.9604	0.9487	0.9605	0.9606	0.9537	0.9604	0.9605	0.961	0.9597	0.9608	0.9606	0.9564	0.9592	0.9605	0.9605	0.9605	0.9605	0.9605	0.9584	0.9564	1.4152	0.9604	0.9605	0.9606	0.9605	0.9605	0.9607	0.9605	0.9605	0.9606	0.9663	0.9606	0.9607	0.9606	0.954	0.9575	0.9605	0.9606	0.9607	0.96	0.9548	0.9605	0.9606	0.9605	0.9596	0.9605	1.3252	0.9531	0.9605
  P	0.9609	0.9607	0.9596	0.961	0.9601	2.3271	0.9596	0.9613	1.1748	0.9608	0.9607	1.256	0.9606	0.9609	0.9603	0	0.9606	1.5032	0.9607	0.9608	1.7103	0.9607	0.9608	0.9606	0.9599	0.9606	0.9607	1.0747	0.961	0.9607	0.9607	0.9606	0.9606	0.9609	0.9587	0.9566	1.4324	0.9606	0.9606	0.9607	0.9606	0.9606	0.9608	0.9606	0.9607	1.2193	0.9621	0.9608	0.9609	0.9609	0.9544	0.9582	0.9607	0.9608	1.3029	0.9603	0.9555	0.9606	0.9608	0.9607	2.5617	0.9607	1.4725	0.9537	0.9607
  Q	0.961	0.9608	0.9591	0.9609	1.4352	0.9603	0.9593	0.9612	0.9302	0.961	0.9603	0.9367	0.9608	0.9608	0.9604	0.9606	0	0.9474	0.9609	0.9606	0.9526	0.9608	0.961	0.9608	0.96	0.9608	0.9609	0.9561	0.9591	0.9608	0.9609	0.9609	0.9609	0.9609	0.9583	0.9561	1.4156	0.9608	0.9608	0.9609	0.9608	0.9609	0.961	0.9609	0.9608	0.9609	1.9575	0.9609	0.961	0.961	0.9532	0.9574	0.9609	0.9608	0.9609	0.9602	0.9541	0.9608	0.9611	0.9609	0.9597	0.9609	0.888	0.9523	0.961
  R	0.9486	0.9499	0.9558	3.3549	0.9492	3.8802	0.9545	0.9488	0.9429	0.9478	0.9548	1.4138	0.9477	1.7881	0.9487	1.5032	0.9474	0	0.9489	0.9561	1.6655	1.8578	1.3893	0.948	0.9476	0.9476	0.949	6.1007	0.9545	0.9502	0.9484	0.9473	0.9474	0.9497	0.9519	0.9523	6.3465	0.948	0.9472	0.949	0.9476	0.9475	0.9493	0.9476	0.9474	0.9477	1.3752	0.9508	0.949	0.9501	0.9526	7.2578	0.9476	0.9514	0.9506	0.9512	1.4145	0.9473	0.9484	0.9479	1.3454	0.9489	1.8364	0.9608	0.9483
  S	0.9612	0.9609	0.959	0.961	0.9603	0.9602	0.9594	0.9613	0.9338	0.961	0.9604	0.939	0.9608	0.9609	0.9605	0.9607	0.9609	0.9489	0	0.9607	0.9536	0.9608	0.961	0.9609	0.9601	0.9609	0.9609	0.9566	0.9594	0.9608	0.9609	0.9609	0.9609	0.9609	0.9586	0.9565	0.9526	0.9609	0.9609	0.9609	0.9609	0.9609	0.961	0.9609	0.9609	0.961	0.9566	0.9609	0.961	0.961	0.9541	0.9579	0.9609	0.9609	0.961	0.9603	0.955	0.9609	0.961	0.961	0.9598	0.9609	1.3441	0.9533	0.961
  T	0.9613	0.9607	0.9642	0.9607	0.9606	0.9607	1.0028	0.9612	1.48	0.9607	0.9623	1.4017	0.9606	0.9607	0.9606	0.9608	0.9606	0.9561	0.9607	0	0.9604	0.9607	0.9606	0.9606	0.9604	0.9607	0.9607	0.9593	0.9617	0.9607	0.9607	0.9606	0.9606	0.9608	1.0847	0.9597	1.1308	0.9607	0.9606	0.9607	0.9607	0.9606	1.1354	0.9607	0.9606	0.9608	0.96	0.9608	1.1387	0.9607	0.9584	0.9594	0.9606	0.9608	0.9609	0.9609	0.9585	0.9606	0.9608	0.9607	0.9605	0.9607	8.476	0.9585	0.9607
  U	0.954	1.3614	3.1353	0.954	0.9555	0.9595	1.9869	1.3068	5.0142	0.9527	0.9814	12.7642	0.9526	1.2559	0.9537	1.7103	0.9526	1.6655	0.9536	0.9604	0	0.9533	0.9527	0.9531	0.9531	0.9528	0.9536	1.3216	1.6852	0.9545	0.9535	0.9525	0.9525	3.3995	1.9714	0.9618	9.0478	1.4602	0.9525	0.9536	0.9528	0.9527	0.9545	0.9528	0.9524	0.9528	0.9666	0.9551	1.3146	1.1286	1.003	0.9534	1.4285	0.9555	0.955	1.0298	2.7915	0.9524	0.9533	0.9529	0.9628	0.9536	6.5298	4.3953	0.954
  V	0.961	0.9608	1.4358	0.961	0.9602	0.9937	0.9593	0.9612	0.9311	0.961	0.9604	0.9372	0.9607	0.961	0.9604	0.9607	0.9608	1.8578	0.9608	0.9607	0.9533	0	0.961	0.9608	0.96	0.9608	0.9608	1.2584	0.9592	0.9607	0.9608	0.9608	0.9608	0.9609	0.9584	0.956	1.6978	0.9608	0.9633	0.9608	0.9608	0.9608	0.9616	0.9608	0.9608	0.9609	0.9565	0.9608	0.961	0.9609	0.9539	0.9599	0.9608	0.9608	0.9609	0.9602	0.9545	0.9608	0.961	0.9608	0.96	0.9608	0.8905	0.9525	0.961
  W	0.9612	0.9609	0.9588	0.9612	0.9605	0.961	0.9593	0.9613	0.9307	0.9611	0.9602	0.9368	0.9609	0.9611	0.9605	0.9608	0.961	1.3893	0.961	0.9606	0.9527	0.961	0	0.961	0.9601	0.961	0.961	0.9566	0.959	0.9609	0.961	0.961	0.961	0.961	0.9584	0.9562	0.9527	0.9609	0.961	0.961	0.961	0.961	0.9611	0.961	0.961	0.9611	1.0378	0.961	0.9611	0.9611	0.9534	0.9581	0.961	0.9609	0.961	0.9603	0.9545	0.961	0.9611	0.961	0.9597	0.961	0.8895	0.9524	0.9611
  X	0.961	0.9608	0.9608	0.9609	1.173	0.9606	0.9594	0.9612	0.9317	0.9609	0.9605	1.415	0.9608	0.9608	0.961	0.9606	0.9608	0.948	0.9609	0.9606	0.9531	0.9608	0.961	0	0.96	0.9611	0.9609	0.9563	0.9594	0.9608	0.9609	0.9608	0.9609	0.9609	0.9584	1.1088	1.3295	0.9608	0.9608	0.9609	0.9608	0.9609	0.961	0.9609	0.9608	0.9609	2.292	0.9609	0.9612	0.961	0.9536	0.9576	0.9609	0.9608	0.9609	0.9602	0.9544	0.9608	0.9611	0.9609	0.9597	0.9609	0.8953	0.9528	0.961
  Y	0.9602	0.9601	0.959	0.9601	0.9595	0.9597	0.9589	0.9604	0.9313	0.9601	0.9598	0.9524	0.9599	0.96	0.9597	0.9599	0.96	0.9476	0.9601	0.9604	0.9531	0.96	0.9601	0.96	0	0.96	0.9601	0.9558	0.9589	0.96	0.9601	0.96	0.96	0.9603	0.9579	0.9562	1.1698	0.9601	0.96	0.9601	0.96	0.96	0.9602	0.96	0.96	0.9601	0.9575	0.9602	0.9603	0.9603	1.1104	0.9568	0.96	0.9603	0.9603	0.9596	0.9539	0.9599	0.9601	0.96	0.9593	0.9601	0.9665	0.9526	0.9601
  Z	0.9611	0.9609	0.9589	0.9609	0.9604	0.9623	0.9592	0.9612	0.9306	0.961	0.9602	0.9373	0.9608	0.9609	0.9608	0.9606	0.9608	0.9476	0.9609	0.9607	0.9528	0.9608	0.961	0.9611	0.96	0	0.9609	0.9562	0.959	0.9608	0.9609	0.9609	0.9609	0.9609	0.9583	0.956	1.4176	0.9608	0.9609	0.9609	0.9609	0.9609	0.961	0.9609	0.9609	0.961	0.9623	0.9609	0.961	0.961	0.9533	0.9576	0.9609	0.9609	0.961	0.9602	0.9543	0.9609	0.961	0.9609	0.9597	0.9609	0.8892	0.9523	0.9609
  [	0.9612	0.9609	0.9591	0.961	0.9603	0.9602	0.9595	0.9613	0.9338	0.961	0.9604	0.939	0.9608	0.9609	0.9606	0.9607	0.9609	0.949	0.9609	0.9607	0.9536	0.9608	0.961	0.9609	0.9601	0.9609	0	0.9567	0.9594	0.9608	0.961	0.9609	0.961	0.9609	0.9586	0.9565	0.9526	0.9609	0.9609	0.961	0.9609	0.961	0.961	0.9609	0.9609	0.961	0.9565	0.961	0.961	0.961	0.9541	0.958	0.961	0.9609	0.961	0.9603	0.955	0.9609	0.961	0.961	0.9598	0.9609	1.3442	0.9533	0.961
  \	0.9567	0.957	1.092	1.2923	0.9565	1.3872	1.0189	0.9569	1.4534	1.3723	1.1639	1.074	0.9561	0.9937	0.9564	1.0747	0.9561	6.1007	0.9566	0.9593	1.3216	1.2584	0.9566	0.9563	0.9558	0.9562	0.9567	0	0.9585	0.9571	0.9565	0.956	0.9561	0.9572	0.9565	0.9558	4.3486	0.9565	0.9561	0.9567	0.9562	0.9561	0.9571	0.9562	0.9591	0.9563	0.9572	0.9574	0.9583	0.9571	0.9543	1.0894	0.9561	1.1084	1.4364	0.9575	0.9547	0.9561	0.9566	0.9563	1.2737	0.9566	1.4206	0.9528	1.1197
  ]	1.199	0.9596	1.4906	0.9594	1.0555	0.9607	1.4392	0.9611	2.3763	0.9591	1.045	5.2894	0.959	0.9593	0.9592	0.961	0.9591	0.9545	0.9594	0.9617	1.6852	0.9592	0.959	0.9594	0.9589	0.959	0.9594	0.9585	0	0.9929	0.9593	1.4383	0.959	0.96	0.9596	3.5073	2.131	0.9593	0.9591	0.9594	0.959	0.959	0.9596	0.959	0.9589	0.9591	1.7344	0.9599	0.96	0.96	1.8493	0.9575	0.959	0.9601	0.96	2.5013	0.9586	0.9589	0.9598	0.9591	1.4423	0.9594	4.5324	2.1691	0.9596
  ^	0.9611	0.9608	0.9599	0.9611	0.9605	0.9603	0.9598	0.9612	0.9361	0.9609	0.9611	3.5314	0.9607	0.9608	0.9605	0.9607	0.9608	0.9502	0.9608	0.9607	0.9545	0.9607	0.9609	0.9608	0.96	0.9608	0.9608	0.9571	0.9929	0	0.9608	0.9608	0.9608	0.9608	0.9587	1.1667	0.9552	0.9608	0.9608	0.9608	0.9608	0.9608	0.9609	0.9608	0.9608	0.9609	1.0118	0.9609	0.961	0.9609	0.9549	0.958	0.9608	0.9609	0.9609	0.9605	0.9554	0.9608	0.961	0.9608	1.4082	0.9608	1.0488	0.9574	0.9609
  _	0.9611	0.9609	0.9591	0.961	0.9603	0.9602	0.9594	0.9613	0.9324	0.961	0.9603	0.938	0.9608	0.9609	0.9605	0.9607	0.9609	0.9484	0.9609	0.9607	0.9535	0.9608	0.961	0.9609	0.9601	0.9609	0.961	0.9565	0.9593	0.9608	0	0.9609	0.961	0.961	0.9585	0.9562	1.187	0.9609	0.9609	0.961	0.9609	0.961	0.9611	0.9609	0.9609	0.961	0.9563	0.9609	0.9611	0.961	0.9538	0.9578	0.961	0.9609	0.961	0.9603	0.9547	0.9609	0.9611	0.961	0.9598	0.9609	1.125	0.953	0.961
  `	0.9612	0.9609	0.9587	0.961	0.9602	0.96	0.9592	0.9613	0.9302	0.961	0.9603	0.9361	0.9608	0.9609	0.9605	0.9606	0.9609	0.9473	0.9609	0.9606	0.9525	0.9608	0.961	0.9608	0.96	0.9609	0.9609	0.956	1.4383	0.9608	0.9609	0	0.9609	0.9609	0.9583	0.9559	0.9514	0.9608	0.9609	0.9609	0.9609	0.9609	0.961	0.9609	0.9609	0.961	0.9559	0.9609	0.961	0.961	0.9531	0.9575	0.9609	0.9609	0.961	0.9602	0.9542	0.9609	0.961	0.961	0.9596	0.9609	0.8883	0.9522	0.961
  a	0.9611	0.9609	0.9588	0.961	0.9602	0.961	0.9593	0.9613	0.9304	0.961	0.9602	0.9362	0.9608	0.9609	0.9605	0.9606	0.9609	0.9474	0.9609	0.9606	0.9525	0.9608	0.961	0.9609	0.96	0.9609	0.961	0.9561	0.959	0.9608	0.961	0.9609	0	0.9609	0.9583	0.9559	0.9515	0.9609	0.9609	0.961	0.9609	0.961	0.961	0.9609	0.9609	0.961	1.4337	0.9609	0.961	0.961	0.9532	0.9576	0.961	0.9609	0.961	0.9602	0.9542	0.9609	0.9611	0.961	0.9596	0.9609	0.8885	0.9522	0.961
  b	0.9612	1.0242	1.2489	0.961	0.9605	0.9604	0.9596	0.9624	0.9349	0.961	0.9607	0.941	0.9608	0.9612	0.9605	0.9609	0.9609	0.9497	0.9609	0.9608	3.3995	0.9609	0.961	0.9609	0.9603	0.9609	0.9609	0.9572	0.96	0.9608	0.961	0.9609	0.9609	0	0.959	0.9569	2.8212	0.9637	0.9609	0.9609	0.9609	0.9609	0.9612	0.9609	0.9609	0.961	0.957	0.9609	0.9614	1.3137	0.9547	0.958	0.961	0.9609	0.961	0.9608	0.9555	0.9609	0.9612	0.9609	0.9601	0.9609	1.3575	1.24	0.9611
  c	0.9589	0.9588	0.9611	0.9585	0.9583	0.9587	0.9592	0.9592	2.5466	0.9584	0.9601	0.9672	0.9582	0.9585	0.9584	0.9587	0.9583	0.9519	0.9586	1.0847	1.9714	0.9584	0.9584	0.9584	0.9579	0.9583	0.9586	0.9565	0.9596	0.9587	0.9585	0.9583	0.9583	0.959	0	0.9574	1.2155	0.9585	0.9582	0.9586	0.9584	0.9583	1.0876	0.9584	0.9582	0.9584	0.9579	0.959	1.0889	0.9589	0.9559	0.9566	0.9583	0.9591	0.959	0.959	1.1389	0.9582	0.9585	0.9584	0.9589	0.9586	3.3669	0.9555	0.9584
  d	0.9569	0.9569	0.9692	0.9566	1.4407	0.9602	0.9598	1.4367	1.4654	0.9559	0.9636	11.4934	0.956	0.9562	0.9564	0.9566	0.9561	0.9523	0.9565	0.9597	0.9618	0.956	0.9562	1.1088	0.9562	0.956	0.9565	0.9558	3.5073	1.1667	0.9562	0.9559	0.9559	0.9569	0.9574	0	2.6363	0.9562	0.9558	0.9565	0.9559	1.0937	0.9567	0.9559	0.9558	0.9559	9.8386	0.9573	0.9569	1.027	3.1143	0.9547	0.9559	0.9574	0.9572	1.796	1.3029	0.9558	0.9578	0.9561	0.9592	0.9565	1.5995	4.7268	0.9892
  e	0.9534	0.9537	4.0851	0.9536	1.9325	4.0259	0.9582	0.9568	1.0886	0.9518	0.9669	8.5606	1.1394	0.9556	1.4152	1.4324	1.4156	6.3465	0.9526	1.1308	9.0478	1.6978	0.9527	1.3295	1.1698	1.4176	0.9526	4.3486	2.131	0.9552	1.187	0.9514	0.9515	2.8212	1.2155	2.6363	0	2.2476	0.9532	0.9526	1.4272	0.9518	1.3839	1.4271	0.9514	0.9517	11.0507	0.9541	1.4425	0.9548	2.317	0.9578	0.9516	1.7092	0.9541	1.2015	1.104	0.9514	1.2528	0.9518	2.7026	0.9526	14.5693	3.397	1.1612
  f	0.961	0.9609	0.9624	0.9609	0.9603	0.9602	0.9593	0.9616	0.9314	0.9609	0.9602	0.9447	0.9607	0.9609	0.9604	0.9606	0.9608	0.948	0.9609	0.9607	1.4602	0.9608	0.9609	0.9608	0.9601	0.9608	0.9609	0.9565	0.9593	0.9608	0.9609	0.9608	0.9609	0.9637	0.9585	0.9562	2.2476	0	0.9608	0.9609	0.9608	0.9609	0.9611	0.9609	0.9608	0.9609	0.9564	0.9609	0.9611	0.961	0.9541	0.9576	0.9609	0.9609	0.9609	0.9603	0.9545	0.9608	0.961	0.9609	1.178	0.9609	0.9088	1.3924	0.9609
  g	0.9611	0.9609	1.9134	0.961	0.9602	0.96	0.9594	0.9613	0.9299	0.9611	0.9606	0.9373	0.9608	0.961	0.9605	0.9606	0.9608	0.9472	0.9609	0.9606	0.9525	0.9633	0.961	0.9608	0.96	0.9609	0.9609	0.9561	0.9591	0.9608	0.9609	0.9609	0.9609	0.9609	0.9582	0.9558	0.9532	0.9608	0	0.9609	0.9609	0.9609	0.9613	0.9609	0.9609	0.961	0.956	0.9609	0.9619	0.961	0.9533	0.9575	0.9609	0.9609	0.961	0.9602	0.9541	0.9609	0.961	0.9609	0.9596	0.9609	0.8895	0.9522	0.961
  h	0.9612	0.9609	0.9591	0.961	0.9603	0.9602	0.9595	0.9613	0.9338	0.961	0.9604	0.939	0.9608	0.9609	0.9606	0.9607	0.9609	0.949	0.9609	0.9607	0.9536	0.9608	0.961	0.9609	0.9601	0.9609	0.961	0.9567	0.9594	0.9608	0.961	0.9609	0.961	0.9609	0.9586	0.9565	0.9526	0.9609	0.9609	0	0.9609	0.961	0.961	0.9609	0.9609	0.961	0.9565	0.961	0.961	0.961	0.9541	0.958	0.961	0.9609	0.961	0.9603	0.955	0.9609	0.961	0.961	0.9598	0.9609	1.3443	0.9533	0.961
  i	0.9611	0.9609	0.9589	0.961	0.9603	0.9601	0.9592	0.9613	0.9306	0.961	0.9602	0.9365	0.9608	0.9609	0.9605	0.9606	0.9608	0.9476	0.9609	0.9607	0.9528	0.9608	0.961	0.9608	0.96	0.9609	0.9609	0.9562	0.959	0.9608	0.9609	0.9609	0.9609	0.9609	0.9584	0.9559	1.4272	0.9608	0.9609	0.9609	0	0.9609	0.9611	0.9609	0.9609	0.961	0.956	0.9609	0.9611	0.961	0.9533	0.9576	0.9609	0.9609	0.961	0.9602	0.9543	0.9609	0.961	0.9609	0.9597	0.9609	0.8892	0.9523	0.961
  j	0.9611	0.9609	0.9587	0.961	0.9603	0.9601	0.9592	0.9614	0.9305	0.961	0.9602	0.939	0.9608	0.9609	0.9605	0.9606	0.9609	0.9475	0.9609	0.9606	0.9527	0.9608	0.961	0.9609	0.96	0.9609	0.961	0.9561	0.959	0.9608	0.961	0.9609	0.961	0.9609	0.9583	1.0937	0.9518	0.9609	0.9609	0.961	0.9609	0	0.961	0.9609	0.9609	0.961	0.956	0.9609	0.961	0.961	0.9533	0.9576	0.961	0.9609	0.961	0.9602	0.9543	0.9609	0.961	0.961	0.9596	0.9609	0.8889	1.3008	0.961
  k	0.9612	0.961	1.2074	0.961	0.9605	0.9605	0.9595	0.9614	0.9486	0.9611	0.9606	0.9399	0.9609	0.961	0.9607	0.9608	0.961	0.9493	0.961	1.1354	0.9545	0.9616	0.9611	0.961	0.9602	0.961	0.961	0.9571	0.9596	0.9609	0.9611	0.961	0.961	0.9612	1.0876	0.9567	1.3839	0.9611	0.9613	0.961	0.9611	0.961	0	0.9611	0.961	0.9611	0.9572	0.961	1.3281	0.9611	0.9545	0.958	0.961	0.961	0.9611	0.9605	0.955	0.961	0.9612	0.961	0.96	0.961	1.3369	0.9535	0.9611
  l	0.9611	0.9609	0.9589	0.961	0.9603	0.9601	0.9593	0.9613	0.9306	0.961	0.9602	0.9365	0.9608	0.9609	0.9605	0.9606	0.9609	0.9476	0.9609	0.9607	0.9528	0.9608	0.961	0.9609	0.96	0.9609	0.9609	0.9562	0.959	0.9608	0.9609	0.9609	0.9609	0.9609	0.9584	0.9559	1.4271	0.9609	0.9609	0.9609	0.9609	0.9609	0.9611	0	0.9609	0.961	0.956	0.9609	0.9611	0.961	0.9533	0.9576	0.9609	0.9609	0.961	0.9602	0.9543	0.9609	0.9611	0.961	0.9597	0.9609	0.8892	0.9523	0.961
  m	0.9611	0.9609	0.9586	0.9638	0.9602	0.9601	0.9592	0.9613	0.93	0.961	0.9602	0.9366	0.9608	0.9609	0.9605	0.9607	0.9608	0.9474	0.9609	0.9606	0.9524	0.9608	0.961	0.9608	0.96	0.9609	0.9609	0.9591	0.9589	0.9608	0.9609	0.9609	0.9609	0.9609	0.9582	0.9558	0.9514	0.9608	0.9609	0.9609	0.9609	0.9609	0.961	0.9609	0	0.961	0.9558	0.9609	0.961	0.961	0.9531	0.9575	0.9609	0.9609	0.961	0.9602	0.9542	0.9609	0.961	0.9609	1.4714	0.9609	0.8879	0.9521	0.9609
  n	0.9612	0.961	0.9588	0.961	0.9603	0.9603	0.9594	0.9614	0.931	0.9611	0.9604	0.9366	0.9609	0.961	0.9606	1.2193	0.9609	0.9477	0.961	0.9608	0.9528	0.9609	0.9611	0.9609	0.9601	0.961	0.961	0.9563	0.9591	0.9609	0.961	0.961	0.961	0.961	0.9584	0.9559	0.9517	0.9609	0.961	0.961	0.961	0.961	0.9611	0.961	0.961	0	0.956	0.961	0.9611	0.9611	0.9534	0.9577	0.961	0.961	1.2274	0.9603	0.9544	0.961	0.9611	0.961	0.9599	0.961	0.9584	0.9524	0.961
  o	0.9569	0.9569	1.1364	0.9568	3.3329	3.8671	1.0349	0.9575	3.1482	0.956	0.9819	7.3279	1.6481	0.9564	0.9663	0.9621	1.9575	1.3752	0.9566	0.96	0.9666	0.9565	1.0378	2.292	0.9575	0.9623	0.9565	0.9572	1.7344	1.0118	0.9563	0.9559	1.4337	0.957	0.9579	9.8386	11.0507	0.9564	0.956	0.9565	0.956	0.956	0.9572	0.956	0.9558	0.956	0	0.9573	1.0193	1.3508	2.5182	0.9554	0.9559	0.9576	0.9573	1.9226	0.9573	0.9558	1.5567	0.9561	1.4402	0.9565	2.5522	2.3607	1.6645
  p	0.9612	0.9609	0.9596	0.961	0.9604	0.9603	0.9598	0.9613	0.9382	0.961	0.9609	0.9426	0.9608	0.9609	0.9606	0.9608	0.9609	0.9508	0.9609	0.9608	0.9551	0.9608	0.961	0.9609	0.9602	0.9609	0.961	0.9574	0.9599	0.9609	0.9609	0.9609	0.9609	0.9609	0.959	0.9573	0.9541	0.9609	0.9609	0.961	0.9609	0.9609	0.961	0.9609	0.9609	0.961	0.9573	0	0.961	0.961	0.9553	0.9584	0.9609	1.3651	0.9611	0.9605	0.956	0.9609	0.961	0.961	0.9602	0.9609	2.1102	0.9546	0.961
  q	0.9612	0.961	1.7912	0.9612	0.9606	0.9606	1.2595	0.9615	0.933	0.9612	0.9611	2.2218	0.961	0.9611	0.9607	0.9609	0.961	0.949	0.961	1.1387	1.3146	0.961	0.9611	0.9612	0.9603	0.961	0.961	0.9583	0.96	0.961	0.9611	0.961	0.961	0.9614	1.0889	0.9569	1.4425	0.9611	0.9619	0.961	0.9611	0.961	1.3281	0.9611	0.961	0.9611	1.0193	0.961	0	0.9611	0.9893	0.9579	0.961	0.961	0.9611	0.9605	0.955	0.961	0.9612	0.9611	0.9601	0.961	0.9182	0.9538	0.9612
  r	0.9613	0.9746	0.9596	0.961	0.9606	0.9605	0.9597	0.9615	0.9363	0.9611	0.9608	0.9419	0.9609	0.961	0.9606	0.9609	0.961	0.9501	0.961	0.9607	1.1286	0.9609	0.9611	0.961	0.9603	0.961	0.961	0.9571	0.96	0.9609	0.961	0.961	0.961	1.3137	0.9589	1.027	0.9548	0.961	0.961	0.961	0.961	0.961	0.9611	0.961	0.961	0.9611	1.3508	0.961	0.9611	0	0.9548	0.9583	0.9611	0.961	0.9611	0.9606	0.9556	0.961	0.9612	0.961	0.9599	0.961	1.8029	0.9544	1.1996
  s	0.955	0.9547	2.3651	0.954	0.9549	1.0579	0.9578	0.9552	1.9099	0.9533	0.9621	5.7313	0.9532	0.9536	0.954	0.9544	0.9532	0.9526	0.9541	0.9584	1.003	0.9539	0.9534	0.9536	1.1104	0.9533	0.9541	0.9543	1.8493	0.9549	0.9538	0.9531	0.9532	0.9547	0.9559	3.1143	2.317	0.9541	0.9533	0.9541	0.9533	0.9533	0.9545	0.9533	0.9531	0.9534	2.5182	0.9553	0.9893	0.9548	0	0.9529	0.9533	0.9554	0.9552	0.9892	0.9986	0.9531	0.954	0.9535	0.9571	0.9541	9.4258	2.2577	0.9537
  t	0.9579	0.9581	0.9572	0.9581	0.9573	1.3876	0.958	0.9581	0.9332	0.9577	0.9586	0.9379	0.9575	0.9588	0.9575	0.9582	0.9574	7.2578	0.9579	0.9594	0.9534	0.9599	0.9581	0.9576	0.9568	0.9576	0.958	1.0894	0.9575	0.958	0.9578	0.9575	0.9576	0.958	0.9566	0.9547	0.9578	0.9576	0.9575	0.958	0.9576	0.9576	0.958	0.9576	0.9575	0.9577	0.9554	0.9584	0.9579	0.9583	0.9529	0	0.9576	0.9584	0.9584	0.9578	0.9545	0.9575	0.9577	0.9577	0.9585	0.9579	0.895	0.9514	0.9577
  u	0.9611	0.9609	0.9588	0.961	0.9602	0.9601	0.9593	0.9614	0.9305	0.961	0.9602	0.9363	0.9608	0.961	0.9605	0.9607	0.9609	0.9476	0.9609	0.9606	1.4285	0.9608	0.961	0.9609	0.96	0.9609	0.961	0.9561	0.959	0.9608	0.961	0.9609	0.961	0.961	0.9583	0.9559	0.9516	0.9609	0.9609	0.961	0.9609	0.961	0.961	0.9609	0.9609	0.961	0.9559	0.9609	0.961	0.9611	0.9533	0.9576	0	0.9609	0.961	0.9603	0.9543	0.9609	0.961	0.961	0.9596	0.9609	0.8891	0.9528	0.961
  v	0.9612	0.9609	0.96	0.961	0.9605	0.9605	0.9598	0.9613	0.9385	0.961	0.9609	1.0287	0.9608	0.9609	0.9606	0.9608	0.9608	0.9514	0.9609	0.9608	0.9555	0.9608	0.9609	0.9608	0.9603	0.9609	0.9609	1.1084	0.9601	0.9609	0.9609	0.9609	0.9609	0.9609	0.9591	0.9574	1.7092	0.9609	0.9609	0.9609	0.9609	0.9609	0.961	0.9609	0.9609	0.961	0.9576	1.3651	0.961	0.961	0.9554	0.9584	0.9609	0	0.961	0.9605	0.956	0.9609	0.9611	0.9609	1.4399	0.9609	2.0997	0.9548	0.961
  w	0.9613	0.961	0.9597	0.9611	0.9605	0.9605	0.9598	0.9614	0.9379	0.9611	1.1413	0.9422	0.9609	0.961	0.9607	1.3029	0.9609	0.9506	0.961	0.9609	0.955	0.9609	0.961	0.9609	0.9603	0.961	0.961	1.4364	0.96	0.9609	0.961	0.961	0.961	0.961	0.959	0.9572	0.9541	0.9609	0.961	0.961	0.961	0.961	0.9611	0.961	0.961	1.2274	0.9573	0.9611	0.9611	0.9611	0.9552	0.9584	0.961	0.961	0	0.9606	0.9559	0.961	0.9611	0.961	0.9604	0.961	2.0275	0.9545	0.9611
  x	0.9611	0.9605	1.292	0.9604	0.9603	0.9601	0.9618	0.9615	0.9556	0.9604	0.963	2.4756	0.9601	0.9606	0.96	0.9603	0.9602	0.9512	0.9603	0.9609	1.0298	0.9602	0.9603	0.9602	0.9596	0.9602	0.9603	0.9575	2.5013	0.9605	0.9603	0.9602	0.9602	0.9608	0.959	1.796	1.2015	0.9603	0.9602	0.9603	0.9602	0.9602	0.9605	0.9602	0.9602	0.9603	1.9226	0.9605	0.9605	0.9606	0.9892	0.9578	0.9603	0.9605	0.9606	0	0.9849	0.9602	0.9605	0.9603	0.9601	0.9603	2.1861	2.522	0.9605
  y	0.955	0.9555	0.958	0.9554	0.9547	0.973	0.9587	0.9562	3.6567	0.9543	1.4351	1.8979	0.9541	0.9552	0.9548	0.9555	0.9541	1.4145	0.955	0.9585	2.7915	0.9545	0.9545	0.9544	0.9539	0.9543	0.955	0.9547	0.9586	0.9554	0.9547	0.9542	0.9542	0.9555	1.1389	1.3029	1.104	0.9545	0.9541	0.955	0.9543	0.9543	0.955	0.9543	0.9542	0.9544	0.9573	0.956	0.955	0.9556	0.9986	0.9545	0.9543	0.956	0.9559	0.9849	0	0.9541	0.9545	0.9545	0.9854	0.955	3.0076	1.1426	0.9544
  z	0.9611	0.9609	0.9586	0.961	0.9602	0.96	0.9592	0.9612	0.93	0.961	0.9601	0.9359	0.9608	0.9609	0.9605	0.9606	0.9608	0.9473	0.9609	0.9606	0.9524	0.9608	0.961	0.9608	0.9599	0.9609	0.9609	0.9561	0.9589	0.9608	0.9609	0.9609	0.9609	0.9609	0.9582	0.9558	0.9514	0.9608	0.9609	0.9609	0.9609	0.9609	0.961	0.9609	0.9609	0.961	0.9558	0.9609	0.961	0.961	0.9531	0.9575	0.9609	0.9609	0.961	0.9602	0.9541	0	0.961	0.9609	1.4393	0.9609	0.8879	0.9521	0.9609
  {	0.9612	0.961	0.9594	0.9611	0.9608	0.9617	0.9595	0.9614	0.9319	0.9611	0.9605	0.9567	0.9611	0.961	0.9606	0.9608	0.9611	0.9484	0.961	0.9608	0.9533	0.961	0.9611	0.9611	0.9601	0.961	0.961	0.9566	0.9598	0.961	0.9611	0.961	0.9611	0.9612	0.9585	0.9578	1.2528	0.961	0.961	0.961	0.961	0.961	0.9612	0.9611	0.961	0.9611	1.5567	0.961	0.9612	0.9612	0.954	0.9577	0.961	0.9611	0.9611	0.9605	0.9545	0.961	0	0.961	0.9709	0.961	0.9342	0.953	0.9614
  |	0.9611	0.9609	0.9588	0.961	0.9603	0.9601	1.3077	0.9613	0.9316	0.961	0.9604	0.9372	0.9608	0.9609	0.9605	0.9607	0.9609	0.9479	0.961	0.9607	0.9529	0.9608	0.961	0.9609	0.96	0.9609	0.961	0.9563	0.9591	0.9608	0.961	0.961	0.961	0.9609	0.9584	0.9561	0.9518	0.9609	0.9609	0.961	0.9609	0.961	0.961	0.961	0.9609	0.961	0.9561	0.961	0.9611	0.961	0.9535	0.9577	0.961	0.9609	0.961	0.9603	0.9545	0.9609	0.961	0	0.9597	0.961	1.0447	0.9526	0.961
  }	0.9603	0.9598	0.9617	1.2016	0.9598	1.0447	0.9599	0.9602	0.9454	0.9598	1.4419	2.2654	0.9596	0.9599	0.9596	2.5617	0.9597	1.3454	0.9598	0.9605	0.9628	0.96	0.9597	0.9597	0.9593	0.9597	0.9598	1.2737	1.4423	1.4082	0.9598	0.9596	0.9596	0.9601	0.9589	0.9592	2.7026	1.178	0.9596	0.9598	0.9597	0.9596	0.96	0.9597	1.4714	0.9599	1.4402	0.9602	0.9601	0.9599	0.9571	0.9585	0.9596	1.4399	0.9604	0.9601	0.9854	1.4393	0.9709	0.9597	0	0.9598	4.056	0.9567	0.96
  ~	0.9612	0.9609	0.959	0.961	0.9603	0.9602	0.9609	0.9613	0.934	0.961	0.9605	0.939	0.9608	0.9609	0.9605	0.9607	0.9609	0.9489	0.9609	0.9607	0.9536	0.9608	0.961	0.9609	0.9601	0.9609	0.9609	0.9566	0.9594	0.9608	0.9609	0.9609	0.9609	0.9609	0.9586	0.9565	0.9526	0.9609	0.9609	0.9609	0.9609	0.9609	0.961	0.9609	0.9609	0.961	0.9565	0.9609	0.961	0.961	0.9541	0.9579	0.9609	0.9609	0.961	0.9603	0.955	0.9609	0.961	0.961	0.9598	0	1.343	0.9533	0.961
  	1.1548	1.6681	4.0479	0.8955	1.0166	1.2984	5.7886	0.9666	72.0062	0.9039	4.997	8.9012	0.8885	0.9846	1.3252	1.4725	0.888	1.8364	1.3441	8.476	6.5298	0.8905	0.8895	0.8953	0.9665	0.8892	1.3442	1.4206	4.5324	1.0488	1.125	0.8883	0.8885	1.3575	3.3669	1.5995	14.5693	0.9088	0.8895	1.3443	0.8892	0.8889	1.3369	0.8892	0.8879	0.9584	2.5522	2.1102	0.9182	1.8029	9.4258	0.895	0.8891	2.0997	2.0275	2.1861	3.0076	0.8879	0.9342	1.0447	4.056	1.343	0	1.5221	0.9306
  	0.9534	0.9542	1.4261	0.9533	1.2274	0.9543	0.9637	2.0692	1.4791	0.9523	0.9671	11.3488	0.9522	0.9686	0.9531	0.9537	0.9523	0.9608	0.9533	0.9585	4.3953	0.9525	0.9524	0.9528	0.9526	0.9523	0.9533	0.9528	2.1691	0.9574	0.953	0.9522	0.9522	1.24	0.9555	4.7268	3.397	1.3924	0.9522	0.9533	0.9523	1.3008	0.9535	0.9523	0.9521	0.9524	2.3607	0.9546	0.9538	0.9544	2.2577	0.9514	0.9528	0.9548	0.9545	2.522	1.1426	0.9521	0.953	0.9526	0.9567	0.9533	1.5221	0	0.9538
  	0.9611	0.9609	1.0815	0.9611	0.9605	0.9606	0.9597	0.9613	0.9312	1.0066	1.1219	1.2069	0.9609	0.9785	0.9605	0.9607	0.961	0.9483	0.961	0.9607	0.954	0.961	0.9611	0.961	0.9601	0.9609	0.961	1.1197	0.9596	0.9609	0.961	0.961	0.961	0.9611	0.9584	0.9892	1.1612	0.9609	0.961	0.961	0.961	0.961	0.9611	0.961	0.9609	0.961	1.6645	0.961	0.9612	1.1996	0.9537	0.9577	0.961	0.961	0.9611	0.9605	0.9544	0.9609	0.9614	0.961	0.96	0.961	0.9306	0.9538	0

Actual rates from j->i (Q_ij):
	A	B	C	D	E	F	G	H	I	J	K	L	M	N	O	P	Q	R	S	T	U	V	W	X	Y	Z	[	\	]	^	_	`	a	b	c	d	e	f	g	h	i	j	k	l	m	n	o	p	q	r	s	t	u	v	w	x	y	z	{	|	}	~			
  A	0	0.0175	0.0175	0.0175	0.0175	0.0175	0.0175	0.0175	0.017	0.0175	0.0175	0.0171	0.0175	0.0175	0.0175	0.0175	0.0175	0.0173	0.0175	0.0175	0.0174	0.0175	0.0175	0.0175	0.0175	0.0175	0.0175	0.0174	0.0218	0.0175	0.0175	0.0175	0.0175	0.0175	0.0175	0.0174	0.0174	0.0175	0.0175	0.0175	0.0175	0.0175	0.0175	0.0175	0.0175	0.0175	0.0174	0.0175	0.0175	0.0175	0.0174	0.0174	0.0175	0.0175	0.0175	0.0175	0.0174	0.0175	0.0175	0.0175	0.0175	0.0175	0.021	0.0174	0.0175
  B	0.0153	0	0.0153	0.0153	0.0153	0.0153	0.0153	0.0153	0.0172	0.0153	0.0153	0.015	0.0153	0.0153	0.0153	0.0153	0.0153	0.0152	0.0153	0.0153	0.0217	0.0153	0.0153	0.0153	0.0153	0.0153	0.0153	0.0153	0.0153	0.0153	0.0153	0.0153	0.0153	0.0163	0.0153	0.0153	0.0152	0.0153	0.0153	0.0153	0.0153	0.0153	0.0153	0.0153	0.0153	0.0153	0.0153	0.0153	0.0153	0.0156	0.0152	0.0153	0.0153	0.0153	0.0153	0.0153	0.0152	0.0153	0.0153	0.0153	0.0153	0.0153	0.0266	0.0152	0.0153
  C	0.0097	0.0097	0	0.0097	0.0105	0.0098	0.0178	0.0098	0.0099	0.0103	0.0131	0.0354	0.0097	0.0123	0.0097	0.0097	0.0097	0.0097	0.0097	0.0098	0.0318	0.0146	0.0097	0.0098	0.0097	0.0097	0.0097	0.0111	0.0151	0.0097	0.0097	0.0097	0.0097	0.0127	0.0098	0.0098	0.0415	0.0098	0.0194	0.0097	0.0097	0.0097	0.0123	0.0097	0.0097	0.0097	0.0115	0.0097	0.0182	0.0097	0.024	0.0097	0.0097	0.0097	0.0097	0.0131	0.0097	0.0097	0.0097	0.0097	0.0098	0.0097	0.0411	0.0145	0.011
  D	0.0172	0.0172	0.0171	0	0.0172	0.0172	0.0172	0.0172	0.0167	0.0172	0.0172	0.023	0.0172	0.0172	0.0172	0.0172	0.0172	0.06	0.0172	0.0172	0.0171	0.0172	0.0172	0.0172	0.0172	0.0172	0.0172	0.0231	0.0172	0.0172	0.0172	0.0172	0.0172	0.0172	0.0171	0.0171	0.017	0.0172	0.0172	0.0172	0.0172	0.0172	0.0172	0.0172	0.0172	0.0172	0.0171	0.0172	0.0172	0.0172	0.0171	0.0171	0.0172	0.0172	0.0172	0.0172	0.0171	0.0172	0.0172	0.0172	0.0215	0.0172	0.016	0.017	0.0172
  E	0.0168	0.0168	0.018	0.0168	0	0.0168	0.0167	0.0168	0.0163	0.0168	0.0168	0.0414	0.0168	0.0168	0.0168	0.0168	0.025	0.0166	0.0168	0.0168	0.0167	0.0168	0.0168	0.0205	0.0167	0.0168	0.0168	0.0167	0.0184	0.0168	0.0168	0.0168	0.0168	0.0168	0.0167	0.0251	0.0337	0.0168	0.0168	0.0168	0.0168	0.0168	0.0168	0.0168	0.0168	0.0168	0.0582	0.0168	0.0168	0.0168	0.0167	0.0167	0.0168	0.0168	0.0168	0.0168	0.0167	0.0168	0.0168	0.0168	0.0168	0.0168	0.0177	0.0214	0.0168
  F	0.0157	0.0157	0.0157	0.0157	0.0157	0	0.0157	0.0157	0.0222	0.0157	0.0157	0.0234	0.0177	0.0157	0.0157	0.0381	0.0157	0.0635	0.0157	0.0157	0.0157	0.0163	0.0157	0.0157	0.0157	0.0157	0.0157	0.0227	0.0157	0.0157	0.0157	0.0157	0.0157	0.0157	0.0157	0.0157	0.0659	0.0157	0.0157	0.0157	0.0157	0.0157	0.0157	0.0157	0.0157	0.0157	0.0633	0.0157	0.0157	0.0157	0.0173	0.0227	0.0157	0.0157	0.0157	0.0157	0.0159	0.0157	0.0157	0.0157	0.0171	0.0157	0.0212	0.0156	0.0157
  G	0.0083	0.0083	0.0151	0.0083	0.0083	0.0083	0	0.0083	0.0278	0.0083	0.0087	0.0136	0.0083	0.0083	0.0083	0.0083	0.0083	0.0082	0.0083	0.0087	0.0172	0.0083	0.0083	0.0083	0.0083	0.0083	0.0083	0.0088	0.0124	0.0083	0.0083	0.0083	0.0083	0.0083	0.0083	0.0083	0.0083	0.0083	0.0083	0.0083	0.0083	0.0083	0.0083	0.0083	0.0083	0.0083	0.0089	0.0083	0.0109	0.0083	0.0083	0.0083	0.0083	0.0083	0.0083	0.0083	0.0083	0.0083	0.0083	0.0113	0.0083	0.0083	0.05	0.0083	0.0083
  H	0.0177	0.0177	0.0176	0.0177	0.0177	0.0176	0.0176	0	0.0174	0.0177	0.0177	0.0263	0.0177	0.0177	0.0177	0.0177	0.0177	0.0174	0.0177	0.0177	0.024	0.0177	0.0177	0.0177	0.0176	0.0177	0.0177	0.0176	0.0177	0.0177	0.0177	0.0177	0.0177	0.0177	0.0176	0.0264	0.0176	0.0177	0.0177	0.0177	0.0177	0.0177	0.0177	0.0177	0.0177	0.0177	0.0176	0.0177	0.0177	0.0177	0.0175	0.0176	0.0177	0.0177	0.0177	0.0177	0.0176	0.0177	0.0177	0.0177	0.0176	0.0177	0.0178	0.038	0.0177
  I	0.0017	0.002	0.0018	0.0017	0.0017	0.0025	0.0059	0.0017	0	0.0017	0.0027	0.0072	0.0017	0.0017	0.0017	0.0021	0.0017	0.0017	0.0017	0.0027	0.0092	0.0017	0.0017	0.0017	0.0017	0.0017	0.0017	0.0027	0.0043	0.0017	0.0017	0.0017	0.0017	0.0017	0.0047	0.0027	0.002	0.0017	0.0017	0.0017	0.0017	0.0017	0.0017	0.0017	0.0017	0.0017	0.0058	0.0017	0.0017	0.0017	0.0035	0.0017	0.0017	0.0017	0.0017	0.0017	0.0067	0.0017	0.0017	0.0017	0.0017	0.0017	0.1317	0.0027	0.0017
  J	0.0188	0.0188	0.0198	0.0188	0.0187	0.0187	0.0187	0.0188	0.0182	0	0.0202	0.0183	0.0188	0.0189	0.0187	0.0187	0.0188	0.0185	0.0188	0.0187	0.0186	0.0188	0.0188	0.0188	0.0187	0.0188	0.0188	0.0268	0.0187	0.0188	0.0188	0.0188	0.0188	0.0188	0.0187	0.0187	0.0186	0.0188	0.0188	0.0188	0.0188	0.0188	0.0188	0.0188	0.0188	0.0188	0.0187	0.0188	0.0188	0.0188	0.0186	0.0187	0.0188	0.0188	0.0188	0.0187	0.0186	0.0188	0.0188	0.0188	0.0187	0.0188	0.0176	0.0186	0.0196
  K	0.0093	0.0093	0.0125	0.0093	0.0093	0.0093	0.0097	0.0093	0.014	0.01	0	0.0099	0.0093	0.0103	0.0093	0.0093	0.0093	0.0092	0.0093	0.0093	0.0095	0.0093	0.0093	0.0093	0.0093	0.0093	0.0093	0.0112	0.0101	0.0093	0.0093	0.0093	0.0093	0.0093	0.0093	0.0093	0.0093	0.0093	0.0093	0.0093	0.0093	0.0093	0.0093	0.0093	0.0093	0.0093	0.0095	0.0093	0.0093	0.0093	0.0093	0.0093	0.0093	0.0093	0.011	0.0093	0.0139	0.0093	0.0093	0.0093	0.0139	0.0093	0.0483	0.0093	0.0108
  L	0.0075	0.0075	0.0279	0.0103	0.0189	0.0115	0.0125	0.0115	0.0317	0.0075	0.0082	0	0.0075	0.0075	0.0075	0.01	0.0075	0.0113	0.0075	0.0112	0.1021	0.0075	0.0075	0.0113	0.0076	0.0075	0.0075	0.0086	0.0423	0.0282	0.0075	0.0075	0.0075	0.0075	0.0077	0.0919	0.0685	0.0076	0.0075	0.0075	0.0075	0.0075	0.0075	0.0075	0.0075	0.0075	0.0586	0.0075	0.0178	0.0075	0.0458	0.0075	0.0075	0.0082	0.0075	0.0198	0.0152	0.0075	0.0076	0.0075	0.0181	0.0075	0.0712	0.0907	0.0097
  M	0.0188	0.0188	0.0188	0.0188	0.0188	0.0212	0.0188	0.0188	0.0182	0.0188	0.0188	0.0184	0	0.0188	0.0188	0.0188	0.0188	0.0186	0.0188	0.0188	0.0187	0.0188	0.0188	0.0188	0.0188	0.0188	0.0188	0.0188	0.0188	0.0188	0.0188	0.0188	0.0188	0.0188	0.0188	0.0187	0.0223	0.0188	0.0188	0.0188	0.0188	0.0188	0.0188	0.0188	0.0188	0.0188	0.0323	0.0188	0.0188	0.0188	0.0187	0.0188	0.0188	0.0188	0.0188	0.0188	0.0187	0.0188	0.0188	0.0188	0.0188	0.0188	0.0174	0.0187	0.0188
  N	0.0179	0.0179	0.0226	0.0179	0.0179	0.0179	0.0179	0.0179	0.0174	0.0181	0.0199	0.0176	0.0179	0	0.0179	0.0179	0.0179	0.0334	0.0179	0.0179	0.0234	0.0179	0.0179	0.0179	0.0179	0.0179	0.0179	0.0185	0.0179	0.0179	0.0179	0.0179	0.0179	0.0179	0.0179	0.0178	0.0178	0.0179	0.0179	0.0179	0.0179	0.0179	0.0179	0.0179	0.0179	0.0179	0.0178	0.0179	0.0179	0.0179	0.0178	0.0179	0.0179	0.0179	0.0179	0.0179	0.0178	0.0179	0.0179	0.0179	0.0179	0.0179	0.0184	0.0181	0.0183
  O	0.0167	0.0167	0.0166	0.0167	0.0167	0.0167	0.0166	0.0167	0.0165	0.0167	0.0167	0.0163	0.0167	0.0167	0	0.0167	0.0167	0.0165	0.0167	0.0167	0.0165	0.0167	0.0167	0.0167	0.0166	0.0167	0.0167	0.0166	0.0166	0.0167	0.0167	0.0167	0.0167	0.0167	0.0166	0.0166	0.0245	0.0167	0.0167	0.0167	0.0167	0.0167	0.0167	0.0167	0.0167	0.0167	0.0168	0.0167	0.0167	0.0167	0.0165	0.0166	0.0167	0.0167	0.0167	0.0166	0.0166	0.0167	0.0167	0.0167	0.0166	0.0167	0.023	0.0165	0.0167
  P	0.0167	0.0167	0.0167	0.0167	0.0167	0.0404	0.0167	0.0167	0.0204	0.0167	0.0167	0.0218	0.0167	0.0167	0.0167	0	0.0167	0.0261	0.0167	0.0167	0.0297	0.0167	0.0167	0.0167	0.0167	0.0167	0.0167	0.0187	0.0167	0.0167	0.0167	0.0167	0.0167	0.0167	0.0167	0.0166	0.0249	0.0167	0.0167	0.0167	0.0167	0.0167	0.0167	0.0167	0.0167	0.0212	0.0167	0.0167	0.0167	0.0167	0.0166	0.0167	0.0167	0.0167	0.0226	0.0167	0.0166	0.0167	0.0167	0.0167	0.0445	0.0167	0.0256	0.0166	0.0167
  Q	0.019	0.019	0.019	0.019	0.0284	0.019	0.019	0.019	0.0184	0.019	0.019	0.0185	0.019	0.019	0.019	0.019	0	0.0188	0.019	0.019	0.0189	0.019	0.019	0.019	0.019	0.019	0.019	0.0189	0.019	0.019	0.019	0.019	0.019	0.019	0.019	0.0189	0.028	0.019	0.019	0.019	0.019	0.019	0.019	0.019	0.019	0.019	0.0388	0.019	0.019	0.019	0.0189	0.019	0.019	0.019	0.019	0.019	0.0189	0.019	0.019	0.019	0.019	0.019	0.0176	0.0189	0.019
  R	0.0115	0.0115	0.0116	0.0407	0.0115	0.0471	0.0116	0.0115	0.0114	0.0115	0.0116	0.0172	0.0115	0.0217	0.0115	0.0183	0.0115	0	0.0115	0.0116	0.0202	0.0226	0.0169	0.0115	0.0115	0.0115	0.0115	0.0741	0.0116	0.0115	0.0115	0.0115	0.0115	0.0115	0.0116	0.0116	0.0771	0.0115	0.0115	0.0115	0.0115	0.0115	0.0115	0.0115	0.0115	0.0115	0.0167	0.0115	0.0115	0.0115	0.0116	0.0881	0.0115	0.0116	0.0115	0.0115	0.0172	0.0115	0.0115	0.0115	0.0163	0.0115	0.0223	0.0117	0.0115
  S	0.0166	0.0166	0.0166	0.0166	0.0166	0.0166	0.0166	0.0166	0.0162	0.0166	0.0166	0.0163	0.0166	0.0166	0.0166	0.0166	0.0166	0.0164	0	0.0166	0.0165	0.0166	0.0166	0.0166	0.0166	0.0166	0.0166	0.0166	0.0166	0.0166	0.0166	0.0166	0.0166	0.0166	0.0166	0.0166	0.0165	0.0166	0.0166	0.0166	0.0166	0.0166	0.0166	0.0166	0.0166	0.0166	0.0166	0.0166	0.0166	0.0166	0.0165	0.0166	0.0166	0.0166	0.0166	0.0166	0.0165	0.0166	0.0166	0.0166	0.0166	0.0166	0.0233	0.0165	0.0166
  T	0.0069	0.0069	0.0069	0.0069	0.0069	0.0069	0.0072	0.0069	0.0106	0.0069	0.0069	0.0101	0.0069	0.0069	0.0069	0.0069	0.0069	0.0069	0.0069	0	0.0069	0.0069	0.0069	0.0069	0.0069	0.0069	0.0069	0.0069	0.0069	0.0069	0.0069	0.0069	0.0069	0.0069	0.0078	0.0069	0.0081	0.0069	0.0069	0.0069	0.0069	0.0069	0.0082	0.0069	0.0069	0.0069	0.0069	0.0069	0.0082	0.0069	0.0069	0.0069	0.0069	0.0069	0.0069	0.0069	0.0069	0.0069	0.0069	0.0069	0.0069	0.0069	0.061	0.0069	0.0069
