Map from character to field name
A:	Algeria
B:	Argentina
C:	Australia
D:	Austria
E:	Bangladesh
F:	Belgium
G:	Brazil
H:	Cambodia
I:	Canada
J:	Chad
K:	Chile
L:	China
M:	Czech Republic
N:	Denmark
O:	Egypt
P:	France
Q:	Georgia
R:	Germany
S:	Guam
T:	Guatemala
U:	Hong Kong
V:	Hungary
W:	Iceland
X:	India
Y:	Indonesia
Z:	Iran
[:	Ireland
\:	Italy
]:	Japan
^:	Kazakhstan
_:	Kuwait
`:	Laos
a:	Luxembourg
b:	Malaysia
c:	Mexico
d:	Mongolia
e:	Netherlands
f:	New Zealand
g:	Nicaragua
h:	Nigeria
i:	Norway
j:	Pakistan
k:	Peru
l:	Philippines
m:	Poland
n:	Romania
o:	Russia
p:	Saudi Arabia
q:	Singapore
r:	South Africa
s:	South Korea
t:	Spain
u:	Sri Lanka
v:	Sweden
w:	Switzerland
x:	Taiwan
y:	Thailand
z:	Turkey
{:	Ukraine
|:	United Arab Emirates
}:	United Kingdom
~:	Uruguay
:	Usa
:	Vietnam
:	Zambia
:	?


Substitution rate (mu): 16.699504

Equilibrium frequencies (pi_i):
  A: 0.0183
  B: 0.0156
  C: 0.0086
  D: 0.0186
  E: 0.0203
  F: 0.0182
  G: 0.0082
  H: 0.018
  I: 0.0019
  J: 0.0193
  K: 0.0117
  L: 0.0056
  M: 0.019
  N: 0.0171
  O: 0.0194
  P: 0.0142
  Q: 0.0193
  R: 0.0123
  S: 0.0172
  T: 0.0079
  U: 0.007
  V: 0.0188
  W: 0.0186
  X: 0.0188
  Y: 0.0187
  Z: 0.0193
  [: 0.0189
  \: 0.0184
  ]: 0.0076
  ^: 0.0163
  _: 0.0191
  `: 0.0193
  a: 0.0193
  b: 0.0139
  c: 0.0107
  d: 0.0112
  e: 0.0049
  f: 0.0169
  g: 0.0177
  h: 0.0194
  i: 0.0194
  j: 0.0174
  k: 0.0155
  l: 0.0191
  m: 0.0193
  n: 0.0188
  o: 0.0113
  p: 0.0168
  q: 0.0148
  r: 0.0144
  s: 0.0075
  t: 0.0191
  u: 0.0191
  v: 0.0143
  w: 0.0162
  x: 0.0142
  y: 0.0168
  z: 0.0194
  {: 0.0176
  |: 0.0193
  }: 0.0102
  ~: 0.0175
  : 0.0052
  : 0.0125
  : 0.0192

Symmetrized rates from j->i (W_ij):
	A	B	C	D	E	F	G	H	I	J	K	L	M	N	O	P	Q	R	S	T	U	V	W	X	Y	Z	[	\	]	^	_	`	a	b	c	d	e	f	g	h	i	j	k	l	m	n	o	p	q	r	s	t	u	v	w	x	y	z	{	|	}	~			
  A	0	0.9678	0.9649	0.9679	0.967	0.9663	0.9652	0.9677	0.9342	0.968	0.9683	0.9407	0.968	0.9679	0.9679	0.9674	0.9679	0.9579	0.968	0.9676	0.9608	0.9677	0.968	0.9678	0.965	0.9678	0.968	0.9629	1.2528	0.9679	0.9679	0.968	0.9679	0.968	0.9635	0.9625	0.9577	0.9682	0.9679	0.9679	0.968	0.9679	0.9679	0.9679	0.9678	0.968	0.9633	0.968	0.968	0.9681	0.9606	0.9641	0.9679	0.968	0.9684	0.9676	0.9604	0.9679	0.968	0.9679	0.9654	0.9681	1.0929	0.9579	0.9675
  B	0.9678	0	0.9646	0.9675	0.9668	0.9662	0.9651	0.9674	0.9376	0.9676	1.1044	0.9424	0.9676	0.9675	0.9675	0.967	0.9675	0.9589	0.9676	0.9671	0.9605	0.9674	0.9676	0.9674	0.9651	0.9674	0.9676	0.9633	0.9638	0.9675	0.9675	0.9675	0.9675	0.9675	0.9637	0.9628	0.9582	0.9677	0.9676	0.9675	0.9676	0.9675	0.9675	0.9675	0.9675	0.9676	0.9626	0.9676	0.9676	0.9676	0.9603	0.9643	0.9675	0.9675	0.9676	0.9665	0.9612	0.9675	0.9677	0.9675	0.9652	0.9676	1.779	0.9587	0.9672
  C	0.9649	0.9646	0	0.9641	0.9633	0.9639	1.6497	0.9642	0.9525	1.0088	1.1402	2.1035	0.964	0.9649	0.9638	1.1235	0.964	0.9616	0.9643	1.0037	1.4473	1.249	0.9644	1.2609	0.9628	0.9637	0.9639	1.1158	2.093	0.965	0.9639	0.9638	0.9638	1.0541	1.0152	0.9648	3.2516	1.1674	1.288	0.9638	0.9639	0.9642	1.1795	0.9638	0.9638	0.9639	1.2583	0.9644	1.6618	0.9652	1.5173	0.962	0.9639	0.965	0.9646	1.0569	1.0593	0.9637	0.9645	0.9637	0.9654	0.9645	6.1098	1.2143	1.1973
  D	0.9679	0.9675	0.9641	0	0.9669	0.9663	0.9644	0.9676	0.9318	0.9679	0.9677	1.1845	0.9678	0.9683	0.9678	0.967	0.9678	3.3933	0.9678	0.967	0.9599	0.9676	0.9678	0.9676	0.9649	0.9677	0.9678	1.4219	0.963	0.9677	0.9678	0.9677	0.9678	0.9677	0.963	0.9622	0.9566	0.9681	0.9678	0.9678	0.9679	0.9677	0.9677	0.9678	0.9678	0.9678	0.9618	0.9677	0.9678	0.9678	0.9589	0.964	0.9678	0.9677	0.968	0.9665	0.96	0.9678	0.9678	0.9678	0.9651	0.9678	0.8924	0.9576	0.9674
  E	0.967	0.9668	0.9633	0.9669	0	0.9653	0.9637	0.9667	0.9285	0.9669	0.9671	0.9353	0.967	0.9669	1.2637	0.9663	0.967	0.956	0.967	0.9666	0.9582	0.9667	0.9669	0.9669	0.9637	0.9668	0.9669	0.9613	0.9626	0.982	0.9669	0.9668	0.9669	0.967	0.9621	3.6399	0.9611	0.9672	0.967	0.9669	0.967	0.9669	0.9669	0.9669	0.9668	0.9669	3.7343	0.967	0.9671	0.9671	0.9578	0.9627	0.9669	0.967	0.967	0.966	0.9589	0.9669	0.967	0.9669	0.9638	0.967	0.8858	0.9809	0.9664
  F	0.9663	0.9662	0.9639	0.9663	0.9653	0	0.9639	0.966	0.9326	0.9663	1.1217	0.9391	0.9685	1.0144	0.9662	1.4497	1.4495	3.3099	0.9663	0.9664	1.0338	1.6067	0.9665	1.0034	0.9633	0.966	0.9662	1.6752	0.963	0.9663	0.9662	0.9661	0.9661	0.967	0.9622	0.9614	3.9817	0.9667	0.9663	0.9661	0.9665	0.9662	0.9664	0.9661	0.9661	0.9662	2.6237	0.9663	0.9666	0.9669	0.9587	0.9977	0.9661	0.9665	0.9665	0.9656	1.1881	0.9661	0.9664	0.9661	0.9642	0.9663	1.0499	0.9571	0.9663
  G	0.9652	0.9651	1.6497	0.9644	0.9637	0.9639	0	0.9645	0.9533	0.9657	1.0392	1.2706	0.9644	0.9649	0.9643	0.9654	0.9643	0.9613	0.9648	1.4455	1.0049	0.9644	0.9646	0.9644	0.9632	0.9643	0.9645	0.9672	0.9657	1.0218	0.9643	0.9643	0.9643	0.9656	0.9642	0.9634	0.9631	0.9653	0.9978	0.9643	0.9643	0.9647	0.9652	0.9643	0.9643	0.9645	0.9636	0.9649	1.4439	0.9654	0.9761	0.9627	0.9643	0.9654	0.9654	0.9654	0.9621	0.9643	0.9651	1.4463	1.0856	1.26	7.2134	0.961	0.9717
  H	0.9677	0.9674	0.9642	0.9676	0.9667	0.966	0.9645	0	0.9328	0.9676	0.9676	1.7569	0.9676	0.9676	0.9676	0.9669	0.9676	0.9577	0.9676	0.967	0.9596	0.9674	0.9676	0.9675	0.9648	0.9675	0.9676	0.9626	0.9747	0.9675	0.9676	0.9675	0.9676	0.9676	0.963	1.0075	0.9569	0.968	0.9676	0.9676	0.9677	0.9675	0.9675	0.9676	0.9675	0.9676	1.0139	0.9676	0.9676	0.9677	0.9591	0.9638	0.9676	0.9675	0.9676	0.9767	0.9601	0.9676	0.9676	0.9676	0.9646	0.9676	0.8975	2.3958	0.9672
  I	0.9342	0.9376	0.9525	0.9318	0.9285	0.9326	0.9533	0.9328	0	0.9306	1.0011	1.4017	0.931	0.9348	0.9302	0.9911	0.9305	0.9433	0.9345	0.9528	0.955	0.9315	0.9324	0.9313	0.9313	0.9305	0.9313	0.9319	1.4494	0.9365	0.9308	0.9304	0.9305	0.9413	3.8692	0.9454	0.9634	0.9351	0.9336	0.9304	0.9303	0.9341	1.0411	0.9309	0.9303	0.9315	0.9471	0.9354	0.9392	0.9402	1.82	0.9305	0.9308	0.9405	0.9366	0.9404	0.9356	0.9303	0.9355	0.9303	0.9499	0.9343	59.1987	1.401	0.9307
  J	0.968	0.9676	1.0088	0.9679	0.9669	0.9663	0.9657	0.9676	0.9306	0	1.048	0.9367	0.9679	0.9677	0.9679	0.9671	0.9679	0.9573	0.9679	0.9671	0.959	0.9677	0.9679	0.9677	0.9648	0.9677	0.9679	1.3461	0.9628	0.9677	0.9679	0.9678	0.9678	0.9677	0.9629	0.9619	0.9563	0.9681	0.9679	0.9679	0.9679	0.9678	0.9678	0.9678	0.9678	0.9679	0.9616	0.9678	0.9679	0.9679	0.9586	0.9639	0.9679	0.9677	0.968	0.9664	0.9598	0.9679	0.9679	0.9679	0.9646	0.9679	0.8977	0.9569	1.0203
  K	0.9683	1.1044	1.1402	0.9677	0.9671	1.1217	1.0392	0.9676	1.0011	1.048	0	0.9578	0.9677	0.9682	0.9676	0.9691	0.9677	0.9628	0.9682	0.9716	1.005	0.9677	0.968	0.9677	0.9658	0.9675	0.9678	1.4835	0.969	0.9682	0.9677	0.9676	0.9676	0.9695	0.9675	0.9648	1.1946	0.9685	0.9679	1.4508	0.9677	0.968	0.9686	0.9676	0.9676	0.9678	0.9663	0.9684	0.9689	0.9691	0.9721	0.9653	0.9676	0.9691	0.9688	0.9683	1.166	0.9676	0.9684	0.9677	1.2296	0.9683	3.7195	0.9618	1.1884
  L	0.9407	0.9424	2.1035	1.1845	0.9353	0.9391	1.2706	1.7569	1.4017	0.9367	0.9578	0	0.9371	0.9586	0.9364	0.9458	0.9367	0.9464	0.9399	0.9564	11.6269	0.9381	0.9384	1.0856	1.4027	0.9366	0.9373	1.1805	5.0864	2.2605	0.9368	0.9366	0.9366	0.9463	0.9502	9.2074	1.1537	1.2447	1.2734	0.9364	0.9365	0.9405	0.9429	0.9369	0.9365	0.9374	4.269	0.9407	1.8908	0.9444	7.679	0.9358	0.9369	0.9453	0.9416	3.9815	1.4096	0.9364	0.9406	0.9365	1.4277	0.9397	16.4789	8.3564	0.9369
  M	0.968	0.9676	0.964	0.9678	0.967	0.9685	0.9644	0.9676	0.931	0.9679	0.9677	0.9371	0	0.9679	0.9679	0.9671	1.2636	0.9619	0.9678	0.967	0.9594	0.9677	0.968	0.9677	0.9649	0.9677	0.9679	0.9629	0.9629	0.9677	0.9679	0.9678	0.9678	0.9679	0.9629	0.962	2.2341	0.9681	0.9679	0.9678	1.1345	0.9678	0.9677	0.9679	0.9678	0.9679	0.9834	0.9678	0.9679	0.968	0.9587	0.9639	0.9679	0.9677	0.9679	0.9665	0.96	0.9678	0.968	0.9678	0.9647	0.9679	0.891	0.9571	0.9676
  N	0.9679	0.9675	0.9649	0.9683	0.9669	1.0144	0.9649	0.9676	0.9348	0.9677	0.9682	0.9586	0.9679	0	0.9677	0.9675	0.9679	1.512	0.9677	0.9671	1.1337	0.968	0.9678	0.9676	0.965	0.9676	0.9677	0.9651	0.9642	0.9676	0.9678	0.9676	0.9677	0.9685	0.9634	0.9626	1.1597	0.9682	0.9677	0.9677	0.9678	0.9676	0.9676	0.9677	0.9676	0.9677	0.964	0.9677	0.9678	0.9678	0.9598	0.9657	0.9677	0.9677	0.9677	0.9667	0.9608	0.9677	0.9679	0.9677	0.9653	0.9677	1.3357	1.2354	0.9674
  O	0.9679	0.9675	0.9638	0.9678	1.2637	0.9662	0.9643	0.9676	0.9302	0.9679	0.9676	0.9364	0.9679	0.9677	0	0.967	0.9679	0.957	0.9678	0.967	0.9589	0.9676	0.9678	0.9677	0.9647	0.9677	0.9678	0.9624	0.9628	0.9677	0.9678	0.9677	0.9678	0.9677	0.9628	0.9636	0.9625	0.968	0.9678	0.9678	0.9679	0.9677	0.9677	0.9678	0.9677	0.9678	1.7357	0.9678	0.9678	0.9678	0.9584	0.9638	0.9678	0.9676	0.9678	0.9665	0.9597	0.9678	0.9678	0.9678	0.9645	0.9678	0.889	0.9568	0.9674
  P	0.9674	0.967	1.1235	0.967	0.9663	1.4497	0.9654	0.9669	0.9911	0.9671	0.9691	0.9458	0.9671	0.9675	0.967	0	0.967	2.3993	0.9671	0.9671	0.9618	0.967	0.9672	0.9669	0.9648	0.9669	0.9671	0.9633	0.9656	0.9672	0.967	0.967	0.967	0.9673	0.9639	0.963	1.0211	0.9674	0.9671	0.967	0.9671	0.9671	0.9672	0.967	0.967	1.3024	0.9631	0.9672	0.9673	0.9673	0.9622	0.9641	0.967	0.9673	1.1725	0.9663	0.9617	0.9672	0.9678	0.967	3.1113	0.9672	2.6895	0.9593	0.9668
  Q	0.9679	0.9675	0.964	0.9678	0.967	1.4495	0.9643	0.9676	0.9305	0.9679	0.9677	0.9367	1.2636	0.9679	0.9679	0.967	0	0.9609	0.9678	0.967	0.9594	0.9677	0.9679	0.9677	0.9648	0.9677	0.9678	0.9629	0.9629	0.9677	0.9679	0.9678	0.9678	0.9678	0.9628	0.962	1.4264	0.9681	0.9678	0.9678	1.2985	0.9677	0.9677	0.9678	0.9677	0.9678	1.7668	0.9678	0.9679	0.9679	0.9586	0.9638	0.9678	0.9677	0.9678	0.9665	0.9599	0.9678	0.9679	0.9678	0.9646	0.9678	0.8902	0.957	0.9675
  R	0.9579	0.9589	0.9616	3.3933	0.956	3.3099	0.9613	0.9577	0.9433	0.9573	0.9628	0.9464	0.9619	1.512	0.957	2.3993	0.9609	0	0.9583	0.9629	1.0582	1.7658	0.9581	0.9573	0.9555	0.957	0.9573	3.2578	0.9611	0.9588	0.9573	0.957	0.9571	0.9606	0.9588	0.9579	6.1163	0.9588	0.958	0.957	0.9588	0.9604	0.9591	0.9572	0.9571	0.9574	0.9848	0.9585	0.9597	0.9602	0.9582	6.5227	0.9572	0.9693	0.9595	0.9593	0.9541	0.957	0.9584	0.957	1.419	0.9581	2.2897	1.0839	0.9575
  S	0.968	0.9676	0.9643	0.9678	0.967	0.9663	0.9648	0.9676	0.9345	0.9679	0.9682	0.9399	0.9678	0.9677	0.9678	0.9671	0.9678	0.9583	0	0.9671	0.9599	0.9676	0.9678	0.9677	0.9651	0.9677	0.9678	0.9631	0.9634	0.9677	0.9678	0.9678	0.9678	0.9677	0.9634	0.9625	0.9572	0.968	0.9678	0.9678	0.9679	0.9677	0.9677	0.9678	0.9677	0.9678	0.9623	0.9678	0.9678	0.9678	0.9596	0.9642	0.9678	0.9677	0.9678	0.9665	0.9607	0.9678	0.9679	0.9678	0.9649	0.9678	1.3457	0.958	0.9674
  T	0.9676	0.9671	1.0037	0.967	0.9666	0.9664	1.4455	0.967	0.9528	0.9671	0.9716	0.9564	0.967	0.9671	0.967	0.9671	0.967	0.9629	0.9671	0	0.964	0.9671	0.9672	0.967	0.9658	0.967	0.9671	0.9649	0.9661	0.9671	0.967	0.967	0.967	0.9672	1.0476	0.9649	0.9632	0.9672	0.9676	0.967	0.967	0.9671	1.1326	0.967	0.967	0.9671	0.9649	0.9672	1.0336	0.9672	0.9641	0.9654	0.967	0.9673	0.9672	0.9668	0.9642	0.967	0.9675	0.967	0.9665	0.9674	7.1207	0.9628	0.9669
  U	0.9608	0.9605	1.4473	0.9599	0.9582	1.0338	1.0049	0.9596	0.955	0.959	1.005	11.6269	0.9594	1.1337	0.9589	0.9618	0.9594	1.0582	0.9599	0.964	0	0.9595	0.9601	0.9593	0.9585	0.9589	0.9591	1.4379	3.8991	0.9605	0.9592	0.9589	0.9589	2.6583	0.9613	0.9608	5.9509	1.4041	0.9598	0.9589	0.959	0.9598	0.9607	0.9591	0.9588	0.9592	1.0453	0.9601	0.9614	0.9614	1.0107	0.9587	0.9742	0.9614	0.9604	1.3368	0.9581	0.9589	0.9603	0.9589	1.4474	0.9599	5.6888	2.3827	0.9593
  V	0.9677	0.9674	1.249	0.9676	0.9667	1.6067	0.9644	0.9674	0.9315	0.9677	0.9677	0.9381	0.9677	0.968	0.9676	0.967	0.9677	1.7658	0.9676	0.9671	0.9595	0	0.9677	0.9675	0.9647	0.9675	0.9676	0.963	0.9629	0.9675	0.9676	0.9676	0.9676	0.9676	0.963	0.9619	1.4252	0.968	0.9682	0.9676	0.9677	0.9675	0.9886	0.9676	0.9675	0.9676	0.9719	0.9676	0.979	0.9677	1.0052	0.9639	0.9676	0.9675	0.9677	0.9663	0.9599	0.9676	0.9677	0.9676	0.9645	0.9676	1.029	0.9571	0.9673
  W	0.968	0.9676	0.9644	0.9678	0.9669	0.9665	0.9646	0.9676	0.9324	0.9679	0.968	0.9384	0.968	0.9678	0.9678	0.9672	0.9679	0.9581	0.9678	0.9672	0.9601	0.9677	0	0.9677	0.9649	0.9677	0.9678	0.963	0.9644	0.9678	0.9679	0.9678	0.9678	0.968	0.9631	0.9621	1.3356	0.9681	0.9678	0.9678	0.9679	0.9677	0.9678	0.9678	0.9677	0.9678	0.9628	0.9678	0.9679	0.9679	0.9591	0.964	0.9678	0.9678	0.9679	0.9665	0.9602	0.9678	0.968	0.9678	0.9652	0.9679	0.9974	0.9574	0.9675
  X	0.9678	0.9674	1.2609	0.9676	0.9669	1.0034	0.9644	0.9675	0.9313	0.9677	0.9677	1.0856	0.9677	0.9676	0.9677	0.9669	0.9677	0.9573	0.9677	0.967	0.9593	0.9675	0.9677	0	0.9647	0.9675	0.9677	0.9625	0.9631	0.9676	0.9676	0.9676	0.9676	0.9676	0.9629	1.8119	0.9563	0.9682	0.9677	0.9676	0.9677	0.9676	0.9676	0.9676	0.9676	0.9677	1.8582	0.9676	0.9677	0.9677	0.9588	0.9637	0.9676	0.9675	0.9677	0.9665	0.9598	0.9676	0.9677	0.9676	0.9645	0.9677	1.0108	1.0693	0.9673
  Y	0.965	0.9651	0.9628	0.9649	0.9637	0.9633	0.9632	0.9648	0.9313	0.9648	0.9658	1.4027	0.9649	0.965	0.9647	0.9648	0.9648	0.9555	0.9651	0.9658	0.9585	0.9647	0.9649	0.9647	0	0.9647	0.9649	0.9598	0.9618	0.9652	0.9648	0.9647	0.9648	0.9655	0.9613	0.9606	0.9555	0.9656	0.9651	0.9647	0.9648	0.965	0.9653	0.9648	0.9647	0.9649	0.9601	0.9651	0.9655	0.9656	0.9578	0.9609	0.9648	0.9654	0.9653	0.9643	0.9574	0.9648	0.9651	0.9648	0.963	0.965	0.8912	0.9556	0.9644
  Z	0.9678	0.9674	0.9637	0.9677	0.9668	0.966	0.9643	0.9675	0.9305	0.9677	0.9675	0.9366	0.9677	0.9676	0.9677	0.9669	0.9677	0.957	0.9677	0.967	0.9589	0.9675	0.9677	0.9675	0.9647	0	0.9677	0.9624	0.9627	0.9676	0.9677	0.9676	0.9677	0.9676	0.9628	0.9618	0.9558	0.9679	0.9677	0.9677	0.9677	0.9676	0.9676	0.9676	0.9676	0.9677	1.4422	0.9677	0.9677	0.9677	0.9585	0.9637	0.9677	0.9676	0.9677	0.9663	0.9596	0.9677	0.9677	0.9677	0.9644	0.9677	0.8895	0.9568	0.9672
  [	0.968	0.9676	0.9639	0.9678	0.9669	0.9662	0.9645	0.9676	0.9313	0.9679	0.9678	0.9373	0.9679	0.9677	0.9678	0.9671	0.9678	0.9573	0.9678	0.9671	0.9591	0.9676	0.9678	0.9677	0.9649	0.9677	0	0.9626	0.9629	0.9677	0.9678	0.9678	0.9678	0.9677	0.963	0.962	0.9562	0.968	0.9678	0.9678	0.9679	0.9677	0.9677	0.9678	0.9677	0.9678	0.9617	1.1252	0.9678	0.9678	0.9588	0.9639	0.9678	1.3081	0.9679	0.9664	0.9599	0.9678	0.9679	0.9678	0.9648	0.9678	0.9962	0.9571	0.9674
  \	0.9629	0.9633	1.1158	1.4219	0.9613	1.6752	0.9672	0.9626	0.9319	1.3461	1.4835	1.1805	0.9629	0.9651	0.9624	0.9633	0.9629	3.2578	0.9631	0.9649	1.4379	0.963	0.963	0.9625	0.9598	0.9624	0.9626	0	0.9625	0.9633	0.9626	0.9624	0.9625	0.9644	0.9602	0.9592	4.3061	0.9637	0.963	0.9625	0.9627	0.9629	0.9635	0.9625	1.3406	0.9626	0.9593	0.9632	0.9639	0.9644	0.9573	0.9755	0.9625	0.9638	1.5483	0.9629	0.9559	0.9625	0.9633	0.9625	1.8847	0.963	0.9722	0.9545	1.1443
  ]	1.2528	0.9638	2.093	0.963	0.9626	0.963	0.9657	0.9747	1.4494	0.9628	0.969	5.0864	0.9629	0.9642	0.9628	0.9656	0.9629	0.9611	0.9634	0.9661	3.8991	0.9629	0.9644	0.9631	0.9618	0.9627	0.9629	0.9625	0	0.967	0.9628	1.4445	0.9628	0.9649	0.9638	1.047	1.6485	0.9648	0.9633	0.9627	0.9628	0.9633	0.964	0.9628	0.9627	0.9629	3.8403	0.9636	0.9644	0.9643	2.5832	0.9612	0.9628	0.9644	0.9644	3.6709	0.961	0.9627	0.9662	0.9627	1.468	0.9638	6.1052	3.5978	0.9628
  ^	0.9679	0.9675	0.965	0.9677	0.982	0.9663	1.0218	0.9675	0.9365	0.9677	0.9682	2.2605	0.9677	0.9676	0.9677	0.9672	0.9677	0.9588	0.9677	0.9671	0.9605	0.9675	0.9678	0.9676	0.9652	0.9676	0.9677	0.9633	0.967	0	0.9677	0.9676	0.9677	0.9676	0.9636	1.7435	1.0171	0.9683	0.9677	0.9677	0.9677	0.9676	0.9676	0.9676	0.9676	0.9677	1.2484	0.9677	0.9677	0.9677	0.9602	0.9643	0.9677	0.9677	0.9677	0.9667	0.961	0.9677	0.9679	0.9677	1.422	0.9677	1.3489	0.9587	0.9673
  _	0.9679	0.9675	0.9639	0.9678	0.9669	0.9662	0.9643	0.9676	0.9308	0.9679	0.9677	0.9368	0.9679	0.9678	0.9678	0.967	0.9679	0.9573	0.9678	0.967	0.9592	0.9676	0.9679	0.9676	0.9648	0.9677	0.9678	0.9626	0.9628	0.9677	0	0.9678	0.9678	1.0535	0.9629	0.9619	1.3677	0.9681	0.9678	0.9678	0.9679	0.9677	0.9677	0.9678	0.9677	0.9678	0.9617	0.9678	0.9678	0.9679	0.9586	0.9638	0.9678	0.9677	0.9678	0.9664	0.9598	0.9678	0.9679	0.9678	0.9646	0.9678	0.8918	0.957	0.9675
  `	0.968	0.9675	0.9638	0.9677	0.9668	0.9661	0.9643	0.9675	0.9304	0.9678	0.9676	0.9366	0.9678	0.9676	0.9677	0.967	0.9678	0.957	0.9678	0.967	0.9589	0.9676	0.9678	0.9676	0.9647	0.9676	0.9678	0.9624	1.4445	0.9676	0.9678	0	0.9677	0.9676	0.9628	0.9618	0.9558	0.968	0.9678	0.9677	0.9678	0.9677	0.9677	0.9677	0.9677	0.9678	0.9616	0.9677	0.9677	0.9678	0.9585	0.9637	0.9678	0.9676	0.9678	0.9664	0.9597	0.9677	0.9678	0.9678	0.9645	0.9678	0.8896	0.9568	0.9673
  a	0.9679	0.9675	0.9638	0.9678	0.9669	0.9661	0.9643	0.9676	0.9305	0.9678	0.9676	0.9366	0.9678	0.9677	0.9678	0.967	0.9678	0.9571	0.9678	0.967	0.9589	0.9676	0.9678	0.9676	0.9648	0.9677	0.9678	0.9625	0.9628	0.9677	0.9678	0.9677	0	0.9677	0.9628	0.9619	0.9559	0.968	0.9678	0.9678	0.9679	0.9677	0.9677	0.9678	0.9677	0.9678	1.4423	0.9677	0.9678	0.9678	0.9585	0.9638	0.9678	0.9676	0.9678	0.9664	0.9597	0.9678	0.9678	0.9678	0.9645	0.9678	0.8896	0.9568	0.9674
  b	0.968	0.9675	1.0541	0.9677	0.967	0.967	0.9656	0.9676	0.9413	0.9677	0.9695	0.9463	0.9679	0.9685	0.9677	0.9673	0.9678	0.9606	0.9677	0.9672	2.6583	0.9676	0.968	0.9676	0.9655	0.9676	0.9677	0.9644	0.9649	0.9676	1.0535	0.9676	0.9677	0	0.965	0.9635	2.6669	1.2503	0.9677	0.9677	0.9678	0.9676	0.9677	0.9677	0.9676	0.9677	0.9638	0.9677	0.9678	0.9689	0.9614	0.9648	0.9678	0.9677	0.9677	0.9671	0.9622	0.9677	0.968	0.9677	0.9657	0.9678	2.5416	1.1232	0.9676
  c	0.9635	0.9637	1.0152	0.963	0.9621	0.9622	0.9642	0.963	3.8692	0.9629	0.9675	0.9502	0.9629	0.9634	0.9628	0.9639	0.9628	0.9588	0.9634	1.0476	0.9613	0.963	0.9631	0.9629	0.9613	0.9628	0.963	0.9602	0.9638	0.9636	0.9629	0.9628	0.9628	0.965	0	0.9617	0.9605	0.9636	0.9637	0.9628	0.9628	0.9633	1.0719	0.9629	0.9628	0.963	0.9616	0.9635	1.055	0.9642	1.0075	0.9607	0.9629	0.9641	0.9637	0.9635	0.9593	0.9628	0.9635	0.9628	0.9637	0.9634	3.5322	0.9586	0.9626
  d	0.9625	0.9628	0.9648	0.9622	3.6399	0.9614	0.9634	1.0075	0.9454	0.9619	0.9648	9.2074	0.962	0.9626	0.9636	0.963	0.962	0.9579	0.9625	0.9649	0.9608	0.9619	0.9621	1.8119	0.9606	0.9618	0.962	0.9592	1.047	1.7435	0.9619	0.9618	0.9619	0.9635	0.9617	0	1.012	0.9643	0.9624	0.9618	0.9619	0.9624	0.963	0.9619	0.9618	0.962	6.9073	0.9626	0.9633	0.9634	1.541	0.9596	0.9619	0.9633	0.9628	0.9887	1.9158	0.9618	0.9625	0.9618	0.9629	0.9624	0.9361	3.1704	0.9616
  e	0.9577	0.9582	3.2516	0.9566	0.9611	3.9817	0.9631	0.9569	0.9634	0.9563	1.1946	1.1537	2.2341	1.1597	0.9625	1.0211	1.4264	6.1163	0.9572	0.9632	5.9509	1.4252	1.3356	0.9563	0.9555	0.9558	0.9562	4.3061	1.6485	1.0171	1.3677	0.9558	0.9559	2.6669	0.9605	1.012	0	1.7468	0.9575	0.9558	1.0625	1.0215	0.9717	1.4339	0.9558	0.9562	7.8537	0.9576	1.4105	1.1716	1.1688	0.9567	1.0155	1.4926	0.958	1.0563	1.914	0.9558	1.4909	0.9558	2.3657	0.9572	15.5538	2.4029	1.3956
  f	0.9682	0.9677	1.1674	0.9681	0.9672	0.9667	0.9653	0.968	0.9351	0.9681	0.9685	1.2447	0.9681	0.9682	0.968	0.9674	0.9681	0.9588	0.968	0.9672	1.4041	0.968	0.9681	0.9682	0.9656	0.9679	0.968	0.9637	0.9648	0.9683	0.9681	0.968	0.968	1.2503	0.9636	0.9643	1.7468	0	0.9684	0.968	0.9681	0.9679	0.968	0.968	0.9679	0.968	0.9636	0.9679	0.9688	0.968	0.9616	0.9645	0.968	0.9679	0.968	0.9675	0.9613	0.968	0.9681	0.968	0.9653	0.968	1.3544	1.0524	0.9679
  g	0.9679	0.9676	1.288	0.9678	0.967	0.9663	0.9978	0.9676	0.9336	0.9679	0.9679	1.2734	0.9679	0.9677	0.9678	0.9671	0.9678	0.958	0.9678	0.9676	0.9598	0.9682	0.9678	0.9677	0.9651	0.9677	0.9678	0.963	0.9633	0.9677	0.9678	0.9678	0.9678	0.9677	0.9637	0.9624	0.9575	0.9684	0	0.9678	0.9679	0.9677	0.9925	0.9678	0.9677	0.9678	0.9621	0.9678	0.9715	0.9678	0.9597	0.9641	0.9678	0.9677	0.9678	0.9666	0.9605	0.9678	0.9679	0.9678	0.9648	0.9678	1.1495	0.9578	0.9675
  h	0.9679	0.9675	0.9638	0.9678	0.9669	0.9661	0.9643	0.9676	0.9304	0.9679	1.4508	0.9364	0.9678	0.9677	0.9678	0.967	0.9678	0.957	0.9678	0.967	0.9589	0.9676	0.9678	0.9676	0.9647	0.9677	0.9678	0.9625	0.9627	0.9677	0.9678	0.9677	0.9678	0.9677	0.9628	0.9618	0.9558	0.968	0.9678	0	0.9679	0.9677	0.9677	0.9678	0.9677	0.9678	0.9615	0.9678	0.9678	0.9678	0.9585	0.9638	0.9678	0.9676	0.9678	0.9664	0.9597	0.9678	0.9678	0.9678	0.9645	0.9678	0.89	0.9568	0.9674
  i	0.968	0.9676	0.9639	0.9679	0.967	0.9665	0.9643	0.9677	0.9303	0.9679	0.9677	0.9365	1.1345	0.9678	0.9679	0.9671	1.2985	0.9588	0.9679	0.967	0.959	0.9677	0.9679	0.9677	0.9648	0.9677	0.9679	0.9627	0.9628	0.9677	0.9679	0.9678	0.9679	0.9678	0.9628	0.9619	1.0625	0.9681	0.9679	0.9679	0	0.9678	0.9678	0.9679	0.9678	0.9679	0.9633	0.9678	0.9679	0.9679	0.9585	0.9639	0.9679	0.9677	0.9679	0.9664	0.9598	0.9679	0.9679	0.9679	0.9646	0.9679	0.8893	0.9569	0.9675
  j	0.9679	0.9675	0.9642	0.9677	0.9669	0.9662	0.9647	0.9675	0.9341	0.9678	0.968	0.9405	0.9678	0.9676	0.9677	0.9671	0.9677	0.9604	0.9677	0.9671	0.9598	0.9675	0.9677	0.9676	0.965	0.9676	0.9677	0.9629	0.9633	0.9676	0.9677	0.9677	0.9677	0.9676	0.9633	0.9624	1.0215	0.9679	0.9677	0.9677	0.9678	0	0.9676	0.9677	0.9676	0.9677	0.9621	0.9677	0.9677	0.9677	0.9594	0.9641	0.9677	0.9691	0.9678	0.9665	0.9605	0.9677	0.9678	0.9677	0.9648	0.9677	1.2795	0.9578	0.9673
  k	0.9679	0.9675	1.1795	0.9677	0.9669	0.9664	0.9652	0.9675	1.0411	0.9678	0.9686	0.9429	0.9677	0.9676	0.9677	0.9672	0.9677	0.9591	0.9677	1.1326	0.9607	0.9886	0.9678	0.9676	0.9653	0.9676	0.9677	0.9635	0.964	0.9676	0.9677	0.9677	0.9677	0.9677	1.0719	0.963	0.9717	0.968	0.9925	0.9677	0.9678	0.9676	0	0.9677	0.9676	0.9677	0.9628	0.9677	1.0558	0.9678	0.9669	0.9645	0.9677	0.9676	0.9678	0.9666	0.9614	0.9677	0.9678	0.9677	0.9652	0.9678	1.8104	0.9589	0.9674
  l	0.9679	0.9675	0.9638	0.9678	0.9669	0.9661	0.9643	0.9676	0.9309	0.9678	0.9676	0.9369	0.9679	0.9677	0.9678	0.967	0.9678	0.9572	0.9678	0.967	0.9591	0.9676	0.9678	0.9676	0.9648	0.9676	0.9678	0.9625	0.9628	0.9676	0.9678	0.9677	0.9678	0.9677	0.9629	0.9619	1.4339	0.968	0.9678	0.9678	0.9679	0.9677	0.9677	0	0.9677	0.9678	0.9616	0.9677	0.9678	0.9679	0.9586	0.9638	0.9678	0.9676	0.9678	0.9664	0.9598	0.9678	0.9678	0.9678	0.9645	0.9678	0.8904	0.9569	0.9674
  m	0.9678	0.9675	0.9638	0.9678	0.9668	0.9661	0.9643	0.9675	0.9303	0.9678	0.9676	0.9365	0.9678	0.9676	0.9677	0.967	0.9677	0.9571	0.9677	0.967	0.9588	0.9675	0.9677	0.9676	0.9647	0.9676	0.9677	1.3406	0.9627	0.9676	0.9677	0.9677	0.9677	0.9676	0.9628	0.9618	0.9558	0.9679	0.9677	0.9677	0.9678	0.9676	0.9676	0.9677	0	0.9677	0.9615	0.9677	0.9677	0.9678	0.9584	0.9637	0.9677	0.9676	1.0815	0.9663	0.9596	0.9677	0.9678	0.9677	0.9645	0.9677	0.8893	0.9567	0.9673
  n	0.968	0.9676	0.9639	0.9678	0.9669	0.9662	0.9645	0.9676	0.9315	0.9679	0.9678	0.9374	0.9679	0.9677	0.9678	1.3024	0.9678	0.9574	0.9678	0.9671	0.9592	0.9676	0.9678	0.9677	0.9649	0.9677	0.9678	0.9626	0.9629	0.9677	0.9678	0.9678	0.9678	0.9677	0.963	0.962	0.9562	0.968	0.9678	0.9678	0.9679	0.9677	0.9677	0.9678	0.9677	0	0.9617	0.9678	0.9678	0.9678	0.9588	0.9639	0.9678	0.9677	1.0498	0.9664	0.96	0.9678	0.9679	0.9678	0.9648	0.9678	1.0065	0.9571	0.9674
  o	0.9633	0.9626	1.2583	0.9618	3.7343	2.6237	0.9636	1.0139	0.9471	0.9616	0.9663	4.269	0.9834	0.964	1.7357	0.9631	1.7668	0.9848	0.9623	0.9649	1.0453	0.9719	0.9628	1.8582	0.9601	1.4422	0.9617	0.9593	3.8403	1.2484	0.9617	0.9616	1.4423	0.9638	0.9616	6.9073	7.8537	0.9636	0.9621	0.9615	0.9633	0.9621	0.9628	0.9616	0.9615	0.9617	0	0.9624	1.0511	0.9636	1.2828	0.9593	0.9616	0.9633	0.9626	1.3984	0.9585	0.9615	0.9628	0.9615	0.9647	0.9622	3.1109	1.9597	0.9619
  p	0.968	0.9676	0.9644	0.9677	0.967	0.9663	0.9649	0.9676	0.9354	0.9678	0.9684	0.9407	0.9678	0.9677	0.9678	0.9672	0.9678	0.9585	0.9678	0.9672	0.9601	0.9676	0.9678	0.9676	0.9651	0.9677	1.1252	0.9632	0.9636	0.9677	0.9678	0.9677	0.9677	0.9677	0.9635	0.9626	0.9576	0.9679	0.9678	0.9678	0.9678	0.9677	0.9677	0.9677	0.9677	0.9678	0.9624	0	0.9678	0.9678	0.9598	0.9643	0.9678	2.0941	0.9678	0.9666	0.9609	0.9678	0.9679	0.9678	1.003	0.9678	1.4916	0.9582	0.9674
  q	0.968	0.9676	1.6618	0.9678	0.9671	0.9666	1.4439	0.9676	0.9392	0.9679	0.9689	1.8908	0.9679	0.9678	0.9678	0.9673	0.9679	0.9597	0.9678	1.0336	0.9614	0.979	0.9679	0.9677	0.9655	0.9677	0.9678	0.9639	0.9644	0.9677	0.9678	0.9677	0.9678	0.9678	1.055	0.9633	1.4105	0.9688	0.9715	0.9678	0.9679	0.9677	1.0558	0.9678	0.9677	0.9678	1.0511	0.9678	0	0.9679	1.032	0.9647	0.9678	0.9677	0.9678	0.9669	0.9618	0.9678	0.9679	0.9678	0.9654	0.9679	1.9373	0.9594	0.9676
  r	0.9681	0.9676	0.9652	0.9678	0.9671	0.9669	0.9654	0.9677	0.9402	0.9679	0.9691	0.9444	0.968	0.9678	0.9678	0.9673	0.9679	0.9602	0.9678	0.9672	0.9614	0.9677	0.9679	0.9677	0.9656	0.9677	0.9678	0.9644	0.9643	0.9677	0.9679	0.9678	0.9678	0.9689	0.9642	0.9634	1.1716	0.968	0.9678	0.9678	0.9679	0.9677	0.9678	0.9679	0.9678	0.9678	0.9636	0.9678	0.9679	0	0.961	0.9648	0.9678	0.9678	0.9679	0.9668	0.962	0.9678	0.968	0.9678	0.9657	0.9679	2.2688	0.9597	1.5455
  s	0.9606	0.9603	1.5173	0.9589	0.9578	0.9587	0.9761	0.9591	1.82	0.9586	0.9721	7.679	0.9587	0.9598	0.9584	0.9622	0.9586	0.9582	0.9596	0.9641	1.0107	1.0052	0.9591	0.9588	0.9578	0.9585	0.9588	0.9573	2.5832	0.9602	0.9586	0.9585	0.9585	0.9614	1.0075	1.541	1.1688	0.9616	0.9597	0.9585	0.9585	0.9594	0.9669	0.9586	0.9584	0.9588	1.2828	0.9598	1.032	0.961	0	0.9571	0.9586	0.9611	0.9601	1.6206	0.9573	0.9585	0.9598	0.9585	0.9625	0.9596	7.3806	1.1534	0.9585
  t	0.9641	0.9643	0.962	0.964	0.9627	0.9977	0.9627	0.9638	0.9305	0.9639	0.9653	0.9358	0.9639	0.9657	0.9638	0.9641	0.9638	6.5227	0.9642	0.9654	0.9587	0.9639	0.964	0.9637	0.9609	0.9637	0.9639	0.9755	0.9612	0.9643	0.9638	0.9637	0.9638	0.9648	0.9607	0.9596	0.9567	0.9645	0.9641	0.9638	0.9639	0.9641	0.9645	0.9638	0.9637	0.9639	0.9593	0.9643	0.9647	0.9648	0.9571	0	0.9638	0.9647	0.9645	0.9634	0.9564	0.9638	0.9642	0.9638	0.9624	0.9642	0.8896	0.9549	0.9634
  u	0.9679	0.9675	0.9639	0.9678	0.9669	0.9661	0.9643	0.9676	0.9308	0.9679	0.9676	0.9369	0.9679	0.9677	0.9678	0.967	0.9678	0.9572	0.9678	0.967	0.9742	0.9676	0.9678	0.9676	0.9648	0.9677	0.9678	0.9625	0.9628	0.9677	0.9678	0.9678	0.9678	0.9678	0.9629	0.9619	1.0155	0.968	0.9678	0.9678	0.9679	0.9677	0.9677	0.9678	0.9677	0.9678	0.9616	0.9678	0.9678	0.9678	0.9586	0.9638	0	0.9677	0.9678	0.9664	0.9598	0.9678	0.9678	0.9678	0.9645	0.9678	0.8902	1.3854	0.9674
  v	0.968	0.9675	0.965	0.9677	0.967	0.9665	0.9654	0.9675	0.9405	0.9677	0.9691	0.9453	0.9677	0.9677	0.9676	0.9673	0.9677	0.9693	0.9677	0.9673	0.9614	0.9675	0.9678	0.9675	0.9654	0.9676	1.3081	0.9638	0.9644	0.9677	0.9677	0.9676	0.9676	0.9677	0.9641	0.9633	1.4926	0.9679	0.9677	0.9676	0.9677	0.9691	0.9676	0.9676	0.9676	0.9677	0.9633	2.0941	0.9677	0.9678	0.9611	0.9647	0.9677	0	0.9677	0.9667	0.9619	0.9676	0.968	0.9676	1.4105	0.9678	2.3215	0.9596	0.9674
  w	0.9684	0.9676	0.9646	0.968	0.967	0.9665	0.9654	0.9676	0.9366	0.968	0.9688	0.9416	0.9679	0.9677	0.9678	1.1725	0.9678	0.9595	0.9678	0.9672	0.9604	0.9677	0.9679	0.9677	0.9653	0.9677	0.9679	1.5483	0.9644	0.9677	0.9678	0.9678	0.9678	0.9677	0.9637	0.9628	0.958	0.968	0.9678	0.9678	0.9679	0.9678	0.9678	0.9678	1.0815	1.0498	0.9626	0.9678	0.9678	0.9679	0.9601	0.9645	0.9678	0.9677	0	0.9667	0.9612	0.9678	0.968	0.9678	1.3328	0.9688	1.7003	0.9586	0.9675
  x	0.9676	0.9665	1.0569	0.9665	0.966	0.9656	0.9654	0.9767	0.9404	0.9664	0.9683	3.9815	0.9665	0.9667	0.9665	0.9663	0.9665	0.9593	0.9665	0.9668	1.3368	0.9663	0.9665	0.9665	0.9643	0.9663	0.9664	0.9629	3.6709	0.9667	0.9664	0.9664	0.9664	0.9671	0.9635	0.9887	1.0563	0.9675	0.9666	0.9664	0.9664	0.9665	0.9666	0.9664	0.9663	0.9664	1.3984	0.9666	0.9669	0.9668	1.6206	0.9634	0.9664	0.9667	0.9667	0	0.9609	0.9664	0.9667	0.9664	0.965	0.9666	1.8152	1.1293	0.9661
  y	0.9604	0.9612	1.0593	0.96	0.9589	1.1881	0.9621	0.9601	0.9356	0.9598	1.166	1.4096	0.96	0.9608	0.9597	0.9617	0.9599	0.9541	0.9607	0.9642	0.9581	0.9599	0.9602	0.9598	0.9574	0.9596	0.9599	0.9559	0.961	0.961	0.9598	0.9597	0.9597	0.9622	0.9593	1.9158	1.914	0.9613	0.9605	0.9597	0.9598	0.9605	0.9614	0.9598	0.9596	0.96	0.9585	0.9609	0.9618	0.962	0.9573	0.9564	0.9598	0.9619	0.9612	0.9609	0	0.9597	0.9607	0.9597	1.4391	0.9606	1.5309	0.9532	0.9596
  z	0.9679	0.9675	0.9637	0.9678	0.9669	0.9661	0.9643	0.9676	0.9303	0.9679	0.9676	0.9364	0.9678	0.9677	0.9678	0.9672	0.9678	0.957	0.9678	0.967	0.9589	0.9676	0.9678	0.9676	0.9648	0.9677	0.9678	0.9625	0.9627	0.9677	0.9678	0.9677	0.9678	0.9677	0.9628	0.9618	0.9558	0.968	0.9678	0.9678	0.9679	0.9677	0.9677	0.9678	0.9677	0.9678	0.9615	0.9678	0.9678	0.9678	0.9585	0.9638	0.9678	0.9676	0.9678	0.9664	0.9597	0	0.9679	0.9678	1.4468	0.9678	0.8893	0.9568	0.9674
  {	0.968	0.9677	0.9645	0.9678	0.967	0.9664	0.9651	0.9676	0.9355	0.9679	0.9684	0.9406	0.968	0.9679	0.9678	0.9678	0.9679	0.9584	0.9679	0.9675	0.9603	0.9677	0.968	0.9677	0.9651	0.9677	0.9679	0.9633	0.9662	0.9679	0.9679	0.9678	0.9678	0.968	0.9635	0.9625	1.4909	0.9681	0.9679	0.9678	0.9679	0.9678	0.9678	0.9678	0.9678	0.9679	0.9628	0.9679	0.9679	0.968	0.9598	0.9642	0.9678	0.968	0.968	0.9667	0.9607	0.9679	0	0.9678	1.0599	0.9679	1.2315	0.9579	0.9675
  |	0.9679	0.9675	0.9637	0.9678	0.9669	0.9661	1.4463	0.9676	0.9303	0.9679	0.9677	0.9365	0.9678	0.9677	0.9678	0.967	0.9678	0.957	0.9678	0.967	0.9589	0.9676	0.9678	0.9676	0.9648	0.9677	0.9678	0.9625	0.9627	0.9677	0.9678	0.9678	0.9678	0.9677	0.9628	0.9618	0.9558	0.968	0.9678	0.9678	0.9679	0.9677	0.9677	0.9678	0.9677	0.9678	0.9615	0.9678	0.9678	0.9678	0.9585	0.9638	0.9678	0.9676	0.9678	0.9664	0.9597	0.9678	0.9678	0	0.9645	0.9678	0.8896	0.9568	0.9674
  }	0.9654	0.9652	0.9654	0.9651	0.9638	0.9642	1.0856	0.9646	0.9499	0.9646	1.2296	1.4277	0.9647	0.9653	0.9645	3.1113	0.9646	1.419	0.9649	0.9665	1.4474	0.9645	0.9652	0.9645	0.963	0.9644	0.9648	1.8847	1.468	1.422	0.9646	0.9645	0.9645	0.9657	0.9637	0.9629	2.3657	0.9653	0.9648	0.9645	0.9646	0.9648	0.9652	0.9645	0.9645	0.9648	0.9647	1.003	0.9654	0.9657	0.9625	0.9624	0.9645	1.4105	1.3328	0.965	1.4391	1.4468	1.0599	0.9645	0	0.965	4.6804	0.9613	0.9646
  ~	0.9681	0.9676	0.9645	0.9678	0.967	0.9663	1.26	0.9676	0.9343	0.9679	0.9683	0.9397	0.9679	0.9677	0.9678	0.9672	0.9678	0.9581	0.9678	0.9674	0.9599	0.9676	0.9679	0.9677	0.965	0.9677	0.9678	0.963	0.9638	0.9677	0.9678	0.9678	0.9678	0.9678	0.9634	0.9624	0.9572	0.968	0.9678	0.9678	0.9679	0.9677	0.9678	0.9678	0.9677	0.9678	0.9622	0.9678	0.9679	0.9679	0.9596	0.9642	0.9678	0.9678	0.9688	0.9666	0.9606	0.9678	0.9679	0.9678	0.965	0	1.2449	0.9578	0.9674
  	1.0929	1.779	6.1098	0.8924	0.8858	1.0499	7.2134	0.8975	59.1987	0.8977	3.7195	16.4789	0.891	1.3357	0.889	2.6895	0.8902	2.2897	1.3457	7.1207	5.6888	1.029	0.9974	1.0108	0.8912	0.8895	0.9962	0.9722	6.1052	1.3489	0.8918	0.8896	0.8896	2.5416	3.5322	0.9361	15.5538	1.3544	1.1495	0.89	0.8893	1.2795	1.8104	0.8904	0.8893	1.0065	3.1109	1.4916	1.9373	2.2688	7.3806	0.8896	0.8902	2.3215	1.7003	1.8152	1.5309	0.8893	1.2315	0.8896	4.6804	1.2449	0	0.9753	0.9296
  	0.9579	0.9587	1.2143	0.9576	0.9809	0.9571	0.961	2.3958	1.401	0.9569	0.9618	8.3564	0.9571	1.2354	0.9568	0.9593	0.957	1.0839	0.958	0.9628	2.3827	0.9571	0.9574	1.0693	0.9556	0.9568	0.9571	0.9545	3.5978	0.9587	0.957	0.9568	0.9568	1.1232	0.9586	3.1704	2.4029	1.0524	0.9578	0.9568	0.9569	0.9578	0.9589	0.9569	0.9567	0.9571	1.9597	0.9582	0.9594	0.9597	1.1534	0.9549	1.3854	0.9596	0.9586	1.1293	0.9532	0.9568	0.9579	0.9568	0.9613	0.9578	0.9753	0	0.9568
  	0.9675	0.9672	1.1973	0.9674	0.9664	0.9663	0.9717	0.9672	0.9307	1.0203	1.1884	0.9369	0.9676	0.9674	0.9674	0.9668	0.9675	0.9575	0.9674	0.9669	0.9593	0.9673	0.9675	0.9673	0.9644	0.9672	0.9674	1.1443	0.9628	0.9673	0.9675	0.9673	0.9674	0.9676	0.9626	0.9616	1.3956	0.9679	0.9675	0.9674	0.9675	0.9673	0.9674	0.9674	0.9673	0.9674	0.9619	0.9674	0.9676	1.5455	0.9585	0.9634	0.9674	0.9674	0.9675	0.9661	0.9596	0.9674	0.9675	0.9674	0.9646	0.9674	0.9296	0.9568	0

Actual rates from j->i (Q_ij):
	A	B	C	D	E	F	G	H	I	J	K	L	M	N	O	P	Q	R	S	T	U	V	W	X	Y	Z	[	\	]	^	_	`	a	b	c	d	e	f	g	h	i	j	k	l	m	n	o	p	q	r	s	t	u	v	w	x	y	z	{	|	}	~			
  A	0	0.0177	0.0176	0.0177	0.0177	0.0176	0.0176	0.0177	0.0171	0.0177	0.0177	0.0172	0.0177	0.0177	0.0177	0.0177	0.0177	0.0175	0.0177	0.0177	0.0175	0.0177	0.0177	0.0177	0.0176	0.0177	0.0177	0.0176	0.0229	0.0177	0.0177	0.0177	0.0177	0.0177	0.0176	0.0176	0.0175	0.0177	0.0177	0.0177	0.0177	0.0177	0.0177	0.0177	0.0177	0.0177	0.0176	0.0177	0.0177	0.0177	0.0175	0.0176	0.0177	0.0177	0.0177	0.0177	0.0175	0.0177	0.0177	0.0177	0.0176	0.0177	0.02	0.0175	0.0177
  B	0.0151	0	0.0151	0.0151	0.0151	0.0151	0.0151	0.0151	0.0147	0.0151	0.0173	0.0147	0.0151	0.0151	0.0151	0.0151	0.0151	0.015	0.0151	0.0151	0.015	0.0151	0.0151	0.0151	0.0151	0.0151	0.0151	0.0151	0.0151	0.0151	0.0151	0.0151	0.0151	0.0151	0.0151	0.0151	0.015	0.0151	0.0151	0.0151	0.0151	0.0151	0.0151	0.0151	0.0151	0.0151	0.0151	0.0151	0.0151	0.0151	0.015	0.0151	0.0151	0.0151	0.0151	0.0151	0.015	0.0151	0.0151	0.0151	0.0151	0.0151	0.0278	0.015	0.0151
  C	0.0083	0.0083	0	0.0083	0.0083	0.0083	0.0142	0.0083	0.0082	0.0087	0.0098	0.0181	0.0083	0.0083	0.0083	0.0097	0.0083	0.0083	0.0083	0.0086	0.0125	0.0108	0.0083	0.0109	0.0083	0.0083	0.0083	0.0096	0.018	0.0083	0.0083	0.0083	0.0083	0.0091	0.0087	0.0083	0.028	0.0101	0.0111	0.0083	0.0083	0.0083	0.0102	0.0083	0.0083	0.0083	0.0108	0.0083	0.0143	0.0083	0.0131	0.0083	0.0083	0.0083	0.0083	0.0091	0.0091	0.0083	0.0083	0.0083	0.0083	0.0083	0.0526	0.0105	0.0103
  D	0.018	0.018	0.0179	0	0.0179	0.0179	0.0179	0.018	0.0173	0.018	0.018	0.022	0.018	0.018	0.018	0.0179	0.018	0.063	0.018	0.0179	0.0178	0.018	0.018	0.018	0.0179	0.018	0.018	0.0264	0.0179	0.018	0.018	0.018	0.018	0.018	0.0179	0.0179	0.0178	0.018	0.018	0.018	0.018	0.018	0.018	0.018	0.018	0.018	0.0178	0.018	0.018	0.018	0.0178	0.0179	0.018	0.018	0.018	0.0179	0.0178	0.018	0.018	0.018	0.0179	0.018	0.0166	0.0178	0.018
  E	0.0196	0.0196	0.0196	0.0196	0	0.0196	0.0196	0.0196	0.0188	0.0196	0.0196	0.019	0.0196	0.0196	0.0256	0.0196	0.0196	0.0194	0.0196	0.0196	0.0194	0.0196	0.0196	0.0196	0.0196	0.0196	0.0196	0.0195	0.0195	0.0199	0.0196	0.0196	0.0196	0.0196	0.0195	0.0739	0.0195	0.0196	0.0196	0.0196	0.0196	0.0196	0.0196	0.0196	0.0196	0.0196	0.0758	0.0196	0.0196	0.0196	0.0194	0.0195	0.0196	0.0196	0.0196	0.0196	0.0195	0.0196	0.0196	0.0196	0.0196	0.0196	0.018	0.0199	0.0196
  F	0.0176	0.0176	0.0175	0.0176	0.0176	0	0.0175	0.0176	0.017	0.0176	0.0204	0.0171	0.0176	0.0185	0.0176	0.0264	0.0264	0.0602	0.0176	0.0176	0.0188	0.0292	0.0176	0.0183	0.0175	0.0176	0.0176	0.0305	0.0175	0.0176	0.0176	0.0176	0.0176	0.0176	0.0175	0.0175	0.0725	0.0176	0.0176	0.0176	0.0176	0.0176	0.0176	0.0176	0.0176	0.0176	0.0477	0.0176	0.0176	0.0176	0.0174	0.0182	0.0176	0.0176	0.0176	0.0176	0.0216	0.0176	0.0176	0.0176	0.0175	0.0176	0.0191	0.0174	0.0176
  G	0.0079	0.0079	0.0135	0.0079	0.0079	0.0079	0	0.0079	0.0078	0.0079	0.0085	0.0104	0.0079	0.0079	0.0079	0.0079	0.0079	0.0079	0.0079	0.0118	0.0082	0.0079	0.0079	0.0079	0.0079	0.0079	0.0079	0.0079	0.0079	0.0083	0.0079	0.0079	0.0079	0.0079	0.0079	0.0079	0.0079	0.0079	0.0082	0.0079	0.0079	0.0079	0.0079	0.0079	0.0079	0.0079	0.0079	0.0079	0.0118	0.0079	0.008	0.0079	0.0079	0.0079	0.0079	0.0079	0.0079	0.0079	0.0079	0.0118	0.0089	0.0103	0.0589	0.0079	0.0079
  H	0.0175	0.0175	0.0174	0.0175	0.0174	0.0174	0.0174	0	0.0168	0.0175	0.0175	0.0317	0.0175	0.0175	0.0175	0.0174	0.0175	0.0173	0.0175	0.0174	0.0173	0.0175	0.0175	0.0175	0.0174	0.0175	0.0175	0.0174	0.0176	0.0175	0.0175	0.0175	0.0175	0.0175	0.0174	0.0182	0.0173	0.0175	0.0175	0.0175	0.0175	0.0175	0.0175	0.0175	0.0175	0.0175	0.0183	0.0175	0.0175	0.0175	0.0173	0.0174	0.0175	0.0175	0.0175	0.0176	0.0173	0.0175	0.0175	0.0175	0.0174	0.0175	0.0162	0.0432	0.0175
  I	0.0018	0.0018	0.0018	0.0017	0.0017	0.0017	0.0018	0.0017	0	0.0017	0.0019	0.0026	0.0017	0.0018	0.0017	0.0019	0.0017	0.0018	0.0018	0.0018	0.0018	0.0017	0.0017	0.0017	0.0017	0.0017	0.0017	0.0017	0.0027	0.0018	0.0017	0.0017	0.0017	0.0018	0.0073	0.0018	0.0018	0.0018	0.0018	0.0017	0.0017	0.0018	0.002	0.0017	0.0017	0.0017	0.0018	0.0018	0.0018	0.0018	0.0034	0.0017	0.0017	0.0018	0.0018	0.0018	0.0018	0.0017	0.0018	0.0017	0.0018	0.0018	0.111	0.0026	0.0017
  J	0.0186	0.0186	0.0194	0.0186	0.0186	0.0186	0.0186	0.0186	0.0179	0	0.0202	0.018	0.0186	0.0186	0.0186	0.0186	0.0186	0.0184	0.0186	0.0186	0.0185	0.0186	0.0186	0.0186	0.0186	0.0186	0.0186	0.0259	0.0185	0.0186	0.0186	0.0186	0.0186	0.0186	0.0185	0.0185	0.0184	0.0186	0.0186	0.0186	0.0186	0.0186	0.0186	0.0186	0.0186	0.0186	0.0185	0.0186	0.0186	0.0186	0.0185	0.0186	0.0186	0.0186	0.0186	0.0186	0.0185	0.0186	0.0186	0.0186	0.0186	0.0186	0.0173	0.0184	0.0196
  K	0.0113	0.0129	0.0134	0.0113	0.0113	0.0131	0.0122	0.0113	0.0117	0.0123	0	0.0112	0.0113	0.0113	0.0113	0.0113	0.0113	0.0113	0.0113	0.0114	0.0118	0.0113	0.0113	0.0113	0.0113	0.0113	0.0113	0.0174	0.0113	0.0113	0.0113	0.0113	0.0113	0.0114	0.0113	0.0113	0.014	0.0113	0.0113	0.017	0.0113	0.0113	0.0113	0.0113	0.0113	0.0113	0.0113	0.0113	0.0113	0.0113	0.0114	0.0113	0.0113	0.0113	0.0113	0.0113	0.0137	0.0113	0.0113	0.0113	0.0144	0.0113	0.0436	0.0113	0.0139
  L	0.0052	0.0052	0.0117	0.0066	0.0052	0.0052	0.0071	0.0098	0.0078	0.0052	0.0053	0	0.0052	0.0053	0.0052	0.0053	0.0052	0.0053	0.0052	0.0053	0.0647	0.0052	0.0052	0.006	0.0078	0.0052	0.0052	0.0066	0.0283	0.0126	0.0052	0.0052	0.0052	0.0053	0.0053	0.0512	0.0064	0.0069	0.0071	0.0052	0.0052	0.0052	0.0052	0.0052	0.0052	0.0052	0.0237	0.0052	0.0105	0.0053	0.0427	0.0052	0.0052	0.0053	0.0052	0.0221	0.0078	0.0052	0.0052	0.0052	0.0079	0.0052	0.0916	0.0465	0.0052
  M	0.0184	0.0184	0.0183	0.0184	0.0184	0.0184	0.0183	0.0184	0.0177	0.0184	0.0184	0.0178	0	0.0184	0.0184	0.0184	0.024	0.0183	0.0184	0.0184	0.0182	0.0184	0.0184	0.0184	0.0184	0.0184	0.0184	0.0183	0.0183	0.0184	0.0184	0.0184	0.0184	0.0184	0.0183	0.0183	0.0425	0.0184	0.0184	0.0184	0.0216	0.0184	0.0184	0.0184	0.0184	0.0184	0.0187	0.0184	0.0184	0.0184	0.0182	0.0183	0.0184	0.0184	0.0184	0.0184	0.0183	0.0184	0.0184	0.0184	0.0183	0.0184	0.0169	0.0182	0.0184
  N	0.0165	0.0165	0.0165	0.0165	0.0165	0.0173	0.0165	0.0165	0.0159	0.0165	0.0165	0.0164	0.0165	0	0.0165	0.0165	0.0165	0.0258	0.0165	0.0165	0.0193	0.0165	0.0165	0.0165	0.0165	0.0165	0.0165	0.0165	0.0164	0.0165	0.0165	0.0165	0.0165	0.0165	0.0164	0.0164	0.0198	0.0165	0.0165	0.0165	0.0165	0.0165	0.0165	0.0165	0.0165	0.0165	0.0164	0.0165	0.0165	0.0165	0.0164	0.0165	0.0165	0.0165	0.0165	0.0165	0.0164	0.0165	0.0165	0.0165	0.0165	0.0165	0.0228	0.0211	0.0165
  O	0.0188	0.0188	0.0187	0.0188	0.0245	0.0188	0.0187	0.0188	0.0181	0.0188	0.0188	0.0182	0.0188	0.0188	0	0.0188	0.0188	0.0186	0.0188	0.0188	0.0186	0.0188	0.0188	0.0188	0.0187	0.0188	0.0188	0.0187	0.0187	0.0188	0.0188	0.0188	0.0188	0.0188	0.0187	0.0187	0.0187	0.0188	0.0188	0.0188	0.0188	0.0188	0.0188	0.0188	0.0188	0.0188	0.0337	0.0188	0.0188	0.0188	0.0186	0.0187	0.0188	0.0188	0.0188	0.0188	0.0186	0.0188	0.0188	0.0188	0.0187	0.0188	0.0173	0.0186	0.0188
  P	0.0138	0.0138	0.016	0.0138	0.0138	0.0206	0.0137	0.0138	0.0141	0.0138	0.0138	0.0135	0.0138	0.0138	0.0138	0	0.0138	0.0342	0.0138	0.0138	0.0137	0.0138	0.0138	0.0138	0.0137	0.0138	0.0138	0.0137	0.0138	0.0138	0.0138	0.0138	0.0138	0.0138	0.0137	0.0137	0.0145	0.0138	0.0138	0.0138	0.0138	0.0138	0.0138	0.0138	0.0138	0.0185	0.0137	0.0138	0.0138	0.0138	0.0137	0.0137	0.0138	0.0138	0.0167	0.0138	0.0137	0.0138	0.0138	0.0138	0.0443	0.0138	0.0383	0.0137	0.0138
  Q	0.0187	0.0186	0.0186	0.0187	0.0186	0.0279	0.0186	0.0187	0.0179	0.0187	0.0187	0.0181	0.0244	0.0187	0.0187	0.0186	0	0.0185	0.0187	0.0186	0.0185	0.0187	0.0187	0.0187	0.0186	0.0187	0.0187	0.0186	0.0186	0.0187	0.0187	0.0187	0.0187	0.0187	0.0186	0.0185	0.0275	0.0187	0.0187	0.0187	0.025	0.0187	0.0187	0.0187	0.0187	0.0187	0.0341	0.0187	0.0187	0.0187	0.0185	0.0186	0.0187	0.0187	0.0187	0.0186	0.0185	0.0187	0.0187	0.0187	0.0186	0.0187	0.0172	0.0184	0.0186
  R	0.0118	0.0118	0.0118	0.0417	0.0117	0.0406	0.0118	0.0118	0.0116	0.0118	0.0118	0.0116	0.0118	0.0186	0.0118	0.0295	0.0118	0	0.0118	0.0118	0.013	0.0217	0.0118	0.0118	0.0117	0.0118	0.0118	0.04	0.0118	0.0118	0.0118	0.0118	0.0118	0.0118	0.0118	0.0118	0.0751	0.0118	0.0118	0.0118	0.0118	0.0118	0.0118	0.0118	0.0118	0.0118	0.0121	0.0118	0.0118	0.0118	0.0118	0.0801	0.0118	0.0119	0.0118	0.0118	0.0117	0.0118	0.0118	0.0118	0.0174	0.0118	0.0281	0.0133	0.0118
  S	0.0166	0.0166	0.0165	0.0166	0.0166	0.0166	0.0165	0.0166	0.016	0.0166	0.0166	0.0161	0.0166	0.0166	0.0166	0.0166	0.0166	0.0164	0	0.0166	0.0165	0.0166	0.0166	0.0166	0.0166	0.0166	0.0166	0.0165	0.0165	0.0166	0.0166	0.0166	0.0166	0.0166	0.0165	0.0165	0.0164	0.0166	0.0166	0.0166	0.0166	0.0166	0.0166	0.0166	0.0166	0.0166	0.0165	0.0166	0.0166	0.0166	0.0165	0.0165	0.0166	0.0166	0.0166	0.0166	0.0165	0.0166	0.0166	0.0166	0.0165	0.0166	0.0231	0.0164	0.0166
