Map from character to field name
A:	Algeria
B:	Argentina
C:	Australia
D:	Austria
E:	Bangladesh
F:	Belgium
G:	Brazil
H:	Cambodia
I:	Canada
J:	Chad
K:	Chile
L:	China
M:	Czech Republic
N:	Denmark
O:	Egypt
P:	France
Q:	Georgia
R:	Germany
S:	Guam
T:	Guatemala
U:	Hong Kong
V:	Hungary
W:	Iceland
X:	India
Y:	Indonesia
Z:	Iran
[:	Ireland
\:	Italy
]:	Japan
^:	Kazakhstan
_:	Kuwait
`:	Laos
a:	Luxembourg
b:	Malaysia
c:	Mexico
d:	Mongolia
e:	Netherlands
f:	New Zealand
g:	Nicaragua
h:	Nigeria
i:	Norway
j:	Pakistan
k:	Peru
l:	Philippines
m:	Poland
n:	Romania
o:	Russia
p:	Saudi Arabia
q:	Singapore
r:	South Africa
s:	South Korea
t:	Spain
u:	Sri Lanka
v:	Sweden
w:	Switzerland
x:	Taiwan
y:	Thailand
z:	Turkey
{:	Ukraine
|:	United Arab Emirates
}:	United Kingdom
~:	Uruguay
:	Usa
:	Vietnam
:	Zambia
:	?


Substitution rate (mu): 20.206726

Equilibrium frequencies (pi_i):
  A: 0.0183
  B: 0.0145
  C: 0.008
  D: 0.0192
  E: 0.0177
  F: 0.0175
  G: 0.0088
  H: 0.0172
  I: 0.0018
  J: 0.0195
  K: 0.0126
  L: 0.007
  M: 0.0192
  N: 0.0179
  O: 0.0194
  P: 0.0149
  Q: 0.0194
  R: 0.0131
  S: 0.0172
  T: 0.0069
  U: 0.0066
  V: 0.0195
  W: 0.0195
  X: 0.0191
  Y: 0.0187
  Z: 0.0194
  [: 0.018
  \: 0.0164
  ]: 0.0082
  ^: 0.0163
  _: 0.0194
  `: 0.0196
  a: 0.0195
  b: 0.0171
  c: 0.0124
  d: 0.0097
  e: 0.0048
  f: 0.017
  g: 0.0188
  h: 0.0189
  i: 0.0193
  j: 0.0193
  k: 0.019
  l: 0.0193
  m: 0.0197
  n: 0.0189
  o: 0.0096
  p: 0.018
  q: 0.0152
  r: 0.0156
  s: 0.0068
  t: 0.0183
  u: 0.0193
  v: 0.0154
  w: 0.0156
  x: 0.0163
  y: 0.0093
  z: 0.0197
  {: 0.0173
  |: 0.0196
  }: 0.0084
  ~: 0.0172
  : 0.0047
  : 0.0103
  : 0.0188

Symmetrized rates from j->i (W_ij):
	A	B	C	D	E	F	G	H	I	J	K	L	M	N	O	P	Q	R	S	T	U	V	W	X	Y	Z	[	\	]	^	_	`	a	b	c	d	e	f	g	h	i	j	k	l	m	n	o	p	q	r	s	t	u	v	w	x	y	z	{	|	}	~			
  A	0	0.9647	0.9616	0.9647	0.9639	0.9638	0.9632	0.9646	0.9342	0.9648	0.9626	0.9364	0.9647	0.9648	0.9647	0.9645	0.9647	0.9537	0.9647	0.9642	0.9572	0.9646	0.9647	0.9645	0.9636	0.9646	0.9648	0.96	1.1555	0.9645	0.9647	0.9648	0.9647	0.9647	0.962	0.9591	0.9545	0.9647	0.9647	0.9647	0.9647	0.9648	0.9646	0.9647	0.9647	0.9648	0.9588	0.9647	0.9648	0.9647	0.9573	0.9607	0.9648	0.9647	1.0478	0.9644	0.9584	0.9647	0.9647	0.9647	0.964	0.9647	1.1106	0.9559	0.9647
  B	0.9647	0	0.9621	0.9645	0.9639	0.9638	1.1099	0.9644	0.9595	0.9645	0.963	0.9413	0.9645	0.9646	0.9645	0.9643	0.9645	0.9558	0.9645	0.964	0.9586	0.9644	0.9645	0.9643	0.9636	0.9644	0.9646	0.9608	0.9622	0.9643	0.9645	0.9645	0.9645	0.9645	0.9624	0.9599	0.9562	0.9645	0.9645	0.9645	0.9645	0.9645	0.9645	0.9645	0.9645	0.9646	0.9598	0.9645	0.9646	0.9645	0.9582	0.9613	0.9645	0.9644	0.9647	0.964	0.9596	0.9645	0.9645	0.9645	0.9651	0.9645	2.1055	0.9574	0.9645
  C	0.9616	0.9621	0	0.9611	1.0625	1.0774	2.4522	0.9615	0.9607	1.0073	1.3174	3.688	0.9613	1.0042	0.9611	1.0565	0.9612	0.9593	0.9615	1.3534	2.8064	1.3152	0.9611	1.2832	0.9608	0.961	0.9614	1.1492	1.4502	0.9618	1.2173	0.9609	0.9609	1.0726	0.9638	1.7854	3.426	0.997	1.4109	0.9612	0.9611	0.9612	1.0243	0.9611	0.9609	0.9612	1.0584	0.9613	2.0188	0.9622	2.0747	0.9595	0.9684	0.962	0.9622	1.3129	0.9615	0.9609	0.9617	0.9609	0.9642	0.9615	6.1922	0.9691	1.1041
  D	0.9647	0.9645	0.9611	0	0.9638	0.9638	0.9628	0.9645	0.9316	0.9647	0.9769	0.9496	0.9646	0.9651	0.9646	0.9643	0.9646	3.3417	0.9646	0.9638	0.9569	0.9646	0.9646	0.9644	0.9634	0.9645	0.9646	0.9853	0.9613	0.9644	0.9646	0.9646	0.9646	0.9645	0.9617	0.9585	0.9536	0.9645	0.9646	0.9646	0.9646	0.9646	0.9645	0.9646	1.0156	0.9646	0.9582	0.9646	0.9646	0.9645	0.9562	0.9606	0.9646	0.9645	1.0386	0.9639	0.9585	0.9646	0.9645	0.9646	1.3929	0.9646	0.8841	0.9552	0.9646
  E	0.9639	0.9639	1.0625	0.9638	0	0.9632	0.9629	0.9638	0.934	0.9638	0.9622	2.4583	0.9639	0.9639	0.9638	0.9637	0.9639	0.9535	0.9638	0.9636	0.9577	0.9638	0.9641	0.9637	0.9628	0.9638	0.9638	0.9595	0.9646	0.9639	0.9638	0.9637	0.9637	0.9638	0.9614	2.3184	1.187	0.9638	0.9638	0.9638	0.9638	0.9638	0.9637	0.9637	0.9637	0.9638	3.5956	0.9638	0.9641	0.9639	0.9619	0.9599	0.9638	0.9638	0.9641	0.9641	1.031	0.9637	0.9639	0.9637	0.9633	0.9638	0.8902	0.9564	0.9644
  F	0.9638	0.9638	1.0774	0.9638	0.9632	0	0.9631	0.9636	0.9354	0.9637	0.9622	0.9468	0.964	1.3668	0.9638	1.8318	0.964	4.0481	0.9637	0.9637	0.9597	1.463	0.9637	0.9634	0.9625	0.9635	0.9637	1.5804	0.9622	0.9635	0.9636	0.9635	0.9635	0.9637	0.9614	1.2697	4.2952	0.9637	0.9636	0.9636	0.9638	0.9639	0.9635	0.9635	0.9635	0.9637	2.1527	0.9636	0.964	0.9638	0.9574	1.0787	0.9636	0.9637	0.9641	0.9634	1.8396	0.9636	0.964	0.9635	0.981	0.9637	1.1749	0.9557	0.964
  G	0.9632	1.1099	2.4522	0.9628	0.9629	0.9631	0	0.963	1.3638	0.9629	1.7027	1.3393	0.9628	0.9633	0.9628	0.9634	0.9629	0.9594	0.963	0.9645	0.9635	0.998	0.9628	0.9628	0.9624	0.9628	0.963	1.1185	1.0008	0.9631	0.9628	0.9628	0.9628	0.9631	0.9672	0.9618	0.9622	0.9631	0.9631	0.963	0.9628	0.9628	0.9629	0.9628	0.9627	0.9629	1.1281	0.963	1.3447	0.9632	0.9619	0.961	0.9628	0.9632	0.9636	0.9643	1.1836	0.9627	0.9631	1.4446	0.9646	0.9748	6.0173	0.9613	0.9631
  H	0.9646	0.9644	0.9615	0.9645	0.9638	0.9636	0.963	0	1.1064	0.9645	0.9625	1.4058	0.9645	0.9646	0.9645	0.9642	0.9645	0.9542	0.9645	0.9639	0.9575	0.9644	0.9645	0.9643	0.9636	0.9644	0.9645	0.96	0.9617	0.9643	0.9645	0.9645	0.9645	0.9645	0.9619	1.4388	0.9547	0.9645	0.9645	0.9645	0.9645	0.9645	0.9644	0.9645	0.9645	0.9645	0.9589	0.9645	0.9645	0.9645	0.9572	0.9607	0.9646	0.9644	0.9647	0.964	0.9586	0.9645	0.9644	0.9645	0.9635	0.9645	1.172	1.9144	0.9645
  I	0.9342	0.9595	0.9607	0.9316	0.934	0.9354	1.3638	1.1064	0	0.9308	1.463	2.4716	0.9313	1.1657	0.931	1.0458	0.9311	1.0524	0.9347	1.1353	1.5145	0.9309	0.9309	0.9314	0.9323	0.9311	0.9336	1.0356	2.2387	0.9364	0.931	0.9307	0.9309	0.935	3.3695	0.9481	1.443	0.9351	0.9319	0.932	0.9311	0.9311	1.3942	0.9311	0.9305	0.9321	1.1175	0.9336	0.9386	0.9374	2.3078	0.933	0.9312	0.9378	0.9382	0.9375	2.2356	0.9305	0.9594	0.9306	0.974	0.9353	71.9795	2.8273	0.9322
  J	0.9648	0.9645	1.0073	0.9647	0.9638	0.9637	0.9629	0.9645	0.9308	0	1.037	0.9335	0.9647	0.9647	0.9646	0.9643	0.9647	0.9531	0.9646	0.9638	0.9564	0.9646	0.9647	0.9644	0.9634	0.9645	0.9647	1.3372	0.9612	0.9644	0.9647	0.9646	0.9646	0.9646	0.9617	0.9584	0.9533	0.9646	0.9646	0.9647	0.9647	0.9647	0.9646	0.9646	0.9646	0.9647	0.9581	0.9646	0.9647	0.9646	0.9559	0.9604	0.9647	0.9645	0.9648	0.9639	0.9578	0.9646	0.9646	0.9646	0.9634	0.9646	0.8861	0.955	1.0213
  K	0.9626	0.963	1.3174	0.9769	0.9622	0.9622	1.7027	0.9625	1.463	1.037	0	1.3018	0.9623	0.9626	0.9623	0.9631	0.9624	0.9561	0.9626	0.9643	0.9619	0.9622	0.9623	0.9622	0.9616	0.9622	0.9625	1.2284	0.9626	0.9628	0.9623	0.9622	0.9622	0.9626	0.9619	0.9605	0.9598	0.9626	0.9624	1.318	0.9623	0.9623	0.9623	0.9622	0.9639	0.9624	1.3601	0.9625	0.9632	0.9628	0.9595	0.9597	0.9623	0.9628	0.9811	0.9626	0.9622	0.9622	0.9626	0.963	1.3053	0.9638	2.9108	0.9579	1.1762
  L	0.9364	0.9413	3.688	0.9496	2.4583	0.9468	1.3393	1.4058	2.4716	0.9335	1.3018	0	0.9346	0.9376	0.9341	0.9482	0.9518	1.8793	0.9371	0.9536	13.7532	0.9366	0.944	1.2075	1.4304	0.9731	0.9359	0.9562	4.0227	2.9348	0.9338	0.9356	0.9335	0.9422	1.402	11.8038	7.0896	0.9923	1.3971	0.9345	0.9352	0.934	0.9343	0.9338	0.935	0.9345	7.0553	0.9359	2.2381	0.9416	9.0404	0.9342	0.9359	0.94	0.9594	4.0128	2.6465	0.9331	0.9486	0.9333	2.2122	0.9371	9.621	11.1484	1.3851
  M	0.9647	0.9645	0.9613	0.9646	0.9639	0.964	0.9628	0.9645	0.9313	0.9647	0.9623	0.9346	0	0.9646	0.9648	0.9643	1.1609	0.9536	0.9646	0.9638	0.9567	0.9646	0.9647	0.9644	0.9634	0.9645	0.9646	0.9598	0.9613	0.9644	0.9647	0.9646	0.9646	0.9647	0.9617	0.9593	2.1075	0.9646	0.9646	0.9646	0.9647	0.9648	0.9646	0.9646	0.9646	0.9647	1.1526	0.9646	0.9647	0.9646	0.9562	0.9604	0.9647	0.9646	0.9648	0.964	0.958	0.9646	0.9646	0.9646	0.9635	0.9646	0.8838	0.9552	0.9647
  N	0.9648	0.9646	1.0042	0.9651	0.9639	1.3668	0.9633	0.9646	1.1657	0.9647	0.9626	0.9376	0.9646	0	0.9646	0.9648	0.9646	1.9108	0.9646	0.9641	0.965	0.9649	0.9646	0.9644	0.9635	0.9645	0.9647	0.9614	0.9618	0.9644	0.9646	0.9646	0.9646	0.9647	0.9622	0.959	0.9593	0.9646	0.9646	0.9646	0.9646	0.9647	0.9646	0.9646	0.9646	0.9647	0.959	0.9646	0.9647	0.9646	0.9826	1.1184	0.9647	0.9646	0.9649	0.964	1.0554	0.9646	0.9646	0.9646	0.9662	0.9646	1.0734	0.956	0.9646
  O	0.9647	0.9645	0.9611	0.9646	0.9638	0.9638	0.9628	0.9645	0.931	0.9646	0.9623	0.9341	0.9648	0.9646	0	0.9643	0.9647	0.954	0.9646	0.9638	0.9566	0.9646	0.9646	0.9644	0.9634	0.9645	0.9646	0.9597	0.9613	0.9643	0.9646	0.9646	0.9646	0.9647	0.9617	0.9589	1.3844	0.9645	0.9646	0.9646	0.9646	1.0278	0.9645	0.9646	0.9646	0.9646	1.4313	0.9646	0.9646	0.9646	0.9561	0.9603	0.9646	0.9646	0.9647	0.9639	0.9579	0.9646	0.9646	0.9646	0.9634	0.9646	0.8828	0.9551	0.9646
  P	0.9645	0.9643	1.0565	0.9643	0.9637	1.8318	0.9634	0.9642	1.0458	0.9643	0.9631	0.9482	0.9643	0.9648	0.9643	0	0.9643	1.9155	0.9643	0.964	0.9796	0.9644	0.9643	0.9641	0.9634	0.9642	0.9643	0.9608	0.9625	0.9652	0.9643	0.9642	0.9642	0.9643	0.9622	1.025	1.3543	0.9643	0.9643	0.9643	0.9643	0.9643	0.9642	0.9642	0.9643	1.1211	0.9694	0.9643	0.9645	0.9643	0.9582	0.9612	0.9643	0.9643	1.2016	0.9639	1.101	1.4458	0.9643	0.9642	3.0973	0.9643	2.3547	0.9597	0.9643
  Q	0.9647	0.9645	0.9612	0.9646	0.9639	0.964	0.9629	0.9645	0.9311	0.9647	0.9624	0.9518	1.1609	0.9646	0.9647	0.9643	0	0.9534	0.9646	0.9638	0.9566	0.9646	0.9647	0.9644	0.9634	0.9645	0.9646	0.9598	0.9613	0.9651	0.9647	0.9646	0.9646	0.9647	0.9617	0.985	1.5427	0.9646	0.9646	0.9646	0.9647	0.9648	0.9646	0.9646	0.9646	0.9647	2.2987	0.9646	0.9647	0.9646	0.9562	0.9604	0.9647	0.9646	0.9648	0.964	0.958	0.9646	0.9647	0.9646	0.9635	0.9646	0.8831	0.9552	0.9647
  R	0.9537	0.9558	0.9593	3.3417	0.9535	4.0481	0.9594	0.9542	1.0524	0.9531	0.9561	1.8793	0.9536	1.9108	0.954	1.9155	0.9534	0	0.9542	0.96	1.3635	1.9794	0.953	0.9529	0.9526	0.9529	0.9538	5.4336	0.9578	0.9548	0.953	0.9528	0.9528	0.9546	0.9554	0.9553	6.2777	0.9545	0.9532	0.9532	0.9537	0.9542	0.9531	0.9529	0.9529	0.9533	0.9561	0.9537	0.9557	0.9552	0.9673	5.7928	0.9531	0.9553	0.9982	0.9549	1.3967	0.9527	0.9544	0.9528	1.3625	0.9542	1.4826	0.9531	0.9538
  S	0.9647	0.9645	0.9615	0.9646	0.9638	0.9637	0.963	0.9645	0.9347	0.9646	0.9626	0.9371	0.9646	0.9646	0.9646	0.9643	0.9646	0.9542	0	0.9639	0.9574	0.9645	0.9646	0.9644	0.9635	0.9645	0.9646	0.9601	0.9616	0.9644	0.9646	0.9646	0.9646	0.9645	0.962	0.9591	0.9546	0.9645	0.9646	0.9646	0.9646	0.9646	0.9645	0.9646	0.9646	0.9646	0.9588	0.9646	0.9646	0.9645	0.957	0.9608	0.9646	0.9645	0.9648	0.9639	0.9586	0.9646	0.9645	0.9646	0.9635	0.9646	1.3369	0.9561	0.9646
  T	0.9642	0.964	1.3534	0.9638	0.9636	0.9637	0.9645	0.9639	1.1353	0.9638	0.9643	0.9536	0.9638	0.9641	0.9638	0.964	0.9638	0.96	0.9639	0	0.9623	0.9658	0.9638	0.9638	0.9634	0.9638	0.964	0.9623	0.9634	0.9639	0.9638	0.9638	0.9638	0.9639	1.3569	0.9621	1.3918	0.9639	0.9772	0.9639	0.9638	0.9639	1.8219	0.9638	0.9638	0.964	0.9622	0.964	1.3512	0.964	0.9616	0.9624	0.9638	0.964	0.9643	0.9638	0.9621	0.9638	0.9641	0.9638	0.9644	0.9639	8.7263	0.9609	0.9639
  U	0.9572	0.9586	2.8064	0.9569	0.9577	0.9597	0.9635	0.9575	1.5145	0.9564	0.9619	13.7532	0.9567	0.965	0.9566	0.9796	0.9566	1.3635	0.9574	0.9623	0	0.9566	0.9564	0.9567	0.9571	0.9564	0.9571	1.5972	1.4341	0.9581	0.9566	0.9563	0.9563	3.8888	0.9596	0.9613	5.2162	2.0409	0.9573	0.9567	0.9566	0.9566	0.9566	0.9565	0.9563	0.9567	0.9635	0.9571	0.9603	1.0468	0.9659	0.9597	1.1746	0.9583	0.9585	1.6093	1.0329	0.9562	0.9578	0.9563	0.9646	0.9574	5.5113	2.2925	0.9571
  V	0.9646	0.9644	1.3152	0.9646	0.9638	1.463	0.998	0.9644	0.9309	0.9646	0.9622	0.9366	0.9646	0.9649	0.9646	0.9644	0.9646	1.9794	0.9645	0.9658	0.9566	0	0.9645	0.9643	0.9633	0.9644	0.9645	0.9599	0.9612	0.9643	0.9645	0.9645	0.9645	0.9645	0.9616	0.9589	1.3364	0.9645	0.9653	0.9645	0.9645	0.9646	0.9647	0.9645	0.9645	0.9646	1.031	0.9645	1.159	0.9645	0.9568	0.9607	0.9646	0.9644	0.9647	0.9639	0.9581	0.9645	1.004	0.9645	0.9634	0.9645	0.8844	0.9549	0.9645
  W	0.9647	0.9645	0.9611	0.9646	0.9641	0.9637	0.9628	0.9645	0.9309	0.9647	0.9623	0.944	0.9647	0.9646	0.9646	0.9643	0.9647	0.953	0.9646	0.9638	0.9564	0.9645	0	0.9644	0.9634	0.9645	0.9646	0.9596	0.9614	0.9644	0.9646	0.9646	0.9646	0.9646	0.9617	1.3639	0.9908	0.9645	0.9646	0.9646	0.9646	0.9647	0.9645	0.9646	0.9646	0.9647	0.9936	0.9646	0.9646	0.9646	0.9561	0.9603	0.9647	0.9645	0.9648	0.964	0.9578	0.9646	0.9645	0.9646	0.9633	0.9646	0.8825	0.9552	0.9797
  X	0.9645	0.9643	1.2832	0.9644	0.9637	0.9634	0.9628	0.9643	0.9314	0.9644	0.9622	1.2075	0.9644	0.9644	0.9644	0.9641	0.9644	0.9529	0.9644	0.9638	0.9567	0.9643	0.9644	0	0.9632	0.9642	0.9644	0.9595	0.9613	0.9642	0.9644	0.9643	0.9643	0.9643	0.9616	1.8388	0.9541	0.9643	0.9644	0.9644	0.9644	0.9644	0.9643	0.9643	0.9643	0.9644	1.4607	0.9643	0.9645	0.9644	0.9563	0.9602	0.9644	0.9643	0.9646	0.9639	0.9578	0.9644	0.9643	0.9644	0.9632	0.9644	0.8953	0.9555	0.9645
  Y	0.9636	0.9636	0.9608	0.9634	0.9628	0.9625	0.9624	0.9636	0.9323	0.9634	0.9616	1.4304	0.9634	0.9635	0.9634	0.9634	0.9634	0.9526	0.9635	0.9634	0.9571	0.9633	0.9634	0.9632	0	0.9633	0.9635	0.9587	0.9633	0.9635	0.9634	0.9634	0.9634	0.9635	0.9611	0.9596	0.9547	0.9635	0.9634	0.9634	0.9634	0.9634	0.9633	0.9634	0.9633	0.9635	0.9583	0.9634	0.9638	0.9636	0.9923	0.9594	0.9635	0.9635	0.9638	0.9633	0.9576	0.9634	0.9635	0.9634	0.9629	0.9635	0.8877	1.3877	0.9642
  Z	0.9646	0.9644	0.961	0.9645	0.9638	0.9635	0.9628	0.9644	0.9311	0.9645	0.9622	0.9731	0.9645	0.9645	0.9645	0.9642	0.9645	0.9529	0.9645	0.9638	0.9564	0.9644	0.9645	0.9642	0.9633	0	0.9645	0.9595	0.9612	0.9643	0.9645	0.9645	0.9645	0.9644	0.9616	0.9768	1.1395	0.9644	0.9645	0.9645	0.9645	0.9645	0.9644	0.9644	0.9644	0.9645	1.1908	0.9645	0.9645	0.9644	0.956	0.9602	0.9645	0.9644	0.9647	0.9638	0.9578	0.9645	0.9644	0.9645	0.9633	0.9645	0.8828	0.955	0.9645
  [	0.9648	0.9646	0.9614	0.9646	0.9638	0.9637	0.963	0.9645	0.9336	0.9647	0.9625	0.9359	0.9646	0.9647	0.9646	0.9643	0.9646	0.9538	0.9646	0.964	0.9571	0.9645	0.9646	0.9644	0.9635	0.9645	0	0.9599	0.9616	0.9644	0.9646	0.9646	0.9646	0.9646	0.9619	0.9589	0.9542	0.9646	0.9646	0.9646	0.9646	0.9647	0.9646	0.9646	0.9646	0.9647	0.9586	1.3086	0.9647	0.9646	0.9567	0.9607	0.9647	0.965	0.9648	0.9639	0.9584	0.9646	0.9646	0.9646	0.9652	0.9646	1.1796	0.9557	0.9646
  \	0.96	0.9608	1.1492	0.9853	0.9595	1.5804	1.1185	0.96	1.0356	1.3372	1.2284	0.9562	0.9598	0.9614	0.9597	0.9608	0.9598	5.4336	0.9601	0.9623	1.5972	0.9599	0.9596	0.9595	0.9587	0.9595	0.9599	0	0.9767	0.9602	0.9596	0.9595	0.9595	0.9608	0.9625	0.9799	3.8941	0.9602	0.9597	0.9597	1.012	0.9598	0.9596	0.9595	0.9633	0.9597	1.0414	0.9599	0.986	0.9612	0.9562	1.5152	0.9597	0.9606	1.111	0.9603	0.98	0.9594	0.9602	0.9595	1.7776	0.9601	1.4931	0.9543	1.1848
  ]	1.1555	0.9622	1.4502	0.9613	0.9646	0.9622	1.0008	0.9617	2.2387	0.9612	0.9626	4.0227	0.9613	0.9618	0.9613	0.9625	0.9613	0.9578	0.9616	0.9634	1.4341	0.9612	0.9614	0.9613	0.9633	0.9612	0.9616	0.9767	0	0.9636	0.9612	1.4389	0.9612	0.9635	0.9617	3.3838	1.9749	0.9617	0.9613	0.9614	0.9613	0.9613	0.9613	0.9612	0.9612	0.9614	1.7747	0.9615	0.9623	0.9619	2.8781	0.9596	0.9613	0.962	1.0504	3.9934	0.9611	0.9611	0.9623	0.9612	1.9271	0.9617	5.8705	2.4195	0.9616
  ^	0.9645	0.9643	0.9618	0.9644	0.9639	0.9635	0.9631	0.9643	0.9364	0.9644	0.9628	2.9348	0.9644	0.9644	0.9643	0.9652	0.9651	0.9548	0.9644	0.9639	0.9581	0.9643	0.9644	0.9642	0.9635	0.9643	0.9644	0.9602	0.9636	0	0.9644	0.9643	0.9643	0.9643	0.962	1.8013	0.9627	0.9643	0.9644	0.9644	0.9643	0.9644	0.9643	0.9643	0.9644	0.9644	1.0042	0.9643	0.9644	0.9644	0.9577	0.9608	0.9644	0.9643	0.9646	0.9642	0.9591	0.9643	0.9644	0.9643	1.9919	0.9644	0.9951	0.9568	0.9644
  _	0.9647	0.9645	1.2173	0.9646	0.9638	0.9636	0.9628	0.9645	0.931	0.9647	0.9623	0.9338	0.9647	0.9646	0.9646	0.9643	0.9647	0.953	0.9646	0.9638	0.9566	0.9645	0.9646	0.9644	0.9634	0.9645	0.9646	0.9596	0.9612	0.9644	0	0.9646	0.9646	0.9646	0.9617	0.9585	1.1988	0.9645	0.9646	0.9646	0.9646	0.9647	0.9645	0.9646	0.9646	0.9646	0.9582	0.9646	0.9647	0.9646	0.956	0.9603	0.9647	0.9645	0.9648	0.9639	0.9578	0.9646	0.9645	0.9646	0.9633	0.9646	0.8829	0.955	0.9646
  `	0.9648	0.9645	0.9609	0.9646	0.9637	0.9635	0.9628	0.9645	0.9307	0.9646	0.9622	0.9356	0.9646	0.9646	0.9646	0.9642	0.9646	0.9528	0.9646	0.9638	0.9563	0.9645	0.9646	0.9643	0.9634	0.9645	0.9646	0.9595	1.4389	0.9643	0.9646	0	0.9646	0.9645	0.9616	0.9587	0.9531	0.9645	0.9646	0.9646	0.9646	0.9646	0.9645	0.9646	0.9646	0.9646	0.958	0.9646	0.9646	0.9645	0.9561	0.9603	0.9646	0.9645	0.9648	0.9639	0.9577	0.9646	0.9645	0.9646	0.9633	0.9646	0.8832	0.9549	0.9645
  a	0.9647	0.9645	0.9609	0.9646	0.9637	0.9635	0.9628	0.9645	0.9309	0.9646	0.9622	0.9335	0.9646	0.9646	0.9646	0.9642	0.9646	0.9528	0.9646	0.9638	0.9563	0.9645	0.9646	0.9643	0.9634	0.9645	0.9646	0.9595	0.9612	0.9643	0.9646	0.9646	0	0.9645	0.9616	0.9584	0.9532	0.9645	0.9646	0.9646	0.9646	0.9646	0.9645	0.9645	0.9645	0.9646	1.4372	0.9645	0.9646	0.9645	0.9559	0.9603	0.9646	0.9645	0.9647	0.9638	0.9578	0.9646	0.9645	0.9646	0.9633	0.9646	0.8823	0.9549	0.9646
  b	0.9647	0.9645	1.0726	0.9645	0.9638	0.9637	0.9631	0.9645	0.935	0.9646	0.9626	0.9422	0.9647	0.9647	0.9647	0.9643	0.9647	0.9546	0.9645	0.9639	3.8888	0.9645	0.9646	0.9643	0.9635	0.9644	0.9646	0.9608	0.9635	0.9643	0.9646	0.9645	0.9645	0	0.962	0.9594	2.7147	1.3245	0.9645	0.9645	0.9646	0.9647	0.9645	0.9645	0.9645	0.9646	0.9591	0.9645	0.9646	1.3938	0.9572	0.9608	1.0327	0.9645	0.9647	0.9648	0.9591	0.9645	0.9645	0.9645	0.9638	0.9645	1.3474	1.0065	0.9646
  c	0.962	0.9624	0.9638	0.9617	0.9614	0.9614	0.9672	0.9619	3.3695	0.9617	0.9619	1.402	0.9617	0.9622	0.9617	0.9622	0.9617	0.9554	0.962	1.3569	0.9596	0.9616	0.9617	0.9616	0.9611	0.9616	0.9619	0.9625	0.9617	0.962	0.9617	0.9616	0.9616	0.962	0	0.9593	0.9625	0.962	0.9618	0.9618	0.9617	0.9617	1.0183	0.9617	0.9616	0.9618	0.9653	0.9619	0.9892	0.9622	1.016	0.9591	0.9617	0.9622	0.9624	0.9618	1.4458	0.9616	0.962	0.9616	0.9629	0.962	2.2938	0.9659	0.9618
  d	0.9591	0.9599	1.7854	0.9585	2.3184	1.2697	0.9618	1.4388	0.9481	0.9584	0.9605	11.8038	0.9593	0.959	0.9589	1.025	0.985	0.9553	0.9591	0.9621	0.9613	0.9589	1.3639	1.8388	0.9596	0.9768	0.9589	0.9799	3.3838	1.8013	0.9585	0.9587	0.9584	0.9594	0.9593	0	5.2099	0.9657	0.9586	0.9586	0.9809	0.9587	0.9585	0.9585	0.9583	0.9586	8.5666	0.9588	0.9603	0.9841	2.52	0.9567	0.9586	0.9597	0.9599	1.1859	0.9699	0.9583	0.9599	0.9583	0.9648	0.9591	1.3107	3.2313	1.2726
  e	0.9545	0.9562	3.426	0.9536	1.187	4.2952	0.9622	0.9547	1.443	0.9533	0.9598	7.0896	2.1075	0.9593	1.3844	1.3543	1.5427	6.2777	0.9546	1.3918	5.2162	1.3364	0.9908	0.9541	0.9547	1.1395	0.9542	3.8941	1.9749	0.9627	1.1988	0.9531	0.9532	2.7147	0.9625	5.2099	0	1.1566	0.9539	0.9536	1.3545	1.4053	0.998	1.4298	0.9532	0.9537	10.5267	0.9542	1.112	1.4007	2.1905	0.9544	0.9965	1.9177	0.9564	1.1037	1.795	0.953	1.3163	0.9531	2.0548	0.9546	14.0543	1.9844	1.4878
  f	0.9647	0.9645	0.997	0.9645	0.9638	0.9637	0.9631	0.9645	0.9351	0.9646	0.9626	0.9923	0.9646	0.9646	0.9645	0.9643	0.9646	0.9545	0.9645	0.9639	2.0409	0.9645	0.9645	0.9643	0.9635	0.9644	0.9646	0.9602	0.9617	0.9643	0.9645	0.9645	0.9645	1.3245	0.962	0.9657	1.1566	0	0.9645	0.9645	0.9645	0.9646	0.9645	0.9645	0.9645	0.9646	0.959	0.9645	0.9646	0.9646	1.2442	0.9608	1.0351	0.9645	0.9647	0.9642	0.9588	0.9645	0.9645	0.9645	0.9635	0.9645	1.3957	1.0126	0.9645
  g	0.9647	0.9645	1.4109	0.9646	0.9638	0.9636	0.9631	0.9645	0.9319	0.9646	0.9624	1.3971	0.9646	0.9646	0.9646	0.9643	0.9646	0.9532	0.9646	0.9772	0.9573	0.9653	0.9646	0.9644	0.9634	0.9645	0.9646	0.9597	0.9613	0.9644	0.9646	0.9646	0.9646	0.9645	0.9618	0.9586	0.9539	0.9645	0	0.9646	0.9646	0.9646	0.9669	0.9646	0.9646	0.9646	0.9583	0.9646	1.0091	0.9645	0.9563	0.9604	0.9646	0.9645	0.9648	0.964	0.958	0.9646	0.9645	0.9646	0.9634	0.9646	0.8861	0.9553	0.9646
  h	0.9647	0.9645	0.9612	0.9646	0.9638	0.9636	0.963	0.9645	0.932	0.9647	1.318	0.9345	0.9646	0.9646	0.9646	0.9643	0.9646	0.9532	0.9646	0.9639	0.9567	0.9645	0.9646	0.9644	0.9634	0.9645	0.9646	0.9597	0.9614	0.9644	0.9646	0.9646	0.9646	0.9645	0.9618	0.9586	0.9536	0.9645	0.9646	0	0.9646	0.9647	0.9645	0.9646	0.9646	0.9647	0.9583	0.9646	0.9646	0.9646	0.9562	0.9605	0.9647	0.9645	0.9648	0.9639	0.958	0.9646	0.9645	0.9646	1.059	0.9646	1.0033	0.9553	0.9646
  i	0.9647	0.9645	0.9611	0.9646	0.9638	0.9638	0.9628	0.9645	0.9311	0.9647	0.9623	0.9352	0.9647	0.9646	0.9646	0.9643	0.9647	0.9537	0.9646	0.9638	0.9566	0.9645	0.9646	0.9644	0.9634	0.9645	0.9646	1.012	0.9613	0.9643	0.9646	0.9646	0.9646	0.9646	0.9617	0.9809	1.3545	0.9645	0.9646	0.9646	0	0.9647	0.9645	0.9646	0.9646	0.9646	0.9651	0.9646	0.9646	0.9649	0.956	0.9604	0.9646	0.9645	0.9648	0.9639	0.9578	0.9646	0.9645	0.9646	0.9634	0.9646	0.8831	0.9551	0.9646
  j	0.9648	0.9645	0.9612	0.9646	0.9638	0.9639	0.9628	0.9645	0.9311	0.9647	0.9623	0.934	0.9648	0.9647	1.0278	0.9643	0.9648	0.9542	0.9646	0.9639	0.9566	0.9646	0.9647	0.9644	0.9634	0.9645	0.9647	0.9598	0.9613	0.9644	0.9647	0.9646	0.9646	0.9647	0.9617	0.9587	1.4053	0.9646	0.9646	0.9647	0.9647	0	0.9646	0.9647	0.9646	0.9647	0.9587	0.9646	0.9647	0.9646	0.9561	0.9604	0.9647	0.9646	0.9648	0.9639	0.9579	0.9646	0.9646	0.9646	0.9634	0.9646	0.8832	0.9551	0.9647
  k	0.9646	0.9645	1.0243	0.9645	0.9637	0.9635	0.9629	0.9644	1.3942	0.9646	0.9623	0.9343	0.9646	0.9646	0.9645	0.9642	0.9646	0.9531	0.9645	1.8219	0.9566	0.9647	0.9645	0.9643	0.9633	0.9644	0.9646	0.9596	0.9613	0.9643	0.9645	0.9645	0.9645	0.9645	1.0183	0.9585	0.998	0.9645	0.9669	0.9645	0.9645	0.9646	0	0.9645	0.9645	0.9646	0.9582	0.9645	1.2318	0.9645	0.9562	0.9603	0.9646	0.9644	0.9647	0.9638	0.9579	0.9645	0.9645	0.9645	0.9633	0.9645	0.888	0.9551	0.9645
  l	0.9647	0.9645	0.9611	0.9646	0.9637	0.9635	0.9628	0.9645	0.9311	0.9646	0.9622	0.9338	0.9646	0.9646	0.9646	0.9642	0.9646	0.9529	0.9646	0.9638	0.9565	0.9645	0.9646	0.9643	0.9634	0.9644	0.9646	0.9595	0.9612	0.9643	0.9646	0.9646	0.9645	0.9645	0.9617	0.9585	1.4298	0.9645	0.9646	0.9646	0.9646	0.9647	0.9645	0	0.9645	0.9646	0.9581	0.9645	0.9646	0.9645	0.956	0.9603	0.9646	0.9645	0.9647	0.9639	0.9579	0.9646	0.9645	0.9646	0.9634	0.9646	0.883	0.955	0.9646
  m	0.9647	0.9645	0.9609	1.0156	0.9637	0.9635	0.9627	0.9645	0.9305	0.9646	0.9639	0.935	0.9646	0.9646	0.9646	0.9643	0.9646	0.9529	0.9646	0.9638	0.9563	0.9645	0.9646	0.9643	0.9633	0.9644	0.9646	0.9633	0.9612	0.9644	0.9646	0.9646	0.9645	0.9645	0.9616	0.9583	0.9532	0.9645	0.9646	0.9646	0.9646	0.9646	0.9645	0.9645	0	0.9646	0.9579	0.9645	0.9646	0.9645	0.9558	0.9603	0.9646	0.9645	0.98	0.9638	0.9578	0.9646	0.9645	0.9646	1.457	0.9646	0.8817	0.9549	0.9645
  n	0.9648	0.9646	0.9612	0.9646	0.9638	0.9637	0.9629	0.9645	0.9321	0.9647	0.9624	0.9345	0.9647	0.9647	0.9646	1.1211	0.9647	0.9533	0.9646	0.964	0.9567	0.9646	0.9647	0.9644	0.9635	0.9645	0.9647	0.9597	0.9614	0.9644	0.9646	0.9646	0.9646	0.9646	0.9618	0.9586	0.9537	0.9646	0.9646	0.9647	0.9646	0.9647	0.9646	0.9646	0.9646	0	0.9583	0.9646	0.9647	0.9646	0.9563	0.9605	0.9647	0.9645	1.2292	0.9639	0.9581	0.9646	0.9646	0.9646	0.9637	0.9646	1.0133	0.9553	0.9646
  o	0.9588	0.9598	1.0584	0.9582	3.5956	2.1527	1.1281	0.9589	1.1175	0.9581	1.3601	7.0553	1.1526	0.959	1.4313	0.9694	2.2987	0.9561	0.9588	0.9622	0.9635	1.031	0.9936	1.4607	0.9583	1.1908	0.9586	1.0414	1.7747	1.0042	0.9582	0.958	1.4372	0.9591	0.9653	8.5666	10.5267	0.959	0.9583	0.9583	0.9651	0.9587	0.9582	0.9581	0.9579	0.9583	0	0.9586	1.0196	0.9651	1.9367	0.9564	0.9582	0.9595	0.9597	2.1745	1.001	0.9579	1.0928	0.958	0.9633	0.9588	3.3948	1.368	1.0494
  p	0.9647	0.9645	0.9613	0.9646	0.9638	0.9636	0.963	0.9645	0.9336	0.9646	0.9625	0.9359	0.9646	0.9646	0.9646	0.9643	0.9646	0.9537	0.9646	0.964	0.9571	0.9645	0.9646	0.9643	0.9634	0.9645	1.3086	0.9599	0.9615	0.9643	0.9646	0.9646	0.9645	0.9645	0.9619	0.9588	0.9542	0.9645	0.9646	0.9646	0.9646	0.9646	0.9645	0.9645	0.9645	0.9646	0.9586	0	0.9646	0.9645	0.9567	0.9606	0.9646	0.9649	0.9648	0.9639	0.9583	0.9646	0.9645	0.9646	0.9651	0.9646	1.1795	0.9557	0.9645
  q	0.9648	0.9646	2.0188	0.9646	0.9641	0.964	1.3447	0.9645	0.9386	0.9647	0.9632	2.2381	0.9647	0.9647	0.9646	0.9645	0.9647	0.9557	0.9646	1.3512	0.9603	1.159	0.9646	0.9645	0.9638	0.9645	0.9647	0.986	0.9623	0.9644	0.9647	0.9646	0.9646	0.9646	0.9892	0.9603	1.112	0.9646	1.0091	0.9646	0.9646	0.9647	1.2318	0.9646	0.9646	0.9647	1.0196	0.9646	0	0.9646	0.9951	0.9613	0.9647	0.9646	0.9648	0.9644	0.9595	0.9646	0.9646	0.9646	0.9639	0.9646	1.6579	0.9573	0.9647
  r	0.9647	0.9645	0.9622	0.9645	0.9639	0.9638	0.9632	0.9645	0.9374	0.9646	0.9628	0.9416	0.9646	0.9646	0.9646	0.9643	0.9646	0.9552	0.9645	0.964	1.0468	0.9645	0.9646	0.9644	0.9636	0.9644	0.9646	0.9612	0.9619	0.9644	0.9646	0.9645	0.9645	1.3938	0.9622	0.9841	1.4007	0.9646	0.9645	0.9646	0.9649	0.9646	0.9645	0.9645	0.9645	0.9646	0.9651	0.9645	0.9646	0	0.9577	0.9611	0.9646	0.9645	0.9647	0.9641	0.9592	0.9645	0.9645	0.9645	0.9637	0.9645	1.796	0.9569	0.9645
  s	0.9573	0.9582	2.0747	0.9562	0.9619	0.9574	0.9619	0.9572	2.3078	0.9559	0.9595	9.0404	0.9562	0.9826	0.9561	0.9582	0.9562	0.9673	0.957	0.9616	0.9659	0.9568	0.9561	0.9563	0.9923	0.956	0.9567	0.9562	2.8781	0.9577	0.956	0.9561	0.9559	0.9572	1.016	2.52	2.1905	1.2442	0.9563	0.9562	0.956	0.9561	0.9562	0.956	0.9558	0.9563	1.9367	0.9567	0.9951	0.9577	0	0.9551	0.9561	0.9578	0.9581	1.3666	0.9591	0.9558	0.9583	0.9558	0.9617	0.957	7.7204	2.3303	1.0024
  t	0.9607	0.9613	0.9595	0.9606	0.9599	1.0787	0.961	0.9607	0.933	0.9604	0.9597	0.9342	0.9604	1.1184	0.9603	0.9612	0.9604	5.7928	0.9608	0.9624	0.9597	0.9607	0.9603	0.9602	0.9594	0.9602	0.9607	1.5152	0.9596	0.9608	0.9603	0.9603	0.9603	0.9608	0.9591	0.9567	0.9544	0.9608	0.9604	0.9605	0.9604	0.9604	0.9603	0.9603	0.9603	0.9605	0.9564	0.9606	0.9613	0.9611	0.9551	0	0.9604	0.9611	0.9614	0.9603	1.4539	0.9603	0.9607	0.9603	0.9632	0.9608	0.8866	0.9533	0.9605
  u	0.9648	0.9645	0.9684	0.9646	0.9638	0.9636	0.9628	0.9646	0.9312	0.9647	0.9623	0.9359	0.9647	0.9647	0.9646	0.9643	0.9647	0.9531	0.9646	0.9638	1.1746	0.9646	0.9647	0.9644	0.9635	0.9645	0.9647	0.9597	0.9613	0.9644	0.9647	0.9646	0.9646	1.0327	0.9617	0.9586	0.9965	1.0351	0.9646	0.9647	0.9646	0.9647	0.9646	0.9646	0.9646	0.9647	0.9582	0.9646	0.9647	0.9646	0.9561	0.9604	0	0.9645	0.9648	0.964	0.9579	0.9646	0.9646	0.9646	0.9633	0.9646	0.8833	1.2712	0.9646
  v	0.9647	0.9644	0.962	0.9645	0.9638	0.9637	0.9632	0.9644	0.9378	0.9645	0.9628	0.94	0.9646	0.9646	0.9646	0.9643	0.9646	0.9553	0.9645	0.964	0.9583	0.9644	0.9645	0.9643	0.9635	0.9644	0.965	0.9606	0.962	0.9643	0.9645	0.9645	0.9645	0.9645	0.9622	0.9597	1.9177	0.9645	0.9645	0.9645	0.9645	0.9646	0.9644	0.9645	0.9645	0.9645	0.9595	0.9649	0.9646	0.9645	0.9578	0.9611	0.9645	0	0.9647	0.964	0.9593	0.9645	0.9645	0.9645	0.965	0.9645	1.7965	0.957	0.9645
  w	1.0478	0.9647	0.9622	1.0386	0.9641	0.9641	0.9636	0.9647	0.9382	0.9648	0.9811	0.9594	0.9648	0.9649	0.9647	1.2016	0.9648	0.9982	0.9648	0.9643	0.9585	0.9647	0.9648	0.9646	0.9638	0.9647	0.9648	1.111	1.0504	0.9646	0.9648	0.9648	0.9647	0.9647	0.9624	0.9599	0.9564	0.9647	0.9648	0.9648	0.9648	0.9648	0.9647	0.9647	0.98	1.2292	0.9597	0.9648	0.9648	0.9647	0.9581	0.9614	0.9648	0.9647	0	0.9645	0.9596	0.9648	0.9647	0.9648	1.5092	0.9648	1.851	0.9572	0.9648
  x	0.9644	0.964	1.3129	0.9639	0.9641	0.9634	0.9643	0.964	0.9375	0.9639	0.9626	4.0128	0.964	0.964	0.9639	0.9639	0.964	0.9549	0.9639	0.9638	1.6093	0.9639	0.964	0.9639	0.9633	0.9638	0.9639	0.9603	3.9934	0.9642	0.9639	0.9639	0.9638	0.9648	0.9618	1.1859	1.1037	0.9642	0.964	0.9639	0.9639	0.9639	0.9638	0.9639	0.9638	0.9639	2.1745	0.9639	0.9644	0.9641	1.3666	0.9603	0.964	0.964	0.9645	0	0.9591	0.9638	0.964	0.9638	0.9637	0.9639	0.9834	1.0947	0.9641
  y	0.9584	0.9596	0.9615	0.9585	1.031	1.8396	1.1836	0.9586	2.2356	0.9578	0.9622	2.6465	0.958	1.0554	0.9579	1.101	0.958	1.3967	0.9586	0.9621	1.0329	0.9581	0.9578	0.9578	0.9576	0.9578	0.9584	0.98	0.9611	0.9591	0.9578	0.9577	0.9578	0.9591	1.4458	0.9699	1.795	0.9588	0.958	0.958	0.9578	0.9579	0.9579	0.9579	0.9578	0.9581	1.001	0.9583	0.9595	0.9592	0.9591	1.4539	0.9579	0.9593	0.9596	0.9591	0	0.9577	0.9591	0.9577	1.5049	0.9586	4.3687	0.958	0.9581
  z	0.9647	0.9645	0.9609	0.9646	0.9637	0.9636	0.9627	0.9645	0.9305	0.9646	0.9622	0.9331	0.9646	0.9646	0.9646	1.4458	0.9646	0.9527	0.9646	0.9638	0.9562	0.9645	0.9646	0.9644	0.9634	0.9645	0.9646	0.9594	0.9611	0.9643	0.9646	0.9646	0.9646	0.9645	0.9616	0.9583	0.953	0.9645	0.9646	0.9646	0.9646	0.9646	0.9645	0.9646	0.9646	0.9646	0.9579	0.9646	0.9646	0.9645	0.9558	0.9603	0.9646	0.9645	0.9648	0.9638	0.9577	0	0.9645	0.9646	0.9685	0.9646	0.8814	0.9548	0.9645
  {	0.9647	0.9645	0.9617	0.9645	0.9639	0.964	0.9631	0.9644	0.9594	0.9646	0.9626	0.9486	0.9646	0.9646	0.9646	0.9643	0.9647	0.9544	0.9645	0.9641	0.9578	1.004	0.9645	0.9643	0.9635	0.9644	0.9646	0.9602	0.9623	0.9644	0.9645	0.9645	0.9645	0.9645	0.962	0.9599	1.3163	0.9645	0.9645	0.9645	0.9645	0.9646	0.9645	0.9645	0.9645	0.9646	1.0928	0.9645	0.9646	0.9645	0.9583	0.9607	0.9646	0.9645	0.9647	0.964	0.9591	0.9645	0	0.9645	0.9661	0.9645	1.3	0.9562	0.9645
  |	0.9647	0.9645	0.9609	0.9646	0.9637	0.9635	1.4446	0.9645	0.9306	0.9646	0.963	0.9333	0.9646	0.9646	0.9646	0.9642	0.9646	0.9528	0.9646	0.9638	0.9563	0.9645	0.9646	0.9644	0.9634	0.9645	0.9646	0.9595	0.9612	0.9643	0.9646	0.9646	0.9646	0.9645	0.9616	0.9583	0.9531	0.9645	0.9646	0.9646	0.9646	0.9646	0.9645	0.9646	0.9646	0.9646	0.958	0.9646	0.9646	0.9645	0.9558	0.9603	0.9646	0.9645	0.9648	0.9638	0.9577	0.9646	0.9645	0	0.9633	0.9646	0.8841	0.9549	0.9646
  }	0.964	0.9651	0.9642	1.3929	0.9633	0.981	0.9646	0.9635	0.974	0.9634	1.3053	2.2122	0.9635	0.9662	0.9634	3.0973	0.9635	1.3625	0.9635	0.9644	0.9646	0.9634	0.9633	0.9632	0.9629	0.9633	0.9652	1.7776	1.9271	1.9919	0.9633	0.9633	0.9633	0.9638	0.9629	0.9648	2.0548	0.9635	0.9634	1.059	0.9634	0.9634	0.9633	0.9634	1.457	0.9637	0.9633	0.9651	0.9639	0.9637	0.9617	0.9632	0.9633	0.965	1.5092	0.9637	1.5049	0.9685	0.9661	0.9633	0	0.9635	6.0855	0.9607	0.9636
  ~	0.9647	0.9645	0.9615	0.9646	0.9638	0.9637	0.9748	0.9645	0.9353	0.9646	0.9638	0.9371	0.9646	0.9646	0.9646	0.9643	0.9646	0.9542	0.9646	0.9639	0.9574	0.9645	0.9646	0.9644	0.9635	0.9645	0.9646	0.9601	0.9617	0.9644	0.9646	0.9646	0.9646	0.9645	0.962	0.9591	0.9546	0.9645	0.9646	0.9646	0.9646	0.9646	0.9645	0.9646	0.9646	0.9646	0.9588	0.9646	0.9646	0.9645	0.957	0.9608	0.9646	0.9645	0.9648	0.9639	0.9586	0.9646	0.9645	0.9646	0.9635	0	1.3289	0.9561	0.9646
  	1.1106	2.1055	6.1922	0.8841	0.8902	1.1749	6.0173	1.172	71.9795	0.8861	2.9108	9.621	0.8838	1.0734	0.8828	2.3547	0.8831	1.4826	1.3369	8.7263	5.5113	0.8844	0.8825	0.8953	0.8877	0.8828	1.1796	1.4931	5.8705	0.9951	0.8829	0.8832	0.8823	1.3474	2.2938	1.3107	14.0543	1.3957	0.8861	1.0033	0.8831	0.8832	0.888	0.883	0.8817	1.0133	3.3948	1.1795	1.6579	1.796	7.7204	0.8866	0.8833	1.7965	1.851	0.9834	4.3687	0.8814	1.3	0.8841	6.0855	1.3289	0	1.9695	0.8979
  	0.9559	0.9574	0.9691	0.9552	0.9564	0.9557	0.9613	1.9144	2.8273	0.955	0.9579	11.1484	0.9552	0.956	0.9551	0.9597	0.9552	0.9531	0.9561	0.9609	2.2925	0.9549	0.9552	0.9555	1.3877	0.955	0.9557	0.9543	2.4195	0.9568	0.955	0.9549	0.9549	1.0065	0.9659	3.2313	1.9844	1.0126	0.9553	0.9553	0.9551	0.9551	0.9551	0.955	0.9549	0.9553	1.368	0.9557	0.9573	0.9569	2.3303	0.9533	1.2712	0.957	0.9572	1.0947	0.958	0.9548	0.9562	0.9549	0.9607	0.9561	1.9695	0	0.9558
  	0.9647	0.9645	1.1041	0.9646	0.9644	0.964	0.9631	0.9645	0.9322	1.0213	1.1762	1.3851	0.9647	0.9646	0.9646	0.9643	0.9647	0.9538	0.9646	0.9639	0.9571	0.9645	0.9797	0.9645	0.9642	0.9645	0.9646	1.1848	0.9616	0.9644	0.9646	0.9645	0.9646	0.9646	0.9618	1.2726	1.4878	0.9645	0.9646	0.9646	0.9646	0.9647	0.9645	0.9646	0.9645	0.9646	1.0494	0.9645	0.9647	0.9645	1.0024	0.9605	0.9646	0.9645	0.9648	0.9641	0.9581	0.9645	0.9645	0.9646	0.9636	0.9646	0.8979	0.9558	0

Actual rates from j->i (Q_ij):
	A	B	C	D	E	F	G	H	I	J	K	L	M	N	O	P	Q	R	S	T	U	V	W	X	Y	Z	[	\	]	^	_	`	a	b	c	d	e	f	g	h	i	j	k	l	m	n	o	p	q	r	s	t	u	v	w	x	y	z	{	|	}	~			
  A	0	0.0177	0.0176	0.0177	0.0177	0.0176	0.0176	0.0177	0.0171	0.0177	0.0176	0.0171	0.0177	0.0177	0.0177	0.0177	0.0177	0.0175	0.0177	0.0177	0.0175	0.0177	0.0177	0.0177	0.0176	0.0177	0.0177	0.0176	0.0212	0.0177	0.0177	0.0177	0.0177	0.0177	0.0176	0.0176	0.0175	0.0177	0.0177	0.0177	0.0177	0.0177	0.0177	0.0177	0.0177	0.0177	0.0176	0.0177	0.0177	0.0177	0.0175	0.0176	0.0177	0.0177	0.0192	0.0177	0.0176	0.0177	0.0177	0.0177	0.0177	0.0177	0.0203	0.0175	0.0177
  B	0.014	0	0.014	0.014	0.014	0.014	0.0161	0.014	0.0139	0.014	0.014	0.0137	0.014	0.014	0.014	0.014	0.014	0.0139	0.014	0.014	0.0139	0.014	0.014	0.014	0.014	0.014	0.014	0.014	0.014	0.014	0.014	0.014	0.014	0.014	0.014	0.0139	0.0139	0.014	0.014	0.014	0.014	0.014	0.014	0.014	0.014	0.014	0.0139	0.014	0.014	0.014	0.0139	0.014	0.014	0.014	0.014	0.014	0.0139	0.014	0.014	0.014	0.014	0.014	0.0306	0.0139	0.014
  C	0.0077	0.0077	0	0.0077	0.0085	0.0086	0.0197	0.0077	0.0077	0.0081	0.0106	0.0296	0.0077	0.0081	0.0077	0.0085	0.0077	0.0077	0.0077	0.0109	0.0225	0.0105	0.0077	0.0103	0.0077	0.0077	0.0077	0.0092	0.0116	0.0077	0.0098	0.0077	0.0077	0.0086	0.0077	0.0143	0.0275	0.008	0.0113	0.0077	0.0077	0.0077	0.0082	0.0077	0.0077	0.0077	0.0085	0.0077	0.0162	0.0077	0.0166	0.0077	0.0078	0.0077	0.0077	0.0105	0.0077	0.0077	0.0077	0.0077	0.0077	0.0077	0.0497	0.0078	0.0089
  D	0.0185	0.0185	0.0184	0	0.0185	0.0185	0.0184	0.0185	0.0178	0.0185	0.0187	0.0182	0.0185	0.0185	0.0185	0.0185	0.0185	0.064	0.0185	0.0185	0.0183	0.0185	0.0185	0.0185	0.0185	0.0185	0.0185	0.0189	0.0184	0.0185	0.0185	0.0185	0.0185	0.0185	0.0184	0.0184	0.0183	0.0185	0.0185	0.0185	0.0185	0.0185	0.0185	0.0185	0.0195	0.0185	0.0184	0.0185	0.0185	0.0185	0.0183	0.0184	0.0185	0.0185	0.0199	0.0185	0.0184	0.0185	0.0185	0.0185	0.0267	0.0185	0.0169	0.0183	0.0185
  E	0.017	0.017	0.0188	0.017	0	0.017	0.017	0.017	0.0165	0.017	0.017	0.0435	0.017	0.017	0.017	0.017	0.017	0.0169	0.017	0.017	0.0169	0.017	0.017	0.017	0.017	0.017	0.017	0.017	0.0171	0.017	0.017	0.017	0.017	0.017	0.017	0.041	0.021	0.017	0.017	0.017	0.017	0.017	0.017	0.017	0.017	0.017	0.0636	0.017	0.017	0.017	0.017	0.017	0.017	0.017	0.017	0.017	0.0182	0.017	0.017	0.017	0.017	0.017	0.0157	0.0169	0.0171
  F	0.0169	0.0169	0.0189	0.0169	0.0169	0	0.0169	0.0169	0.0164	0.0169	0.0169	0.0166	0.0169	0.024	0.0169	0.0321	0.0169	0.071	0.0169	0.0169	0.0168	0.0257	0.0169	0.0169	0.0169	0.0169	0.0169	0.0277	0.0169	0.0169	0.0169	0.0169	0.0169	0.0169	0.0169	0.0223	0.0754	0.0169	0.0169	0.0169	0.0169	0.0169	0.0169	0.0169	0.0169	0.0169	0.0378	0.0169	0.0169	0.0169	0.0168	0.0189	0.0169	0.0169	0.0169	0.0169	0.0323	0.0169	0.0169	0.0169	0.0172	0.0169	0.0206	0.0168	0.0169
  G	0.0085	0.0098	0.0216	0.0085	0.0085	0.0085	0	0.0085	0.012	0.0085	0.015	0.0118	0.0085	0.0085	0.0085	0.0085	0.0085	0.0084	0.0085	0.0085	0.0085	0.0088	0.0085	0.0085	0.0085	0.0085	0.0085	0.0098	0.0088	0.0085	0.0085	0.0085	0.0085	0.0085	0.0085	0.0085	0.0085	0.0085	0.0085	0.0085	0.0085	0.0085	0.0085	0.0085	0.0085	0.0085	0.0099	0.0085	0.0118	0.0085	0.0085	0.0085	0.0085	0.0085	0.0085	0.0085	0.0104	0.0085	0.0085	0.0127	0.0085	0.0086	0.0529	0.0085	0.0085
  H	0.0166	0.0166	0.0166	0.0166	0.0166	0.0166	0.0166	0	0.0191	0.0166	0.0166	0.0242	0.0166	0.0166	0.0166	0.0166	0.0166	0.0164	0.0166	0.0166	0.0165	0.0166	0.0166	0.0166	0.0166	0.0166	0.0166	0.0165	0.0166	0.0166	0.0166	0.0166	0.0166	0.0166	0.0166	0.0248	0.0164	0.0166	0.0166	0.0166	0.0166	0.0166	0.0166	0.0166	0.0166	0.0166	0.0165	0.0166	0.0166	0.0166	0.0165	0.0166	0.0166	0.0166	0.0166	0.0166	0.0165	0.0166	0.0166	0.0166	0.0166	0.0166	0.0202	0.033	0.0166
  I	0.0017	0.0017	0.0017	0.0017	0.0017	0.0017	0.0024	0.002	0	0.0017	0.0026	0.0044	0.0017	0.0021	0.0017	0.0019	0.0017	0.0019	0.0017	0.002	0.0027	0.0017	0.0017	0.0017	0.0017	0.0017	0.0017	0.0019	0.004	0.0017	0.0017	0.0017	0.0017	0.0017	0.006	0.0017	0.0026	0.0017	0.0017	0.0017	0.0017	0.0017	0.0025	0.0017	0.0017	0.0017	0.002	0.0017	0.0017	0.0017	0.0041	0.0017	0.0017	0.0017	0.0017	0.0017	0.004	0.0017	0.0017	0.0017	0.0017	0.0017	0.129	0.0051	0.0017
  J	0.0188	0.0188	0.0197	0.0188	0.0188	0.0188	0.0188	0.0188	0.0182	0	0.0203	0.0182	0.0188	0.0188	0.0188	0.0188	0.0188	0.0186	0.0188	0.0188	0.0187	0.0188	0.0188	0.0188	0.0188	0.0188	0.0188	0.0261	0.0188	0.0188	0.0188	0.0188	0.0188	0.0188	0.0188	0.0187	0.0186	0.0188	0.0188	0.0188	0.0188	0.0188	0.0188	0.0188	0.0188	0.0188	0.0187	0.0188	0.0188	0.0188	0.0187	0.0188	0.0188	0.0188	0.0188	0.0188	0.0187	0.0188	0.0188	0.0188	0.0188	0.0188	0.0173	0.0187	0.0199
  K	0.0121	0.0122	0.0166	0.0123	0.0121	0.0121	0.0215	0.0121	0.0185	0.0131	0	0.0164	0.0121	0.0121	0.0121	0.0122	0.0121	0.0121	0.0121	0.0122	0.0121	0.0121	0.0121	0.0121	0.0121	0.0121	0.0121	0.0155	0.0121	0.0121	0.0121	0.0121	0.0121	0.0121	0.0121	0.0121	0.0121	0.0121	0.0121	0.0166	0.0121	0.0121	0.0121	0.0121	0.0122	0.0121	0.0172	0.0121	0.0122	0.0121	0.0121	0.0121	0.0121	0.0121	0.0124	0.0121	0.0121	0.0121	0.0121	0.0121	0.0165	0.0122	0.0367	0.0121	0.0148
  L	0.0065	0.0066	0.0257	0.0066	0.0171	0.0066	0.0093	0.0098	0.0172	0.0065	0.0091	0	0.0065	0.0065	0.0065	0.0066	0.0066	0.0131	0.0065	0.0066	0.0959	0.0065	0.0066	0.0084	0.01	0.0068	0.0065	0.0067	0.028	0.0205	0.0065	0.0065	0.0065	0.0066	0.0098	0.0823	0.0494	0.0069	0.0097	0.0065	0.0065	0.0065	0.0065	0.0065	0.0065	0.0065	0.0492	0.0065	0.0156	0.0066	0.063	0.0065	0.0065	0.0066	0.0067	0.028	0.0184	0.0065	0.0066	0.0065	0.0154	0.0065	0.0671	0.0777	0.0097
  M	0.0185	0.0185	0.0185	0.0185	0.0185	0.0185	0.0185	0.0185	0.0179	0.0185	0.0185	0.018	0	0.0185	0.0186	0.0185	0.0223	0.0183	0.0185	0.0185	0.0184	0.0185	0.0185	0.0185	0.0185	0.0185	0.0185	0.0185	0.0185	0.0185	0.0185	0.0185	0.0185	0.0185	0.0185	0.0184	0.0405	0.0185	0.0185	0.0185	0.0185	0.0186	0.0185	0.0185	0.0185	0.0185	0.0222	0.0185	0.0185	0.0185	0.0184	0.0185	0.0185	0.0185	0.0186	0.0185	0.0184	0.0185	0.0185	0.0185	0.0185	0.0185	0.017	0.0184	0.0185
  N	0.0172	0.0172	0.0179	0.0172	0.0172	0.0244	0.0172	0.0172	0.0208	0.0172	0.0172	0.0167	0.0172	0	0.0172	0.0172	0.0172	0.0341	0.0172	0.0172	0.0172	0.0172	0.0172	0.0172	0.0172	0.0172	0.0172	0.0172	0.0172	0.0172	0.0172	0.0172	0.0172	0.0172	0.0172	0.0171	0.0171	0.0172	0.0172	0.0172	0.0172	0.0172	0.0172	0.0172	0.0172	0.0172	0.0171	0.0172	0.0172	0.0172	0.0175	0.02	0.0172	0.0172	0.0172	0.0172	0.0188	0.0172	0.0172	0.0172	0.0173	0.0172	0.0192	0.0171	0.0172
  O	0.0187	0.0187	0.0187	0.0187	0.0187	0.0187	0.0187	0.0187	0.0181	0.0187	0.0187	0.0181	0.0187	0.0187	0	0.0187	0.0187	0.0185	0.0187	0.0187	0.0186	0.0187	0.0187	0.0187	0.0187	0.0187	0.0187	0.0186	0.0187	0.0187	0.0187	0.0187	0.0187	0.0187	0.0187	0.0186	0.0269	0.0187	0.0187	0.0187	0.0187	0.02	0.0187	0.0187	0.0187	0.0187	0.0278	0.0187	0.0187	0.0187	0.0186	0.0187	0.0187	0.0187	0.0187	0.0187	0.0186	0.0187	0.0187	0.0187	0.0187	0.0187	0.0171	0.0185	0.0187
  P	0.0143	0.0143	0.0157	0.0143	0.0143	0.0272	0.0143	0.0143	0.0155	0.0143	0.0143	0.0141	0.0143	0.0143	0.0143	0	0.0143	0.0285	0.0143	0.0143	0.0146	0.0143	0.0143	0.0143	0.0143	0.0143	0.0143	0.0143	0.0143	0.0143	0.0143	0.0143	0.0143	0.0143	0.0143	0.0152	0.0201	0.0143	0.0143	0.0143	0.0143	0.0143	0.0143	0.0143	0.0143	0.0167	0.0144	0.0143	0.0143	0.0143	0.0142	0.0143	0.0143	0.0143	0.0179	0.0143	0.0164	0.0215	0.0143	0.0143	0.046	0.0143	0.035	0.0143	0.0143
  Q	0.0187	0.0187	0.0186	0.0187	0.0187	0.0187	0.0187	0.0187	0.0181	0.0187	0.0187	0.0185	0.0225	0.0187	0.0187	0.0187	0	0.0185	0.0187	0.0187	0.0186	0.0187	0.0187	0.0187	0.0187	0.0187	0.0187	0.0186	0.0186	0.0187	0.0187	0.0187	0.0187	0.0187	0.0187	0.0191	0.0299	0.0187	0.0187	0.0187	0.0187	0.0187	0.0187	0.0187	0.0187	0.0187	0.0446	0.0187	0.0187	0.0187	0.0185	0.0186	0.0187	0.0187	0.0187	0.0187	0.0186	0.0187	0.0187	0.0187	0.0187	0.0187	0.0171	0.0185	0.0187
  R	0.0125	0.0125	0.0126	0.0439	0.0125	0.0531	0.0126	0.0125	0.0138	0.0125	0.0125	0.0247	0.0125	0.0251	0.0125	0.0251	0.0125	0	0.0125	0.0126	0.0179	0.026	0.0125	0.0125	0.0125	0.0125	0.0125	0.0713	0.0126	0.0125	0.0125	0.0125	0.0125	0.0125	0.0125	0.0125	0.0824	0.0125	0.0125	0.0125	0.0125	0.0125	0.0125	0.0125	0.0125	0.0125	0.0125	0.0125	0.0125	0.0125	0.0127	0.076	0.0125	0.0125	0.0131	0.0125	0.0183	0.0125	0.0125	0.0125	0.0179	0.0125	0.0195	0.0125	0.0125
  S	0.0166	0.0166	0.0165	0.0166	0.0166	0.0166	0.0166	0.0166	0.0161	0.0166	0.0165	0.0161	0.0166	0.0166	0.0166	0.0166	0.0166	0.0164	0	0.0166	0.0165	0.0166	0.0166	0.0166	0.0166	0.0166	0.0166	0.0165	0.0165	0.0166	0.0166	0.0166	0.0166	0.0166	0.0165	0.0165	0.0164	0.0166	0.0166	0.0166	0.0166	0.0166	0.0166	0.0166	0.0166	0.0166	0.0165	0.0166	0.0166	0.0166	0.0164	0.0165	0.0166	0.0166	0.0166	0.0166	0.0165	0.0166	0.0166	0.0166	0.0166	0.0166	0.023	0.0164	0.0166
