Map from character to field name
A:	Algeria
B:	Argentina
C:	Australia
D:	Austria
E:	Bangladesh
F:	Belgium
G:	Brazil
H:	Cambodia
I:	Canada
J:	Chad
K:	Chile
L:	China
M:	Czech Republic
N:	Denmark
O:	Egypt
P:	France
Q:	Georgia
R:	Germany
S:	Guam
T:	Guatemala
U:	Hong Kong
V:	Hungary
W:	Iceland
X:	India
Y:	Indonesia
Z:	Iran
[:	Ireland
\:	Italy
]:	Japan
^:	Kazakhstan
_:	Kuwait
`:	Laos
a:	Luxembourg
b:	Malaysia
c:	Mexico
d:	Mongolia
e:	Netherlands
f:	New Zealand
g:	Nicaragua
h:	Nigeria
i:	Norway
j:	Pakistan
k:	Peru
l:	Philippines
m:	Poland
n:	Romania
o:	Russia
p:	Saudi Arabia
q:	Singapore
r:	South Africa
s:	South Korea
t:	Spain
u:	Sri Lanka
v:	Sweden
w:	Switzerland
x:	Taiwan
y:	Thailand
z:	Turkey
{:	Ukraine
|:	United Arab Emirates
}:	United Kingdom
~:	Uruguay
:	Usa
:	Vietnam
:	Zambia
:	?


Substitution rate (mu): 26.526016

Equilibrium frequencies (pi_i):
  A: 0.0184
  B: 0.0155
  C: 0.0072
  D: 0.0194
  E: 0.0204
  F: 0.0171
  G: 0.008
  H: 0.0193
  I: 0.0017
  J: 0.0195
  K: 0.0102
  L: 0.0053
  M: 0.0198
  N: 0.0175
  O: 0.0201
  P: 0.014
  Q: 0.0195
  R: 0.0138
  S: 0.0176
  T: 0.0081
  U: 0.0059
  V: 0.0187
  W: 0.0199
  X: 0.0179
  Y: 0.0195
  Z: 0.0201
  [: 0.0176
  \: 0.0144
  ]: 0.0067
  ^: 0.0172
  _: 0.0191
  `: 0.019
  a: 0.02
  b: 0.0156
  c: 0.0114
  d: 0.012
  e: 0.0048
  f: 0.0176
  g: 0.0179
  h: 0.0188
  i: 0.0199
  j: 0.0201
  k: 0.0191
  l: 0.0199
  m: 0.0202
  n: 0.0175
  o: 0.0105
  p: 0.0148
  q: 0.0153
  r: 0.0152
  s: 0.0065
  t: 0.0179
  u: 0.02
  v: 0.0159
  w: 0.0161
  x: 0.0129
  y: 0.0118
  z: 0.0202
  {: 0.0194
  |: 0.0188
  }: 0.0093
  ~: 0.0176
  : 0.0044
  : 0.0109
  : 0.0194

Symmetrized rates from j->i (W_ij):
	A	B	C	D	E	F	G	H	I	J	K	L	M	N	O	P	Q	R	S	T	U	V	W	X	Y	Z	[	\	]	^	_	`	a	b	c	d	e	f	g	h	i	j	k	l	m	n	o	p	q	r	s	t	u	v	w	x	y	z	{	|	}	~			
  A	0	0.9662	0.9648	0.9662	0.9659	0.9656	0.9651	0.9662	0.9444	0.9663	0.9647	0.9454	0.9662	0.9663	0.9663	0.9662	0.9662	0.9572	0.9663	0.966	0.9609	0.9662	0.9662	0.9662	0.9653	0.9662	0.9663	0.9629	1.1653	0.9662	0.9662	0.9663	0.9662	0.9662	0.9644	0.9622	0.9601	0.9664	0.9662	0.9663	0.9662	0.9662	0.9663	0.9662	0.9662	0.9663	0.9614	0.9663	0.9663	0.9663	0.9612	0.964	0.9663	0.9662	0.9663	0.9658	0.9609	0.9662	0.9661	0.9663	0.9655	0.9663	1.1875	0.9593	0.9662
  B	0.9662	0	0.9647	0.9661	0.9658	0.9656	0.9651	0.966	1.4881	0.9662	0.9649	0.9475	0.966	0.9662	0.9661	0.9661	0.966	0.9586	0.9661	0.9659	0.9617	0.966	0.9661	0.9661	0.9653	0.9661	0.9661	0.9633	0.9639	0.9661	0.9661	0.9661	0.9661	0.9661	0.9646	0.9626	0.9606	0.9686	0.9661	0.9661	0.9661	0.966	0.9661	0.966	0.966	0.9661	0.9619	0.9661	0.9662	0.9661	0.9615	0.9642	0.9661	0.9661	0.9661	0.9657	0.9616	0.9661	0.966	0.9661	0.9686	0.9661	1.7554	0.9602	0.9661
  C	0.9648	0.9647	0	0.9643	0.9673	0.9654	1.0217	0.9645	0.9596	0.9916	1.0376	2.9352	0.9643	0.9646	0.9644	0.9657	0.9646	0.962	0.9645	0.9655	1.6214	0.9645	0.9642	1.2083	0.9642	0.9642	0.9645	0.9899	1.5113	0.9652	0.9644	0.9644	0.9642	0.9661	0.9647	0.9678	2.5614	1.2041	0.9646	0.9644	0.9642	0.9642	0.9644	0.9642	0.9642	0.9645	2.2053	0.9648	1.0569	0.9653	1.0651	0.9637	1.124	0.965	0.9648	0.9686	0.9634	0.9642	0.9645	0.9644	0.966	0.9645	8.348	0.9663	0.9827
  D	0.9662	0.9661	0.9643	0	0.9658	0.9657	0.9648	0.9661	0.9419	0.9663	0.9645	0.9426	0.9661	0.9666	0.9662	0.9662	0.9661	3.3611	0.9662	0.9658	0.9608	0.9661	0.9661	0.9661	0.9652	0.9661	0.9662	1.4442	0.9632	0.9661	0.9661	0.9661	0.9661	0.9661	0.9642	0.9617	0.9592	0.9663	0.9661	0.9662	0.9661	0.9661	0.9662	0.9661	0.9661	0.9662	0.9609	0.9661	0.9662	0.9662	0.9601	0.9642	0.9662	0.9661	0.9662	0.9655	0.9604	0.9661	0.9661	0.9662	0.9656	0.9662	0.8998	0.9587	0.9662
  E	0.9659	0.9658	0.9673	0.9658	0	0.9867	0.9647	0.9659	0.9408	0.9659	0.9642	0.9989	0.9659	0.9659	1.2228	0.9659	0.9662	0.9565	0.9659	0.9657	0.9605	0.9659	0.9658	0.9663	0.9649	0.9661	0.9659	0.9623	0.9939	0.9661	0.9659	0.9658	0.966	0.966	0.964	3.0726	1.5027	0.9662	0.9659	0.9659	0.9659	0.9658	0.9659	0.9658	0.9658	0.9659	4.357	0.9659	0.9662	0.966	1.0966	0.9634	0.966	0.9658	0.9659	0.9898	0.96	0.9658	0.9659	0.9659	0.9652	0.9659	0.8976	1.131	0.9659
  F	0.9656	0.9656	0.9654	0.9657	0.9867	0	0.9679	0.9655	1.0721	0.9656	0.9645	1.2416	0.9657	0.9666	0.9659	1.6431	0.966	5.5506	0.9656	0.9659	0.9659	1.1127	0.966	0.9661	0.9647	0.9656	0.9656	0.9672	0.9651	0.9658	0.9656	0.9655	0.9655	0.966	1.1445	0.9639	4.6229	0.9662	0.9656	0.9656	0.9655	0.9654	0.9658	0.9655	0.9655	0.9656	3.2775	0.9657	0.9663	0.9659	0.9645	1.0617	0.9658	0.9657	0.9658	0.9657	1.0187	0.9655	0.9658	0.9655	1.238	0.9656	1.2224	0.9623	0.9656
  G	0.9651	0.9651	1.0217	0.9648	0.9647	0.9679	0	0.9648	2.4136	0.9651	0.9656	0.9983	0.9648	0.9654	0.9648	0.9657	0.9648	0.9702	0.965	0.9991	1.4995	1.0134	0.9648	0.965	0.9645	0.9648	0.965	0.9642	0.9678	0.9651	0.9649	0.9649	0.9648	0.9653	0.9892	0.9637	1.0215	0.9654	0.9879	0.9649	0.9648	0.9647	0.965	0.9648	0.9647	0.965	1.3715	0.9652	1.4066	0.9653	1.0112	1.3788	0.9648	0.9652	0.9652	0.9667	1.9328	0.9647	0.9648	1.2345	0.968	0.9683	6.6085	0.9627	0.965
  H	0.9662	0.966	0.9645	0.9661	0.9659	0.9655	0.9648	0	0.9449	0.9662	0.9645	1.3214	0.9661	0.9662	0.9662	0.966	0.9661	0.9567	0.9661	0.9658	0.9606	0.9661	0.9661	0.9662	0.9653	0.9661	0.9661	0.9626	1.1207	0.9661	0.9661	0.9661	0.9661	0.9661	0.9641	1.4438	0.9595	0.9664	0.9661	0.9661	0.9661	0.9661	0.9661	0.9661	0.9661	0.9661	0.9614	0.9661	0.9662	0.9662	1.0974	0.9638	0.9662	0.9661	0.9662	0.9657	0.9605	0.9661	0.966	0.9661	0.9651	0.9661	0.9011	2.4087	0.9661
  I	0.9444	1.4881	0.9596	0.9419	0.9408	1.0721	2.4136	0.9449	0	0.9421	1.4365	2.7281	0.9414	0.945	0.9411	1.263	0.9418	1.1967	0.9443	1.0178	2.8723	0.9429	0.9413	0.9439	0.9418	0.941	0.9442	1.0207	1.8078	0.945	0.9423	0.9427	0.9411	0.9482	3.2333	0.9514	0.9641	0.9519	0.9441	0.9429	0.9413	0.9411	1.389	0.9412	0.9409	0.9443	1.5688	0.9477	0.9474	0.9475	2.9868	1.4834	0.9411	0.9469	0.9465	1.0651	2.382	0.9409	0.9419	0.943	0.9736	0.9448	83.6371	2.254	0.9423
  J	0.9663	0.9662	0.9916	0.9663	0.9659	0.9656	0.9651	0.9662	0.9421	0	1.2164	0.9427	0.9662	0.9663	0.9663	0.9662	0.9662	0.957	0.9663	0.9659	0.9605	0.9662	0.9663	0.9663	0.9653	0.9663	0.9663	1.1015	0.9633	0.9662	0.9663	0.9663	0.9663	0.9662	0.9642	0.9618	0.9596	0.9665	0.9663	0.9663	0.9663	0.9662	0.9663	0.9662	0.9662	0.9663	0.9609	0.9663	0.9663	0.9663	0.9604	0.9639	0.9664	0.9662	0.9664	0.9656	0.9605	0.9663	0.9662	0.9663	0.9653	0.9663	0.9964	0.9588	1.036
  K	0.9647	0.9649	1.0376	0.9645	0.9642	0.9645	0.9656	0.9645	1.4365	1.2164	0	0.9548	0.9644	0.965	0.9644	0.9651	0.9644	0.9607	0.9646	0.9655	0.9836	0.9645	0.9644	0.9646	0.964	0.9644	0.9646	1.2127	0.9646	0.9648	0.9645	0.9645	0.9644	0.9649	1.026	0.9629	0.9628	0.9648	0.9647	1.2317	0.9644	0.9644	0.9646	0.9644	0.9644	0.9647	0.9627	0.9649	0.965	0.965	1.0097	0.9636	0.9645	0.9648	0.965	0.9652	0.9626	0.9644	0.9644	0.9646	1.4474	0.9647	4.4294	0.9616	1.148
  L	0.9454	0.9475	2.9352	0.9426	0.9989	1.2416	0.9983	1.3214	2.7281	0.9427	0.9548	0	0.9425	0.9465	0.943	0.9505	1.1957	0.9596	0.9449	0.9688	13.4089	0.9494	0.9421	1.5822	1.2815	0.9419	0.9449	1.2872	5.5536	2.5205	0.9432	0.9435	0.942	0.9501	0.9543	9.6799	5.1614	1.322	0.9513	0.9435	0.9421	0.9452	0.9432	0.9421	0.9417	0.9449	9.2862	0.9483	1.4672	1.0975	7.9565	0.945	0.9423	1.3527	0.957	4.2624	2.1359	0.9417	1.283	0.9435	1.5505	0.9449	15.7715	12.243	1.1092
  M	0.9662	0.966	0.9643	0.9661	0.9659	0.9657	0.9648	0.9661	0.9414	0.9662	0.9644	0.9425	0	0.9662	0.9662	0.9661	0.9661	0.9565	0.9661	0.9658	0.9603	0.9661	0.9661	0.9662	0.9652	0.9661	0.9661	0.9625	0.9632	0.9661	0.9661	0.9661	0.9661	0.9661	0.9641	0.9617	2.3976	0.9664	0.9661	0.9661	0.9661	0.9661	0.9662	0.9661	0.9661	0.9661	0.9609	0.9661	0.9663	0.9662	0.9601	0.9637	0.9663	0.966	0.9662	0.9655	0.9603	0.9661	0.9661	0.9661	0.9652	0.9661	0.8986	0.9587	0.9661
  N	0.9663	0.9662	0.9646	0.9666	0.9659	0.9666	0.9654	0.9662	0.945	0.9663	0.965	0.9465	0.9662	0	0.9663	0.9666	0.9662	1.6044	0.9662	0.9659	0.9881	0.9664	0.9662	0.9662	0.9654	0.9662	0.9662	0.9637	0.9637	0.9663	0.9662	0.9662	0.9662	0.9663	0.9666	0.9623	0.9618	0.9665	0.9662	0.9663	0.9662	0.9662	0.9663	0.9662	0.9662	0.9662	0.9615	0.9662	0.9663	0.9663	0.9609	1.3852	0.9663	0.9662	0.9663	0.9657	0.9616	0.9663	0.9662	0.9663	0.9981	0.9662	1.3694	0.9597	0.9662
  O	0.9663	0.9661	0.9644	0.9662	1.2228	0.9659	0.9648	0.9662	0.9411	0.9663	0.9644	0.943	0.9662	0.9663	0	0.9661	0.9664	0.9565	0.9662	0.9658	0.9602	0.9662	0.9662	0.9663	0.9653	1.2209	0.9662	0.9625	0.9635	0.9663	0.9662	0.9662	0.9663	0.9662	0.9641	0.9629	0.9873	0.9664	0.9662	0.9663	0.9662	0.9662	0.9663	0.9662	0.9662	0.9662	1.8015	0.9662	0.9663	0.9662	0.96	0.9638	0.9663	0.9661	0.9663	1.0321	0.9603	0.9662	0.9662	0.9662	0.9651	0.9662	0.8977	0.9587	0.9662
  P	0.9662	0.9661	0.9657	0.9662	0.9659	1.6431	0.9657	0.966	1.263	0.9662	0.9651	0.9505	0.9661	0.9666	0.9661	0	0.966	2.3182	0.966	0.966	1.1713	0.9662	0.966	0.9661	0.9653	0.966	0.966	1.1812	0.9644	0.9662	0.9661	0.966	0.966	0.968	0.9855	0.963	1.2876	0.9663	0.9661	0.9661	0.966	0.966	0.9661	0.966	0.966	0.966	0.9661	0.9661	0.9662	0.9662	0.9621	0.9653	0.9661	0.9661	1.3175	0.9659	0.9622	0.966	0.966	0.9661	2.9026	0.9661	2.6884	0.9611	0.9662
  Q	0.9662	0.966	0.9646	0.9661	0.9662	0.966	0.9648	0.9661	0.9418	0.9662	0.9644	1.1957	0.9661	0.9662	0.9664	0.966	0	0.9568	0.9661	0.9658	0.9605	0.9661	0.9661	0.9663	0.9652	0.9662	0.9661	0.9626	0.9635	0.9662	0.9661	0.9661	0.9661	0.9661	0.9641	0.9654	1.611	0.9665	0.9661	0.9662	0.9661	0.9661	0.9662	0.9661	0.9661	0.9661	2.0781	0.9661	0.9663	0.9662	0.9604	0.9637	0.9663	0.9661	0.9662	0.9657	0.9604	0.9661	0.9661	0.9662	0.9652	0.9661	0.8997	0.959	0.9661
  R	0.9572	0.9586	0.962	3.3611	0.9565	5.5506	0.9702	0.9567	1.1967	0.957	0.9607	0.9596	0.9565	1.6044	0.9565	2.3182	0.9568	0	0.9576	0.9623	1.6058	2.0715	0.9564	0.9577	0.956	0.9563	0.9576	4.5648	0.9616	0.9582	0.9569	0.9569	0.9564	0.9591	1.1267	0.9578	6.6286	0.9582	0.9575	0.957	0.9565	0.9563	0.9571	0.9564	0.9564	0.9576	1.0456	0.959	0.9593	0.959	0.9595	7.6046	0.9567	0.9587	0.9586	0.9596	0.9584	0.9564	0.9569	0.957	1.7949	0.9576	1.5557	0.9564	0.9572
  S	0.9663	0.9661	0.9645	0.9662	0.9659	0.9656	0.965	0.9661	0.9443	0.9663	0.9646	0.9449	0.9661	0.9662	0.9662	0.966	0.9661	0.9576	0	0.9658	0.961	0.9661	0.9662	0.9662	0.9653	0.9662	0.9662	0.963	0.9635	0.9661	0.9662	0.9662	0.9662	0.9661	0.9643	0.9622	0.9598	0.9663	0.9662	0.9662	0.9662	0.9661	0.9662	0.9662	0.9661	0.9662	0.962	0.9662	0.9662	0.9662	0.9607	0.964	0.9662	0.9661	0.9662	0.9656	0.961	0.9662	0.9661	0.9662	0.9653	0.9662	1.3591	0.9595	0.9661
  T	0.966	0.9659	0.9655	0.9658	0.9657	0.9659	0.9991	0.9658	1.0178	0.9659	0.9655	0.9688	0.9658	0.9659	0.9658	0.966	0.9658	0.9623	0.9658	0	0.9645	0.9681	0.9658	0.9659	0.9654	0.9658	0.9658	0.9647	0.9652	0.9659	0.9658	0.9658	0.9658	0.966	1.1659	0.9642	1.1228	0.9659	0.9675	0.9659	0.9658	0.9658	1.2242	0.9658	0.9658	0.9658	0.9641	0.9659	1.4939	0.966	0.981	0.9649	0.9658	0.9659	0.966	0.9664	0.9636	0.9658	0.9658	0.9659	0.966	0.9658	6.8197	0.963	0.9659
  U	0.9609	0.9617	1.6214	0.9608	0.9605	0.9659	1.4995	0.9606	2.8723	0.9605	0.9836	13.4089	0.9603	0.9881	0.9602	1.1713	0.9605	1.6058	0.961	0.9645	0	0.9776	0.9602	0.9626	0.9604	0.9601	0.961	1.3282	0.9673	0.9614	0.9606	0.9605	0.9602	2.4528	2.0079	0.9631	4.1622	1.3192	0.9614	0.9606	0.9602	0.9602	0.9608	0.9602	0.9602	0.961	1.0867	0.9619	0.9832	0.9975	0.9677	1.081	0.9612	0.9623	0.9617	1.0161	0.9671	0.9602	0.9612	0.9606	1.1303	0.961	8.9183	2.2796	0.9607
  V	0.9662	0.966	0.9645	0.9661	0.9659	1.1127	1.0134	0.9661	0.9429	0.9662	0.9645	0.9494	0.9661	0.9664	0.9662	0.9662	0.9661	2.0715	0.9661	0.9681	0.9776	0	0.9661	0.9661	0.9652	0.9661	0.9661	0.9629	0.9634	0.9661	0.9661	0.9661	0.9661	0.9661	0.9643	0.962	1.8903	0.9664	0.968	0.9661	0.9661	0.9661	0.9662	0.9661	0.9661	0.9661	0.9614	0.9661	1.0342	0.9662	0.9896	0.9642	0.9662	0.9661	0.9662	0.9655	0.9606	0.9661	0.9661	0.9661	0.9656	0.9661	1.0709	0.9591	0.9661
  W	0.9662	0.9661	0.9642	0.9661	0.9658	0.966	0.9648	0.9661	0.9413	0.9663	0.9644	0.9421	0.9661	0.9662	0.9662	0.966	0.9661	0.9564	0.9662	0.9658	0.9602	0.9661	0	0.9662	0.9652	0.9661	0.9662	0.9625	0.9631	0.9661	0.9662	0.9662	0.9661	0.9661	0.964	0.9617	1.438	0.9664	0.9662	0.9662	0.9662	0.9661	0.9662	0.9661	0.9661	0.9662	0.9608	0.9662	0.9663	0.9662	0.96	0.9637	0.9663	0.9661	0.9662	0.9655	0.9603	0.9662	0.9661	0.9662	0.9651	0.9662	0.8982	0.9586	0.9661
  X	0.9662	0.9661	1.2083	0.9661	0.9663	0.9661	0.965	0.9662	0.9439	0.9663	0.9646	1.5822	0.9662	0.9662	0.9663	0.9661	0.9663	0.9577	0.9662	0.9659	0.9626	0.9661	0.9662	0	0.9654	0.9662	0.9662	0.963	0.9644	0.9663	0.9662	0.9661	0.9662	0.9662	0.9643	1.1138	1.1441	0.9667	0.9662	0.9662	0.9662	0.9661	0.9662	0.9661	0.9661	0.9662	1.3698	0.9662	0.9664	0.9662	0.9615	0.964	0.9663	0.9662	0.9662	0.966	0.961	0.9661	0.9662	0.9662	0.9654	0.9662	1.1423	1.054	0.9662
  Y	0.9653	0.9653	0.9642	0.9652	0.9649	0.9647	0.9645	0.9653	0.9418	0.9653	0.964	1.2815	0.9652	0.9654	0.9653	0.9653	0.9652	0.956	0.9653	0.9654	0.9604	0.9652	0.9652	0.9654	0	0.9652	0.9653	0.9619	0.9634	0.9654	0.9652	0.9653	0.9652	0.9653	0.9635	0.9633	0.9592	0.9656	0.9653	0.9653	0.9652	0.9651	0.9653	0.9652	0.9652	0.9653	0.9609	0.9655	0.9656	0.9655	1.0959	0.9629	0.9653	0.9654	0.9654	0.9652	0.96	0.9652	0.9652	0.9653	0.9647	0.9653	0.9007	0.9594	0.9652
  Z	0.9662	0.9661	0.9642	0.9661	0.9661	0.9656	0.9648	0.9661	0.941	0.9663	0.9644	0.9419	0.9661	0.9662	1.2209	0.966	0.9662	0.9563	0.9662	0.9658	0.9601	0.9661	0.9661	0.9662	0.9652	0	0.9662	0.9624	0.9631	0.9661	0.9662	0.9662	0.9662	0.9661	0.964	0.9618	0.9647	0.9664	0.9662	0.9662	0.9662	0.9661	0.9662	0.9661	0.9661	0.9662	1.1961	0.9662	0.9662	0.9662	0.9599	0.9637	0.9662	0.9661	0.9662	0.9655	0.9602	0.9662	0.9661	0.9662	0.9651	0.9662	0.8975	0.9585	0.9661
  [	0.9663	0.9661	0.9645	0.9662	0.9659	0.9656	0.965	0.9661	0.9442	0.9663	0.9646	0.9449	0.9661	0.9662	0.9662	0.966	0.9661	0.9576	0.9662	0.9658	0.961	0.9661	0.9662	0.9662	0.9653	0.9662	0	0.963	0.9635	0.9661	0.9662	0.9662	0.9662	0.9661	0.9643	0.9622	0.9598	0.9663	0.9662	0.9662	0.9662	0.9661	0.9662	0.9662	0.9661	0.9662	0.9614	0.9666	0.9662	0.9662	0.9607	0.964	0.9662	0.9661	0.9662	0.9656	0.961	0.9662	0.9661	0.9662	0.9653	0.9662	1.3585	0.9595	0.9661
  \	0.9629	0.9633	0.9899	1.4442	0.9623	0.9672	0.9642	0.9626	1.0207	1.1015	1.2127	1.2872	0.9625	0.9637	0.9625	1.1812	0.9626	4.5648	0.963	0.9647	1.3282	0.9629	0.9625	0.963	0.9619	0.9624	0.963	0	0.9634	0.9631	0.9627	0.9627	0.9625	0.9666	0.9632	0.9612	2.9511	0.9633	0.9629	0.9628	0.9625	0.9624	0.9627	0.9625	0.9624	0.963	0.9612	0.9635	0.9637	0.9636	1.1191	1.25	0.9626	0.9633	1.5572	0.9637	0.974	0.9624	0.9626	0.9627	1.0877	0.963	2.315	0.9594	1.1613
  ]	1.1653	0.9639	1.5113	0.9632	0.9939	0.9651	0.9678	1.1207	1.8078	0.9633	0.9646	5.5536	0.9632	0.9637	0.9635	0.9644	0.9635	0.9616	0.9635	0.9652	0.9673	0.9634	0.9631	0.9644	0.9634	0.9631	0.9635	0.9634	0	0.9668	0.9633	1.2501	0.9631	0.9641	0.9754	3.8071	1.7614	0.9644	0.9636	0.9634	0.9631	0.9632	0.9634	0.9631	0.9631	0.9635	3.1074	0.9641	0.9642	0.9695	2.8318	0.9628	0.9632	0.9642	0.9639	1.9105	1.4428	0.9631	1.0202	0.9634	1.5301	0.9635	7.5807	2.3363	0.9635
  ^	0.9662	0.9661	0.9652	0.9661	0.9661	0.9658	0.9651	0.9661	0.945	0.9662	0.9648	2.5205	0.9661	0.9663	0.9663	0.9662	0.9662	0.9582	0.9661	0.9659	0.9614	0.9661	0.9661	0.9663	0.9654	0.9661	0.9661	0.9631	0.9668	0	0.9661	0.9661	0.9661	0.9661	0.9644	1.6126	0.9617	0.9666	0.9661	0.9662	0.9661	0.9661	0.9662	0.9661	0.9661	0.9661	1.6481	0.9662	0.9662	0.9662	0.9612	0.9641	0.9662	0.9661	0.9662	0.9658	0.9613	0.9661	0.9661	0.9662	1.2994	0.9661	1.0981	0.9598	0.9661
  _	0.9662	0.9661	0.9644	0.9661	0.9659	0.9656	0.9649	0.9661	0.9423	0.9663	0.9645	0.9432	0.9661	0.9662	0.9662	0.9661	0.9661	0.9569	0.9662	0.9658	0.9606	0.9661	0.9662	0.9662	0.9652	0.9662	0.9662	0.9627	0.9633	0.9661	0	0.9662	0.9662	0.9662	0.9641	0.9619	1.2899	0.9664	0.9662	0.9662	0.9662	0.9661	0.9662	0.9661	0.9661	0.9662	0.9611	0.9662	0.9663	0.9662	0.9603	0.9638	0.9663	0.9661	0.9662	0.9655	0.9605	0.9662	0.9661	0.9662	0.9652	0.9662	1.0439	0.959	0.9661
  `	0.9663	0.9661	0.9644	0.9661	0.9658	0.9655	0.9649	0.9661	0.9427	0.9663	0.9645	0.9435	0.9661	0.9662	0.9662	0.966	0.9661	0.9569	0.9662	0.9658	0.9605	0.9661	0.9662	0.9661	0.9653	0.9662	0.9662	0.9627	1.2501	0.9661	0.9662	0	0.9662	0.9661	0.9642	0.9619	0.9594	0.9664	0.9662	0.9662	0.9662	0.9661	0.9662	0.9661	0.9661	0.9662	0.9611	0.9662	0.9662	0.9662	0.9604	0.9638	0.9662	0.9661	0.9662	0.9656	0.9606	0.9662	0.9661	0.9662	0.9652	0.9662	1.0915	0.959	0.9661
  a	0.9662	0.9661	0.9642	0.9661	0.966	0.9655	0.9648	0.9661	0.9411	0.9663	0.9644	0.942	0.9661	0.9662	0.9663	0.966	0.9661	0.9564	0.9662	0.9658	0.9602	0.9661	0.9661	0.9662	0.9652	0.9662	0.9662	0.9625	0.9631	0.9661	0.9662	0.9662	0	0.9661	0.964	0.9617	0.9589	0.9664	0.9662	0.9662	0.9662	0.9661	0.9662	0.9661	0.9661	0.9662	1.4412	0.9662	0.9662	0.9662	0.96	0.9637	0.9662	0.9661	0.9662	0.9655	0.9602	0.9662	0.9661	0.9662	0.9651	0.9662	0.8979	0.9585	0.9661
  b	0.9662	0.9661	0.9661	0.9661	0.966	0.966	0.9653	0.9661	0.9482	0.9662	0.9649	0.9501	0.9661	0.9663	0.9662	0.968	0.9661	0.9591	0.9661	0.966	2.4528	0.9661	0.9661	0.9662	0.9653	0.9661	0.9661	0.9666	0.9641	0.9661	0.9662	0.9661	0.9661	0	0.9647	0.9627	2.8817	1.45	0.9661	0.9661	0.9661	0.966	0.9662	0.9661	0.9661	0.9661	0.9624	0.9662	0.9664	1.3538	0.9617	0.9644	0.9664	0.9661	0.9662	0.9659	0.9616	0.9661	0.9661	0.9661	0.966	0.9661	1.9238	1.4456	0.9662
  c	0.9644	0.9646	0.9647	0.9642	0.964	1.1445	0.9892	0.9641	3.2333	0.9642	1.026	0.9543	0.9641	0.9666	0.9641	0.9855	0.9641	1.1267	0.9643	1.1659	2.0079	0.9643	0.964	0.9643	0.9635	0.964	0.9643	0.9632	0.9754	0.9644	0.9641	0.9642	0.964	0.9647	0	0.9626	1.0091	0.9645	0.9643	0.9642	0.964	0.964	1.2393	0.964	0.964	0.9643	1.1565	0.9646	1.0686	0.9647	0.9625	0.9699	0.9641	0.9645	0.9646	0.965	0.9618	0.964	0.9641	0.9642	0.9802	0.9643	3.092	0.961	0.9641
  d	0.9622	0.9626	0.9678	0.9617	3.0726	0.9639	0.9637	1.4438	0.9514	0.9618	0.9629	9.6799	0.9617	0.9623	0.9629	0.963	0.9654	0.9578	0.9622	0.9642	0.9631	0.962	0.9617	1.1138	0.9633	0.9618	0.9622	0.9612	3.8071	1.6126	0.9619	0.9619	0.9617	0.9627	0.9626	0	2.7602	0.9635	0.9622	0.9619	0.9617	1.4065	0.9619	0.9617	0.9616	0.9622	8.4375	0.9628	0.9632	0.9656	3.183	0.9607	0.9618	0.9627	0.9626	1.842	0.9608	0.9616	0.9684	0.9619	0.9646	0.9622	0.9284	0.9994	0.9622
  e	0.9601	0.9606	2.5614	0.9592	1.5027	4.6229	1.0215	0.9595	0.9641	0.9596	0.9628	5.1614	2.3976	0.9618	0.9873	1.2876	1.611	6.6286	0.9598	1.1228	4.1622	1.8903	1.438	1.1441	0.9592	0.9647	0.9598	2.9511	1.7614	0.9617	1.2899	0.9594	0.9589	2.8817	1.0091	2.7602	0	1.3183	1.1736	0.9594	1.439	0.9913	1.4708	1.4382	0.9589	0.9598	9.704	0.9609	2.1525	1.2749	2.5034	0.9612	1.2551	1.441	0.9609	0.9843	1.2399	0.9588	1.4578	0.9594	2.8097	0.9598	15.5167	2.7103	1.5538
  f	0.9664	0.9686	1.2041	0.9663	0.9662	0.9662	0.9654	0.9664	0.9519	0.9665	0.9648	1.322	0.9664	0.9665	0.9664	0.9663	0.9665	0.9582	0.9663	0.9659	1.3192	0.9664	0.9664	0.9667	0.9656	0.9664	0.9663	0.9633	0.9644	0.9666	0.9664	0.9664	0.9664	1.45	0.9645	0.9635	1.3183	0	0.9664	0.9664	0.9664	0.9663	0.9664	0.9664	0.9663	0.9663	0.964	0.9663	0.9668	0.9664	0.9618	0.9643	1.277	0.9664	0.9664	0.9663	0.9614	0.9664	0.9664	0.9664	0.9697	0.9663	1.3563	0.9611	0.9664
  g	0.9662	0.9661	0.9646	0.9661	0.9659	0.9656	0.9879	0.9661	0.9441	0.9663	0.9647	0.9513	0.9661	0.9662	0.9662	0.9661	0.9661	0.9575	0.9662	0.9675	0.9614	0.968	0.9662	0.9662	0.9653	0.9662	0.9662	0.9629	0.9636	0.9661	0.9662	0.9662	0.9662	0.9661	0.9643	0.9622	1.1736	0.9664	0	0.9662	0.9662	0.9661	0.9662	0.9661	0.9661	0.9662	0.9614	0.9662	0.9961	0.9662	1.24	0.964	0.9662	0.9661	0.9662	0.9656	0.9609	0.9662	0.9661	0.9662	0.9653	0.9662	1.3015	0.9595	0.9662
  h	0.9663	0.9661	0.9644	0.9662	0.9659	0.9656	0.9649	0.9661	0.9429	0.9663	1.2317	0.9435	0.9661	0.9663	0.9663	0.9661	0.9662	0.957	0.9662	0.9659	0.9606	0.9661	0.9662	0.9662	0.9653	0.9662	0.9662	0.9628	0.9634	0.9662	0.9662	0.9662	0.9662	0.9661	0.9642	0.9619	0.9594	0.9664	0.9662	0	0.9662	0.9661	0.9662	0.9662	0.9662	0.9662	0.9611	0.9662	0.9663	0.9662	0.9604	0.9639	0.9663	0.9661	0.9662	0.9656	0.9607	0.9662	0.9661	0.9662	0.9654	0.9662	1.1272	0.959	0.9662
  i	0.9662	0.9661	0.9642	0.9661	0.9659	0.9655	0.9648	0.9661	0.9413	0.9663	0.9644	0.9421	0.9661	0.9662	0.9662	0.966	0.9661	0.9565	0.9662	0.9658	0.9602	0.9661	0.9662	0.9662	0.9652	0.9662	0.9662	0.9625	0.9631	0.9661	0.9662	0.9662	0.9662	0.9661	0.964	0.9617	1.439	0.9664	0.9662	0.9662	0	0.9661	0.9662	0.9661	0.9661	0.9662	0.9608	0.9662	0.9663	0.9662	0.96	0.9637	0.9663	0.9661	0.9662	0.9655	0.9603	0.9662	0.9661	0.9662	0.9651	0.9662	0.8982	0.9586	0.9661
  j	0.9662	0.966	0.9642	0.9661	0.9658	0.9654	0.9647	0.9661	0.9411	0.9662	0.9644	0.9452	0.9661	0.9662	0.9662	0.966	0.9661	0.9563	0.9661	0.9658	0.9602	0.9661	0.9661	0.9661	0.9651	0.9661	0.9661	0.9624	0.9632	0.9661	0.9661	0.9661	0.9661	0.966	0.964	1.4065	0.9913	0.9663	0.9661	0.9661	0.9661	0	0.9661	0.9661	0.9661	0.9661	0.9614	0.9661	0.9662	0.9661	0.96	0.9637	0.9662	0.966	0.9662	0.9654	0.9602	0.9661	0.966	0.9661	0.965	0.9661	0.8978	0.9585	0.9661
  k	0.9663	0.9661	0.9644	0.9662	0.9659	0.9658	0.965	0.9661	1.389	0.9663	0.9646	0.9432	0.9662	0.9663	0.9663	0.9661	0.9662	0.9571	0.9662	1.2242	0.9608	0.9662	0.9662	0.9662	0.9653	0.9662	0.9662	0.9627	0.9634	0.9662	0.9662	0.9662	0.9662	0.9662	1.2393	0.9619	1.4708	0.9664	0.9662	0.9662	0.9662	0.9661	0	0.9662	0.9662	0.9662	0.9613	0.9662	1.1001	0.9662	0.9604	0.9639	0.9663	0.9661	0.9662	0.9656	0.9606	0.9662	0.9661	0.9662	0.9652	0.9662	0.9625	0.9592	0.9662
  l	0.9662	0.966	0.9642	0.9661	0.9658	0.9655	0.9648	0.9661	0.9412	0.9662	0.9644	0.9421	0.9661	0.9662	0.9662	0.966	0.9661	0.9564	0.9662	0.9658	0.9602	0.9661	0.9661	0.9661	0.9652	0.9661	0.9662	0.9625	0.9631	0.9661	0.9661	0.9661	0.9661	0.9661	0.964	0.9617	1.4382	0.9664	0.9661	0.9662	0.9661	0.9661	0.9662	0	0.9661	0.9662	0.9607	0.9661	0.9662	0.9662	0.96	0.9637	0.9662	0.9661	0.9662	0.9655	0.9603	0.9661	0.9661	0.9662	0.9651	0.9662	0.8983	0.9586	0.9661
  m	0.9662	0.966	0.9642	0.9661	0.9658	0.9655	0.9647	0.9661	0.9409	0.9662	0.9644	0.9417	0.9661	0.9662	0.9662	0.966	0.9661	0.9564	0.9661	0.9658	0.9602	0.9661	0.9661	0.9661	0.9652	0.9661	0.9661	0.9624	0.9631	0.9661	0.9661	0.9661	0.9661	0.9661	0.964	0.9616	0.9589	0.9663	0.9661	0.9662	0.9661	0.9661	0.9662	0.9661	0	0.9661	0.9606	0.9661	0.9662	0.9662	0.9599	0.9637	0.9662	0.9661	0.9662	0.9654	0.9602	0.9661	0.966	0.9662	1.4508	0.9661	0.9007	0.9584	0.9661
  n	0.9663	0.9661	0.9645	0.9662	0.9659	0.9656	0.965	0.9661	0.9443	0.9663	0.9647	0.9449	0.9661	0.9662	0.9662	0.966	0.9661	0.9576	0.9662	0.9658	0.961	0.9661	0.9662	0.9662	0.9653	0.9662	0.9662	0.963	0.9635	0.9661	0.9662	0.9662	0.9662	0.9661	0.9643	0.9622	0.9598	0.9663	0.9662	0.9662	0.9662	0.9661	0.9662	0.9662	0.9661	0	0.9614	0.9662	0.9662	0.9662	0.9607	0.964	0.9662	0.9661	0.9662	0.9656	0.961	0.9662	0.9661	0.9662	0.9653	0.9662	1.3598	0.9595	0.9661
  o	0.9614	0.9619	2.2053	0.9609	4.357	3.2775	1.3715	0.9614	1.5688	0.9609	0.9627	9.2862	0.9609	0.9615	1.8015	0.9661	2.0781	1.0456	0.962	0.9641	1.0867	0.9614	0.9608	1.3698	0.9609	1.1961	0.9614	0.9612	3.1074	1.6481	0.9611	0.9611	1.4412	0.9624	1.1565	8.4375	9.704	0.964	0.9614	0.9611	0.9608	0.9614	0.9613	0.9607	0.9606	0.9614	0	0.9621	1.0167	0.9666	1.3164	0.9635	0.9613	0.9621	0.9619	2.0234	0.9607	0.9606	1.0284	0.9611	1.0134	0.9614	1.9347	1.4999	0.9614
  p	0.9663	0.9661	0.9648	0.9661	0.9659	0.9657	0.9652	0.9661	0.9477	0.9663	0.9649	0.9483	0.9661	0.9662	0.9662	0.9661	0.9661	0.959	0.9662	0.9659	0.9619	0.9661	0.9662	0.9662	0.9655	0.9662	0.9666	0.9635	0.9641	0.9662	0.9662	0.9662	0.9662	0.9662	0.9646	0.9628	0.9609	0.9663	0.9662	0.9662	0.9662	0.9661	0.9662	0.9661	0.9661	0.9662	0.9621	0	0.9662	0.9662	0.9616	0.9644	0.9662	1.795	0.9662	0.9659	0.9618	0.9662	0.9661	0.9662	0.9655	0.9662	2.1772	0.9605	0.9662
  q	0.9663	0.9662	1.0569	0.9662	0.9662	0.9663	1.4066	0.9662	0.9474	0.9663	0.965	1.4672	0.9663	0.9663	0.9663	0.9662	0.9663	0.9593	0.9662	1.4939	0.9832	1.0342	0.9663	0.9664	0.9656	0.9662	0.9662	0.9637	0.9642	0.9662	0.9663	0.9662	0.9662	0.9664	1.0686	0.9632	2.1525	0.9668	0.9961	0.9663	0.9663	0.9662	1.1001	0.9662	0.9662	0.9662	1.0167	0.9662	0	0.9664	1.0435	0.9644	0.9664	0.9662	0.9663	0.9659	0.9619	0.9662	0.9663	0.9663	0.9658	0.9662	1.8597	0.9607	0.9663
  r	0.9663	0.9661	0.9653	0.9662	0.966	0.9659	0.9653	0.9662	0.9475	0.9663	0.965	1.0975	0.9662	0.9663	0.9662	0.9662	0.9662	0.959	0.9662	0.966	0.9975	0.9662	0.9662	0.9662	0.9655	0.9662	0.9662	0.9636	0.9695	0.9662	0.9662	0.9662	0.9662	1.3538	0.9647	0.9656	1.2749	0.9664	0.9662	0.9662	0.9662	0.9661	0.9662	0.9662	0.9662	0.9662	0.9666	0.9662	0.9664	0	0.9641	0.9644	0.9663	0.9662	0.9663	0.9659	0.9618	0.9662	0.9662	0.9662	0.9656	0.9662	1.9926	0.9628	0.9662
  s	0.9612	0.9615	1.0651	0.9601	1.0966	0.9645	1.0112	1.0974	2.9868	0.9604	1.0097	7.9565	0.9601	0.9609	0.96	0.9621	0.9604	0.9595	0.9607	0.981	0.9677	0.9896	0.96	0.9615	1.0959	0.9599	0.9607	1.1191	2.8318	0.9612	0.9603	0.9604	0.96	0.9617	0.9625	3.183	2.5034	0.9618	1.24	0.9604	0.96	0.96	0.9604	0.96	0.9599	0.9607	1.3164	0.9616	1.0435	0.9641	0	0.96	0.9601	0.9618	0.9614	1.9342	1.5477	0.9599	0.9608	0.9604	0.9641	0.9607	8.7262	2.5217	1.1712
  t	0.964	0.9642	0.9637	0.9642	0.9634	1.0617	1.3788	0.9638	1.4834	0.9639	0.9636	0.945	0.9637	1.3852	0.9638	0.9653	0.9637	7.6046	0.964	0.9649	1.081	0.9642	0.9637	0.964	0.9629	0.9637	0.964	1.25	0.9628	0.9641	0.9638	0.9638	0.9637	0.9644	0.9699	0.9607	0.9612	0.9643	0.964	0.9639	0.9637	0.9637	0.9639	0.9637	0.9637	0.964	0.9635	0.9644	0.9644	0.9644	0.96	0	0.9638	0.9642	0.9643	0.964	0.9598	0.9637	0.9637	0.9639	1.0268	0.964	0.9336	0.9582	0.9638
  u	0.9663	0.9661	1.124	0.9662	0.966	0.9658	0.9648	0.9662	0.9411	0.9664	0.9645	0.9423	0.9663	0.9663	0.9663	0.9661	0.9663	0.9567	0.9662	0.9658	0.9612	0.9662	0.9663	0.9663	0.9653	0.9662	0.9662	0.9626	0.9632	0.9662	0.9663	0.9662	0.9662	0.9664	0.9641	0.9618	1.2551	1.277	0.9662	0.9663	0.9663	0.9662	0.9663	0.9662	0.9662	0.9662	0.9613	0.9662	0.9664	0.9663	0.9601	0.9638	0	0.9662	0.9663	0.9655	0.9603	0.9662	0.9662	0.9663	0.9652	0.9662	0.8987	0.9588	0.9662
  v	0.9662	0.9661	0.965	0.9661	0.9658	0.9657	0.9652	0.9661	0.9469	0.9662	0.9648	1.3527	0.966	0.9662	0.9661	0.9661	0.9661	0.9587	0.9661	0.9659	0.9623	0.9661	0.9661	0.9662	0.9654	0.9661	0.9661	0.9633	0.9642	0.9661	0.9661	0.9661	0.9661	0.9661	0.9645	0.9627	1.441	0.9664	0.9661	0.9661	0.9661	0.966	0.9661	0.9661	0.9661	0.9661	0.9621	1.795	0.9662	0.9662	0.9618	0.9642	0.9662	0	0.9662	0.9659	0.9616	0.9661	0.9661	0.9661	0.9655	0.9661	1.6986	0.9604	0.9661
  w	0.9663	0.9661	0.9648	0.9662	0.9659	0.9658	0.9652	0.9662	0.9465	0.9664	0.965	0.957	0.9662	0.9663	0.9663	1.3175	0.9662	0.9586	0.9662	0.966	0.9617	0.9662	0.9662	0.9662	0.9654	0.9662	0.9662	1.5572	0.9639	0.9662	0.9662	0.9662	0.9662	0.9662	0.9646	0.9626	0.9609	0.9664	0.9662	0.9662	0.9662	0.9662	0.9662	0.9662	0.9662	0.9662	0.9619	0.9662	0.9663	0.9663	0.9614	0.9643	0.9663	0.9662	0	0.9658	0.9615	0.9662	0.9661	0.9662	1.2711	0.9662	1.8051	0.9601	0.9663
  x	0.9658	0.9657	0.9686	0.9655	0.9898	0.9657	0.9667	0.9657	1.0651	0.9656	0.9652	4.2624	0.9655	0.9657	1.0321	0.9659	0.9657	0.9596	0.9656	0.9664	1.0161	0.9655	0.9655	0.966	0.9652	0.9655	0.9656	0.9637	1.9105	0.9658	0.9655	0.9656	0.9655	0.9659	0.965	1.842	0.9843	0.9663	0.9656	0.9656	0.9655	0.9654	0.9656	0.9655	0.9654	0.9656	2.0234	0.9659	0.9659	0.9659	1.9342	0.964	0.9655	0.9659	0.9658	0	0.9626	0.9655	0.9656	0.9656	0.966	0.9656	1.9829	1.3256	0.9656
  y	0.9609	0.9616	0.9634	0.9604	0.96	1.0187	1.9328	0.9605	2.382	0.9605	0.9626	2.1359	0.9603	0.9616	0.9603	0.9622	0.9604	0.9584	0.961	0.9636	0.9671	0.9606	0.9603	0.961	0.96	0.9602	0.961	0.974	1.4428	0.9613	0.9605	0.9606	0.9602	0.9616	0.9618	0.9608	1.2399	0.9614	0.9609	0.9607	0.9603	0.9602	0.9606	0.9603	0.9602	0.961	0.9607	0.9618	0.9619	0.9618	1.5477	0.9598	0.9603	0.9616	0.9615	0.9626	0	0.9602	0.9605	0.9607	1.9309	0.961	2.8571	0.9594	0.9606
  z	0.9662	0.9661	0.9642	0.9661	0.9658	0.9655	0.9647	0.9661	0.9409	0.9663	0.9644	0.9417	0.9661	0.9663	0.9662	0.966	0.9661	0.9564	0.9662	0.9658	0.9602	0.9661	0.9662	0.9661	0.9652	0.9662	0.9662	0.9624	0.9631	0.9661	0.9662	0.9662	0.9662	0.9661	0.964	0.9616	0.9588	0.9664	0.9662	0.9662	0.9662	0.9661	0.9662	0.9661	0.9661	0.9662	0.9606	0.9662	0.9662	0.9662	0.9599	0.9637	0.9662	0.9661	0.9662	0.9655	0.9602	0	0.9661	0.9662	1.4476	0.9662	0.8973	0.9584	0.9661
  {	0.9661	0.966	0.9645	0.9661	0.9659	0.9658	0.9648	0.966	0.9419	0.9662	0.9644	1.283	0.9661	0.9662	0.9662	0.966	0.9661	0.9569	0.9661	0.9658	0.9612	0.9661	0.9661	0.9662	0.9652	0.9661	0.9661	0.9626	1.0202	0.9661	0.9661	0.9661	0.9661	0.9661	0.9641	0.9684	1.4578	0.9664	0.9661	0.9661	0.9661	0.966	0.9661	0.9661	0.966	0.9661	1.0284	0.9661	0.9663	0.9662	0.9608	0.9637	0.9662	0.9661	0.9661	0.9656	0.9605	0.9661	0	0.9661	0.9656	0.9661	0.902	0.9595	0.9661
  |	0.9663	0.9661	0.9644	0.9662	0.9659	0.9655	1.2345	0.9661	0.943	0.9663	0.9646	0.9435	0.9661	0.9663	0.9662	0.9661	0.9662	0.957	0.9662	0.9659	0.9606	0.9661	0.9662	0.9662	0.9653	0.9662	0.9662	0.9627	0.9634	0.9662	0.9662	0.9662	0.9662	0.9661	0.9642	0.9619	0.9594	0.9664	0.9662	0.9662	0.9662	0.9661	0.9662	0.9662	0.9662	0.9662	0.9611	0.9662	0.9663	0.9662	0.9604	0.9639	0.9663	0.9661	0.9662	0.9656	0.9607	0.9662	0.9661	0	0.9652	0.9662	1.1266	0.959	0.9661
  }	0.9655	0.9686	0.966	0.9656	0.9652	1.238	0.968	0.9651	0.9736	0.9653	1.4474	1.5505	0.9652	0.9981	0.9651	2.9026	0.9652	1.7949	0.9653	0.966	1.1303	0.9656	0.9651	0.9654	0.9647	0.9651	0.9653	1.0877	1.5301	1.2994	0.9652	0.9652	0.9651	0.966	0.9802	0.9646	2.8097	0.9697	0.9653	0.9654	0.9651	0.965	0.9652	0.9651	1.4508	0.9653	1.0134	0.9655	0.9658	0.9656	0.9641	1.0268	0.9652	0.9655	1.2711	0.966	1.9309	1.4476	0.9656	0.9652	0	0.9653	5.2079	0.9632	0.9653
  ~	0.9663	0.9661	0.9645	0.9662	0.9659	0.9656	0.9683	0.9661	0.9448	0.9663	0.9647	0.9449	0.9661	0.9662	0.9662	0.9661	0.9661	0.9576	0.9662	0.9658	0.961	0.9661	0.9662	0.9662	0.9653	0.9662	0.9662	0.963	0.9635	0.9661	0.9662	0.9662	0.9662	0.9661	0.9643	0.9622	0.9598	0.9663	0.9662	0.9662	0.9662	0.9661	0.9662	0.9662	0.9661	0.9662	0.9614	0.9662	0.9662	0.9662	0.9607	0.964	0.9662	0.9661	0.9662	0.9656	0.961	0.9662	0.9661	0.9662	0.9653	0	1.3578	0.9595	0.9661
  	1.1875	1.7554	8.348	0.8998	0.8976	1.2224	6.6085	0.9011	83.6371	0.9964	4.4294	15.7715	0.8986	1.3694	0.8977	2.6884	0.8997	1.5557	1.3591	6.8197	8.9183	1.0709	0.8982	1.1423	0.9007	0.8975	1.3585	2.315	7.5807	1.0981	1.0439	1.0915	0.8979	1.9238	3.092	0.9284	15.5167	1.3563	1.3015	1.1272	0.8982	0.8978	0.9625	0.8983	0.9007	1.3598	1.9347	2.1772	1.8597	1.9926	8.7262	0.9336	0.8987	1.6986	1.8051	1.9829	2.8571	0.8973	0.902	1.1266	5.2079	1.3578	0	1.6625	0.9666
  	0.9593	0.9602	0.9663	0.9587	1.131	0.9623	0.9627	2.4087	2.254	0.9588	0.9616	12.243	0.9587	0.9597	0.9587	0.9611	0.959	0.9564	0.9595	0.963	2.2796	0.9591	0.9586	1.054	0.9594	0.9585	0.9595	0.9594	2.3363	0.9598	0.959	0.959	0.9585	1.4456	0.961	0.9994	2.7103	0.9611	0.9595	0.959	0.9586	0.9585	0.9592	0.9586	0.9584	0.9595	1.4999	0.9605	0.9607	0.9628	2.5217	0.9582	0.9588	0.9604	0.9601	1.3256	0.9594	0.9584	0.9595	0.959	0.9632	0.9595	1.6625	0	0.9592
  	0.9662	0.9661	0.9827	0.9662	0.9659	0.9656	0.965	0.9661	0.9423	1.036	1.148	1.1092	0.9661	0.9662	0.9662	0.9662	0.9661	0.9572	0.9661	0.9659	0.9607	0.9661	0.9661	0.9662	0.9652	0.9661	0.9661	1.1613	0.9635	0.9661	0.9661	0.9661	0.9661	0.9662	0.9641	0.9622	1.5538	0.9664	0.9662	0.9662	0.9661	0.9661	0.9662	0.9661	0.9661	0.9661	0.9614	0.9662	0.9663	0.9662	1.1712	0.9638	0.9662	0.9661	0.9663	0.9656	0.9606	0.9661	0.9661	0.9661	0.9653	0.9661	0.9666	0.9592	0

Actual rates from j->i (Q_ij):
	A	B	C	D	E	F	G	H	I	J	K	L	M	N	O	P	Q	R	S	T	U	V	W	X	Y	Z	[	\	]	^	_	`	a	b	c	d	e	f	g	h	i	j	k	l	m	n	o	p	q	r	s	t	u	v	w	x	y	z	{	|	}	~			
  A	0	0.0178	0.0178	0.0178	0.0178	0.0178	0.0178	0.0178	0.0174	0.0178	0.0178	0.0174	0.0178	0.0178	0.0178	0.0178	0.0178	0.0176	0.0178	0.0178	0.0177	0.0178	0.0178	0.0178	0.0178	0.0178	0.0178	0.0177	0.0215	0.0178	0.0178	0.0178	0.0178	0.0178	0.0178	0.0177	0.0177	0.0178	0.0178	0.0178	0.0178	0.0178	0.0178	0.0178	0.0178	0.0178	0.0177	0.0178	0.0178	0.0178	0.0177	0.0178	0.0178	0.0178	0.0178	0.0178	0.0177	0.0178	0.0178	0.0178	0.0178	0.0178	0.0219	0.0177	0.0178
  B	0.0149	0	0.0149	0.0149	0.0149	0.0149	0.0149	0.0149	0.023	0.0149	0.0149	0.0147	0.0149	0.0149	0.0149	0.0149	0.0149	0.0148	0.0149	0.0149	0.0149	0.0149	0.0149	0.0149	0.0149	0.0149	0.0149	0.0149	0.0149	0.0149	0.0149	0.0149	0.0149	0.0149	0.0149	0.0149	0.0149	0.015	0.0149	0.0149	0.0149	0.0149	0.0149	0.0149	0.0149	0.0149	0.0149	0.0149	0.0149	0.0149	0.0149	0.0149	0.0149	0.0149	0.0149	0.0149	0.0149	0.0149	0.0149	0.0149	0.015	0.0149	0.0271	0.0149	0.0149
  C	0.007	0.007	0	0.007	0.007	0.007	0.0074	0.007	0.007	0.0072	0.0075	0.0213	0.007	0.007	0.007	0.007	0.007	0.007	0.007	0.007	0.0117	0.007	0.007	0.0088	0.007	0.007	0.007	0.0072	0.0109	0.007	0.007	0.007	0.007	0.007	0.007	0.007	0.0186	0.0087	0.007	0.007	0.007	0.007	0.007	0.007	0.007	0.007	0.016	0.007	0.0077	0.007	0.0077	0.007	0.0081	0.007	0.007	0.007	0.007	0.007	0.007	0.007	0.007	0.007	0.0605	0.007	0.0071
  D	0.0188	0.0188	0.0188	0	0.0188	0.0188	0.0188	0.0188	0.0183	0.0188	0.0188	0.0183	0.0188	0.0188	0.0188	0.0188	0.0188	0.0654	0.0188	0.0188	0.0187	0.0188	0.0188	0.0188	0.0188	0.0188	0.0188	0.0281	0.0187	0.0188	0.0188	0.0188	0.0188	0.0188	0.0188	0.0187	0.0187	0.0188	0.0188	0.0188	0.0188	0.0188	0.0188	0.0188	0.0188	0.0188	0.0187	0.0188	0.0188	0.0188	0.0187	0.0188	0.0188	0.0188	0.0188	0.0188	0.0187	0.0188	0.0188	0.0188	0.0188	0.0188	0.0175	0.0186	0.0188
  E	0.0197	0.0197	0.0197	0.0197	0	0.0201	0.0196	0.0197	0.0192	0.0197	0.0196	0.0203	0.0197	0.0197	0.0249	0.0197	0.0197	0.0195	0.0197	0.0197	0.0196	0.0197	0.0197	0.0197	0.0196	0.0197	0.0197	0.0196	0.0202	0.0197	0.0197	0.0197	0.0197	0.0197	0.0196	0.0626	0.0306	0.0197	0.0197	0.0197	0.0197	0.0197	0.0197	0.0197	0.0197	0.0197	0.0887	0.0197	0.0197	0.0197	0.0223	0.0196	0.0197	0.0197	0.0197	0.0202	0.0196	0.0197	0.0197	0.0197	0.0197	0.0197	0.0183	0.023	0.0197
  F	0.0165	0.0165	0.0165	0.0165	0.0169	0	0.0166	0.0165	0.0184	0.0165	0.0165	0.0213	0.0165	0.0166	0.0166	0.0282	0.0166	0.0951	0.0165	0.0166	0.0166	0.0191	0.0166	0.0166	0.0165	0.0165	0.0165	0.0166	0.0165	0.0165	0.0165	0.0165	0.0165	0.0166	0.0196	0.0165	0.0792	0.0166	0.0165	0.0165	0.0165	0.0165	0.0165	0.0165	0.0165	0.0165	0.0562	0.0165	0.0166	0.0166	0.0165	0.0182	0.0165	0.0165	0.0165	0.0165	0.0175	0.0165	0.0166	0.0165	0.0212	0.0165	0.0209	0.0165	0.0165
  G	0.0077	0.0077	0.0082	0.0077	0.0077	0.0078	0	0.0077	0.0194	0.0077	0.0078	0.008	0.0077	0.0078	0.0077	0.0078	0.0077	0.0078	0.0077	0.008	0.012	0.0081	0.0077	0.0077	0.0077	0.0077	0.0077	0.0077	0.0078	0.0077	0.0077	0.0077	0.0077	0.0078	0.0079	0.0077	0.0082	0.0078	0.0079	0.0077	0.0077	0.0077	0.0077	0.0077	0.0077	0.0077	0.011	0.0078	0.0113	0.0078	0.0081	0.0111	0.0077	0.0077	0.0077	0.0078	0.0155	0.0077	0.0077	0.0099	0.0078	0.0078	0.0531	0.0077	0.0077
  H	0.0186	0.0186	0.0186	0.0186	0.0186	0.0186	0.0186	0	0.0182	0.0186	0.0186	0.0255	0.0186	0.0186	0.0186	0.0186	0.0186	0.0185	0.0186	0.0186	0.0185	0.0186	0.0186	0.0186	0.0186	0.0186	0.0186	0.0186	0.0216	0.0186	0.0186	0.0186	0.0186	0.0186	0.0186	0.0279	0.0185	0.0186	0.0186	0.0186	0.0186	0.0186	0.0186	0.0186	0.0186	0.0186	0.0186	0.0186	0.0186	0.0186	0.0212	0.0186	0.0186	0.0186	0.0186	0.0186	0.0185	0.0186	0.0186	0.0186	0.0186	0.0186	0.0174	0.0465	0.0186
  I	0.0016	0.0025	0.0016	0.0016	0.0016	0.0018	0.0041	0.0016	0	0.0016	0.0024	0.0046	0.0016	0.0016	0.0016	0.0021	0.0016	0.002	0.0016	0.0017	0.0049	0.0016	0.0016	0.0016	0.0016	0.0016	0.0016	0.0017	0.0031	0.0016	0.0016	0.0016	0.0016	0.0016	0.0055	0.0016	0.0016	0.0016	0.0016	0.0016	0.0016	0.0016	0.0024	0.0016	0.0016	0.0016	0.0027	0.0016	0.0016	0.0016	0.0051	0.0025	0.0016	0.0016	0.0016	0.0018	0.004	0.0016	0.0016	0.0016	0.0017	0.0016	0.1422	0.0038	0.0016
  J	0.0189	0.0189	0.0194	0.0189	0.0189	0.0189	0.0188	0.0189	0.0184	0	0.0237	0.0184	0.0189	0.0189	0.0189	0.0189	0.0189	0.0187	0.0189	0.0189	0.0188	0.0189	0.0189	0.0189	0.0188	0.0189	0.0189	0.0215	0.0188	0.0189	0.0189	0.0189	0.0189	0.0189	0.0188	0.0188	0.0187	0.0189	0.0189	0.0189	0.0189	0.0189	0.0189	0.0189	0.0189	0.0189	0.0188	0.0189	0.0189	0.0189	0.0187	0.0188	0.0189	0.0189	0.0189	0.0189	0.0188	0.0189	0.0189	0.0189	0.0188	0.0189	0.0195	0.0187	0.0202
  K	0.0098	0.0098	0.0105	0.0098	0.0098	0.0098	0.0098	0.0098	0.0146	0.0124	0	0.0097	0.0098	0.0098	0.0098	0.0098	0.0098	0.0098	0.0098	0.0098	0.01	0.0098	0.0098	0.0098	0.0098	0.0098	0.0098	0.0123	0.0098	0.0098	0.0098	0.0098	0.0098	0.0098	0.0104	0.0098	0.0098	0.0098	0.0098	0.0125	0.0098	0.0098	0.0098	0.0098	0.0098	0.0098	0.0098	0.0098	0.0098	0.0098	0.0103	0.0098	0.0098	0.0098	0.0098	0.0098	0.0098	0.0098	0.0098	0.0098	0.0147	0.0098	0.045	0.0098	0.0117
  L	0.0051	0.0051	0.0157	0.005	0.0053	0.0066	0.0053	0.0071	0.0146	0.005	0.0051	0	0.005	0.0051	0.005	0.0051	0.0064	0.0051	0.0051	0.0052	0.0717	0.0051	0.005	0.0085	0.0069	0.005	0.0051	0.0069	0.0297	0.0135	0.005	0.005	0.005	0.0051	0.0051	0.0518	0.0276	0.0071	0.0051	0.005	0.005	0.0051	0.005	0.005	0.005	0.0051	0.0497	0.0051	0.0078	0.0059	0.0425	0.0051	0.005	0.0072	0.0051	0.0228	0.0114	0.005	0.0069	0.005	0.0083	0.0051	0.0843	0.0655	0.0059
  M	0.0191	0.0191	0.0191	0.0191	0.0191	0.0191	0.0191	0.0191	0.0187	0.0191	0.0191	0.0187	0	0.0191	0.0191	0.0191	0.0191	0.019	0.0191	0.0191	0.019	0.0191	0.0191	0.0191	0.0191	0.0191	0.0191	0.0191	0.0191	0.0191	0.0191	0.0191	0.0191	0.0191	0.0191	0.0191	0.0475	0.0192	0.0191	0.0191	0.0191	0.0191	0.0191	0.0191	0.0191	0.0191	0.019	0.0191	0.0191	0.0191	0.019	0.0191	0.0191	0.0191	0.0191	0.0191	0.019	0.0191	0.0191	0.0191	0.0191	0.0191	0.0178	0.019	0.0191
  N	0.0169	0.0169	0.0169	0.0169	0.0169	0.0169	0.0169	0.0169	0.0165	0.0169	0.0169	0.0166	0.0169	0	0.0169	0.0169	0.0169	0.0281	0.0169	0.0169	0.0173	0.0169	0.0169	0.0169	0.0169	0.0169	0.0169	0.0169	0.0169	0.0169	0.0169	0.0169	0.0169	0.0169	0.0169	0.0168	0.0168	0.0169	0.0169	0.0169	0.0169	0.0169	0.0169	0.0169	0.0169	0.0169	0.0168	0.0169	0.0169	0.0169	0.0168	0.0242	0.0169	0.0169	0.0169	0.0169	0.0168	0.0169	0.0169	0.0169	0.0175	0.0169	0.024	0.0168	0.0169
  O	0.0194	0.0194	0.0194	0.0194	0.0246	0.0194	0.0194	0.0194	0.0189	0.0194	0.0194	0.0189	0.0194	0.0194	0	0.0194	0.0194	0.0192	0.0194	0.0194	0.0193	0.0194	0.0194	0.0194	0.0194	0.0245	0.0194	0.0193	0.0194	0.0194	0.0194	0.0194	0.0194	0.0194	0.0194	0.0193	0.0198	0.0194	0.0194	0.0194	0.0194	0.0194	0.0194	0.0194	0.0194	0.0194	0.0362	0.0194	0.0194	0.0194	0.0193	0.0194	0.0194	0.0194	0.0194	0.0207	0.0193	0.0194	0.0194	0.0194	0.0194	0.0194	0.018	0.0193	0.0194
  P	0.0135	0.0135	0.0135	0.0135	0.0135	0.0229	0.0135	0.0135	0.0176	0.0135	0.0135	0.0133	0.0135	0.0135	0.0135	0	0.0135	0.0324	0.0135	0.0135	0.0164	0.0135	0.0135	0.0135	0.0135	0.0135	0.0135	0.0165	0.0135	0.0135	0.0135	0.0135	0.0135	0.0135	0.0138	0.0134	0.018	0.0135	0.0135	0.0135	0.0135	0.0135	0.0135	0.0135	0.0135	0.0135	0.0135	0.0135	0.0135	0.0135	0.0134	0.0135	0.0135	0.0135	0.0184	0.0135	0.0134	0.0135	0.0135	0.0135	0.0405	0.0135	0.0375	0.0134	0.0135
  Q	0.0189	0.0189	0.0188	0.0189	0.0189	0.0189	0.0188	0.0189	0.0184	0.0189	0.0188	0.0234	0.0189	0.0189	0.0189	0.0189	0	0.0187	0.0189	0.0189	0.0188	0.0189	0.0189	0.0189	0.0189	0.0189	0.0189	0.0188	0.0188	0.0189	0.0189	0.0189	0.0189	0.0189	0.0188	0.0189	0.0315	0.0189	0.0189	0.0189	0.0189	0.0189	0.0189	0.0189	0.0189	0.0189	0.0406	0.0189	0.0189	0.0189	0.0188	0.0188	0.0189	0.0189	0.0189	0.0189	0.0188	0.0189	0.0189	0.0189	0.0189	0.0189	0.0176	0.0187	0.0189
  R	0.0132	0.0132	0.0133	0.0464	0.0132	0.0767	0.0134	0.0132	0.0165	0.0132	0.0133	0.0133	0.0132	0.0222	0.0132	0.032	0.0132	0	0.0132	0.0133	0.0222	0.0286	0.0132	0.0132	0.0132	0.0132	0.0132	0.0631	0.0133	0.0132	0.0132	0.0132	0.0132	0.0133	0.0156	0.0132	0.0916	0.0132	0.0132	0.0132	0.0132	0.0132	0.0132	0.0132	0.0132	0.0132	0.0144	0.0133	0.0133	0.0133	0.0133	0.1051	0.0132	0.0132	0.0132	0.0133	0.0132	0.0132	0.0132	0.0132	0.0248	0.0132	0.0215	0.0132	0.0132
  S	0.017	0.017	0.0169	0.017	0.017	0.0169	0.0169	0.017	0.0166	0.017	0.0169	0.0166	0.017	0.017	0.017	0.017	0.017	0.0168	0	0.017	0.0169	0.017	0.017	0.017	0.0169	0.017	0.017	0.0169	0.0169	0.017	0.017	0.017	0.017	0.017	0.0169	0.0169	0.0168	0.017	0.017	0.017	0.017	0.017	0.017	0.017	0.017	0.017	0.0169	0.017	0.017	0.017	0.0169	0.0169	0.017	0.017	0.017	0.0169	0.0169	0.017	0.017	0.017	0.0169	0.017	0.0239	0.0168	0.017
