Map from character to field name
A:	Algeria
B:	Argentina
C:	Australia
D:	Austria
E:	Bangladesh
F:	Belgium
G:	Brazil
H:	Cambodia
I:	Canada
J:	Chad
K:	Chile
L:	China
M:	Czech Republic
N:	Denmark
O:	Egypt
P:	France
Q:	Georgia
R:	Germany
S:	Guam
T:	Guatemala
U:	Hong Kong
V:	Hungary
W:	Iceland
X:	India
Y:	Indonesia
Z:	Iran
[:	Ireland
\:	Italy
]:	Japan
^:	Kazakhstan
_:	Kuwait
`:	Laos
a:	Luxembourg
b:	Malaysia
c:	Mexico
d:	Mongolia
e:	Netherlands
f:	New Zealand
g:	Nicaragua
h:	Nigeria
i:	Norway
j:	Pakistan
k:	Peru
l:	Philippines
m:	Poland
n:	Romania
o:	Russia
p:	Saudi Arabia
q:	Singapore
r:	South Africa
s:	South Korea
t:	Spain
u:	Sri Lanka
v:	Sweden
w:	Switzerland
x:	Taiwan
y:	Thailand
z:	Turkey
{:	Ukraine
|:	United Arab Emirates
}:	United Kingdom
~:	Uruguay
:	Usa
:	Vietnam
:	Zambia
:	?


Substitution rate (mu): 23.213401

Equilibrium frequencies (pi_i):
  A: 0.0181
  B: 0.0159
  C: 0.0101
  D: 0.018
  E: 0.0174
  F: 0.0163
  G: 0.0086
  H: 0.0183
  I: 0.0018
  J: 0.0194
  K: 0.0096
  L: 0.008
  M: 0.0195
  N: 0.0186
  O: 0.0173
  P: 0.0173
  Q: 0.0197
  R: 0.012
  S: 0.0173
  T: 0.0072
  U: 0.0057
  V: 0.0191
  W: 0.0192
  X: 0.0189
  Y: 0.019
  Z: 0.0193
  [: 0.0172
  \: 0.0153
  ]: 0.0095
  ^: 0.0162
  _: 0.0182
  `: 0.0196
  a: 0.0195
  b: 0.0169
  c: 0.0114
  d: 0.0097
  e: 0.0042
  f: 0.019
  g: 0.0197
  h: 0.0172
  i: 0.0193
  j: 0.0194
  k: 0.0174
  l: 0.0193
  m: 0.0197
  n: 0.0193
  o: 0.0095
  p: 0.0185
  q: 0.018
  r: 0.0158
  s: 0.0065
  t: 0.0174
  u: 0.0194
  v: 0.0146
  w: 0.0151
  x: 0.014
  y: 0.0108
  z: 0.0197
  {: 0.0192
  |: 0.0188
  }: 0.0108
  ~: 0.0173
  : 0.0052
  : 0.0107
  : 0.0192

Symmetrized rates from j->i (W_ij):
	A	B	C	D	E	F	G	H	I	J	K	L	M	N	O	P	Q	R	S	T	U	V	W	X	Y	Z	[	\	]	^	_	`	a	b	c	d	e	f	g	h	i	j	k	l	m	n	o	p	q	r	s	t	u	v	w	x	y	z	{	|	}	~			
  A	0	0.9615	0.96	0.9615	0.9609	0.9607	0.9605	0.9619	0.9363	0.9616	0.9614	0.9413	0.9614	0.9615	0.9611	0.9613	0.9614	0.949	0.9616	0.9617	0.9544	0.9614	0.9615	0.9614	0.9606	0.9614	0.9616	0.9571	1.1991	0.9615	0.9615	0.9616	0.9615	0.9615	0.9593	0.9574	0.9538	0.9614	0.9615	0.9616	0.9615	0.9615	0.9616	0.9615	0.9615	0.9616	0.9573	0.9615	0.9616	0.9617	0.9554	0.9583	0.9615	0.9616	0.9617	0.9614	0.9554	0.9615	0.9616	0.9615	0.9607	0.9616	1.1557	0.9538	0.9615
  B	0.9615	0	0.9598	0.9613	0.9607	0.9606	0.96	0.9618	1.075	0.9614	0.961	0.9417	0.9612	0.9613	0.9609	0.9611	0.9612	0.9503	0.9613	0.9611	1.362	0.9612	0.9613	0.9612	0.9605	0.9613	0.9613	0.9574	0.96	0.9612	0.9613	0.9613	0.9613	1.0246	0.9592	0.9573	0.9541	0.9613	0.9613	0.9613	0.9613	0.9613	0.9614	0.9613	0.9613	0.9614	0.9573	0.9612	0.9614	0.975	0.9551	0.9585	0.9613	0.9613	0.9614	0.9608	0.9559	0.9613	0.9614	0.9613	0.9602	0.9613	1.671	0.9546	0.9613
  C	0.96	0.9598	0	0.9596	1.0328	0.9619	1.7518	0.961	0.9723	1.0129	1.2875	3.4839	0.9593	1.2134	0.9594	0.96	0.9595	0.9562	0.9594	0.9646	3.1371	1.4364	0.9592	0.9612	0.9594	0.9593	0.9595	1.092	1.4909	0.9603	0.9595	0.9591	0.9592	1.2493	0.9615	0.9695	4.0815	0.9629	1.9142	0.9595	0.9593	0.9591	1.208	0.9593	0.959	0.9592	1.1367	0.9592	1.792	0.96	2.3664	0.9577	0.9592	0.9604	0.9601	1.2909	0.9584	0.959	0.9598	0.9592	0.9621	0.9594	4.0582	1.4264	1.0815
  D	0.9615	0.9613	0.9596	0	0.9608	0.9611	0.9599	0.9617	0.9331	0.9616	0.9608	1.2841	0.9613	0.9618	0.961	0.9615	0.9613	3.3348	0.9614	0.9611	0.9544	0.9614	0.9616	0.9613	0.9605	0.9614	0.9614	1.2929	0.9598	0.9615	0.9614	0.9614	0.9614	0.9614	0.9589	0.957	0.9539	0.9613	0.9614	0.9614	0.9614	0.9614	0.9615	0.9614	0.9643	0.9615	0.9572	0.9614	0.9616	0.9614	0.9543	0.9585	0.9614	0.9614	0.9615	0.9608	0.9558	0.9614	0.9615	0.9614	1.2021	0.9614	0.8953	0.9536	0.9615
  E	0.9609	0.9607	1.0328	0.9608	0	0.9607	0.9599	0.9613	0.9352	0.9607	0.9614	2.3699	0.9606	0.9607	0.9607	0.9605	1.4358	0.9496	0.9607	0.961	0.9559	0.9606	0.9609	1.1735	0.9599	0.9608	0.9607	0.957	1.056	0.9609	0.9607	0.9606	0.9606	0.9609	0.9587	1.4413	1.934	0.9607	0.9606	0.9607	0.9606	0.9606	0.9609	0.9607	0.9606	0.9607	3.3344	0.9606	0.961	0.961	0.9553	0.9577	0.9606	0.9609	0.9609	0.9607	0.9551	0.9606	0.9612	0.9607	0.9602	0.9607	1.0175	1.2281	0.9609
  F	0.9607	0.9606	0.9619	0.9611	0.9607	0	0.9601	0.9609	1.355	0.9606	0.9613	1.434	1.0821	0.9612	0.961	2.328	0.9607	3.8817	0.9606	0.9611	0.9599	0.9941	0.9614	0.9609	0.9601	0.9627	0.9606	1.3878	0.9611	0.9607	0.9606	0.9604	0.9614	0.9608	0.9591	0.9606	4.0277	0.9606	0.9604	0.9606	0.9605	0.9604	0.9609	0.9605	0.9605	0.9607	3.8687	0.9605	0.961	0.9609	1.0583	1.3882	0.9605	0.9609	0.9609	0.9605	0.9734	0.9604	0.9621	0.9605	1.0451	0.9606	1.2994	0.9547	0.961
  G	0.9605	0.96	1.7518	0.9599	0.9599	0.9601	0	0.9608	3.2167	0.9599	1.003	1.5697	0.9596	0.9605	0.9597	0.96	0.9597	0.955	0.9598	1.0031	1.9881	0.9597	0.9597	0.9598	0.9593	0.9596	0.9598	1.0193	1.4398	0.9602	0.9598	0.9596	0.9597	0.96	0.9596	0.9602	0.9587	0.9597	0.9598	0.9598	0.9596	0.9596	0.9599	0.9596	0.9596	0.9598	1.0353	0.9597	1.26	0.9601	0.9582	0.9584	0.9597	0.9601	0.9602	0.9622	0.9591	0.9596	0.9599	1.3077	0.9603	0.9613	5.7919	0.9639	0.9601
  H	0.9619	0.9618	0.961	0.9617	0.9613	0.9609	0.9608	0	0.9497	0.9618	0.9614	1.4356	0.9615	0.9618	0.9613	0.9617	0.9616	0.9492	0.9617	0.9616	1.3067	0.9615	0.9617	0.9616	0.9608	0.9616	0.9617	0.9573	0.9615	0.9616	0.9617	0.9617	0.9617	0.9627	0.9596	1.4373	0.9573	0.962	0.9617	0.9617	0.9617	0.9618	0.9618	0.9617	0.9616	0.9618	0.9579	0.9616	0.9619	0.9619	0.9556	0.9585	0.9618	0.9617	0.9618	0.9619	0.9566	0.9616	0.9618	0.9617	0.9606	0.9617	0.9673	2.0696	0.9617
  I	0.9363	1.075	0.9723	0.9331	0.9352	1.355	3.2167	0.9497	0	0.931	1.4535	3.9579	0.9309	0.9332	0.9532	1.1756	0.9307	0.9435	0.9343	1.4805	5.0127	0.9316	0.9313	0.9322	0.9318	0.9311	0.9343	1.4543	2.3771	0.9366	0.9329	0.9307	0.9309	0.9354	2.5429	1.4655	1.0881	0.9319	0.9305	0.9343	0.9311	0.931	0.9488	0.9311	0.9305	0.9315	3.148	0.9325	0.9335	0.9367	1.9107	0.9338	0.9311	0.9388	0.9383	0.956	3.6545	0.9305	0.9324	0.9322	0.9459	0.9345	72.0244	1.4786	0.9317
  J	0.9616	0.9614	1.0129	0.9616	0.9607	0.9606	0.9599	0.9618	0.931	0	1.0346	0.9369	0.9613	0.971	0.961	0.9612	0.9613	0.9482	0.9614	0.9611	0.9531	0.9614	0.9615	0.9613	0.9605	0.9614	0.9614	1.3729	0.9595	0.9613	0.9614	0.9614	0.9614	0.9614	0.9588	0.9563	0.9523	0.9613	0.9615	0.9614	0.9614	0.9614	0.9615	0.9614	0.9614	0.9615	0.9564	0.9614	0.9616	0.9615	0.9537	0.9581	0.9614	0.9614	0.9615	0.9607	0.9547	0.9614	0.9615	0.9614	0.9602	0.9614	0.9046	0.9527	1.007
  K	0.9614	0.961	1.2875	0.9608	0.9614	0.9613	1.003	0.9614	1.4535	1.0346	0	1.0199	0.9606	1.0686	0.9606	0.9611	0.9607	0.9552	0.9608	0.9627	0.9819	0.9608	0.9606	0.9609	0.9602	0.9606	0.9608	1.1644	1.0448	0.9615	0.9607	0.9607	0.9606	0.9611	0.9605	0.9639	0.9672	0.9606	0.961	0.9608	0.9606	0.9606	0.961	0.9606	0.9606	0.9608	0.9822	0.9607	0.9615	0.9612	0.9624	0.959	0.9606	0.9613	1.1416	0.9634	1.4357	0.9605	0.9609	0.9607	1.4425	0.9608	5.0021	0.9675	1.1224
  L	0.9413	0.9417	3.4839	1.2841	2.3699	1.434	1.5697	1.4356	3.9579	0.9369	1.0199	0	0.9369	0.9414	0.9412	1.2568	0.9372	1.4148	0.9395	1.4023	13.2512	0.9376	0.9373	1.4157	0.9527	0.9378	0.9395	1.0746	5.2881	3.5329	0.9385	0.9366	0.9367	0.9415	0.9678	11.4961	8.5527	0.9451	0.9378	0.9395	0.937	0.9395	0.9404	0.937	0.9371	0.9371	7.3306	0.938	2.2231	0.9424	5.7318	0.9384	0.9368	1.0292	0.9427	2.4758	1.8988	0.9364	0.9568	0.9376	2.2658	0.9395	8.9175	11.3535	1.2072
  M	0.9614	0.9612	0.9593	0.9613	0.9606	1.0821	0.9596	0.9615	0.9309	0.9613	0.9606	0.9369	0	0.9612	0.9608	0.961	0.9612	0.9481	0.9612	0.961	0.953	0.9611	0.9613	0.9612	0.9603	0.9612	0.9612	0.9565	0.9594	0.9611	0.9612	0.9612	0.9612	0.9612	0.9586	0.9564	1.14	0.9611	0.9612	0.9612	0.9612	0.9612	0.9613	0.9612	0.9612	0.9613	1.6488	0.9611	0.9613	0.9613	0.9536	0.9579	0.9612	0.9612	0.9613	0.9605	0.9546	0.9612	0.9615	0.9612	0.96	0.9612	0.8891	0.9526	0.9613
  N	0.9615	0.9613	1.2134	0.9618	0.9607	0.9612	0.9605	0.9618	0.9332	0.971	1.0686	0.9414	0.9612	0	0.9609	0.9613	0.9612	1.7888	0.9613	0.9611	1.2567	0.9614	0.9615	0.9612	0.9604	0.9613	0.9613	0.994	0.9597	0.9612	0.9613	0.9613	0.9613	0.9616	0.9589	0.9566	0.956	0.9613	0.9613	0.9613	0.9613	0.9613	0.9614	0.9613	0.9613	0.9614	0.9568	0.9613	0.9615	0.9614	0.9541	0.9592	0.9614	0.9613	0.9614	0.961	0.9556	0.9613	0.9614	0.9613	0.9603	0.9613	0.9861	0.9688	0.9788
  O	0.9611	0.9609	0.9594	0.961	0.9607	0.961	0.9597	0.9613	0.9532	0.961	0.9606	0.9412	0.9608	0.9609	0	0.9607	0.9608	0.9491	0.9609	0.961	0.9541	0.9608	0.9609	0.9613	0.9601	0.9612	0.9609	0.9568	0.9596	0.9609	0.9609	0.9609	0.9609	0.9609	0.9588	0.9568	1.4159	0.9608	0.9609	0.9609	0.9609	0.9609	0.961	0.9609	0.9609	0.961	0.9667	0.9609	0.961	0.961	0.9545	0.958	0.9609	0.961	0.9611	0.9604	0.9552	0.9608	0.961	0.9609	0.96	0.9609	1.3261	0.9535	0.9609
  P	0.9613	0.9611	0.96	0.9615	0.9605	2.328	0.96	0.9617	1.1756	0.9612	0.9611	1.2568	0.961	0.9613	0.9607	0	0.961	1.5038	0.9611	0.9612	1.7111	0.9611	0.9612	0.961	0.9603	0.961	0.9611	1.0752	0.9614	0.9611	0.9611	0.961	0.961	0.9613	0.9591	0.957	1.4331	0.961	0.961	0.9611	0.961	0.961	0.9612	0.961	0.9611	1.2197	0.9625	0.961	0.9613	0.9612	0.9548	0.9586	0.9611	0.9612	1.3033	0.9607	0.956	0.961	0.9612	0.9611	2.5627	0.9611	1.4734	0.9541	0.9611
  Q	0.9614	0.9612	0.9595	0.9613	1.4358	0.9607	0.9597	0.9616	0.9307	0.9613	0.9607	0.9372	0.9612	0.9612	0.9608	0.961	0	0.9478	0.9613	0.961	0.953	0.9611	0.9614	0.9612	0.9604	0.9612	0.9613	0.9565	0.9595	0.9612	0.9613	0.9612	0.9613	0.9613	0.9587	0.9565	1.4163	0.9612	0.9612	0.9613	0.9612	0.9613	0.9614	0.9612	0.9612	0.9613	1.9583	0.9612	0.9614	0.9614	0.9536	0.9579	0.9613	0.9613	0.9613	0.9606	0.9545	0.9612	0.9615	0.9613	0.96	0.9613	0.8886	0.9527	0.9614
  R	0.949	0.9503	0.9562	3.3348	0.9496	3.8817	0.955	0.9492	0.9435	0.9482	0.9552	1.4148	0.9481	1.7888	0.9491	1.5038	0.9478	0	0.9494	0.9565	1.6667	1.8599	1.3899	0.9484	0.948	0.948	0.9494	6.1034	0.9549	0.9506	0.9488	0.9477	0.9478	0.9501	0.9523	0.9528	6.3489	0.9484	0.9476	0.9494	0.948	0.9479	0.9497	0.948	0.9478	0.9481	1.3759	0.9485	0.9494	0.9505	0.953	7.2605	0.948	0.9517	0.951	0.9516	1.4154	0.9477	0.9488	0.9483	1.3462	0.9493	1.8386	0.9611	0.9487
  S	0.9616	0.9613	0.9594	0.9614	0.9607	0.9606	0.9598	0.9617	0.9343	0.9614	0.9608	0.9395	0.9612	0.9613	0.9609	0.9611	0.9613	0.9494	0	0.9611	0.9541	0.9612	0.9614	0.9612	0.9605	0.9613	0.9613	0.9571	0.9598	0.9612	0.9613	0.9613	0.9613	0.9613	0.959	0.9569	0.953	0.9612	0.9613	0.9613	0.9613	0.9613	0.9614	0.9613	0.9613	0.9614	0.957	0.9613	0.9614	0.9614	0.9545	0.9583	0.9613	0.9613	0.9614	0.9607	0.9554	0.9613	0.9614	0.9613	0.9601	0.9613	1.3449	0.9537	0.9614
  T	0.9617	0.9611	0.9646	0.9611	0.961	0.9611	1.0031	0.9616	1.4805	0.9611	0.9627	1.4023	0.961	0.9611	0.961	0.9612	0.961	0.9565	0.9611	0	0.9609	0.9611	0.961	0.961	0.9608	0.961	0.9611	0.9597	0.9621	0.9611	0.9611	0.961	0.961	0.9612	1.0851	0.9601	1.1312	0.9611	0.961	0.9611	0.9611	0.961	1.1359	0.9611	0.961	0.9612	0.9604	0.9611	1.1392	0.9611	0.9588	0.9598	0.961	0.9612	0.9613	0.9613	0.9589	0.961	0.9612	0.9611	0.9609	0.9611	8.4799	0.9589	0.9611
  U	0.9544	1.362	3.1371	0.9544	0.9559	0.9599	1.9881	1.3067	5.0127	0.9531	0.9819	13.2512	0.953	1.2567	0.9541	1.7111	0.953	1.6667	0.9541	0.9609	0	0.9537	0.9532	0.9535	0.9535	0.9532	0.9541	1.3223	1.6858	0.9549	0.9539	0.9529	0.9529	3.402	1.9767	0.9622	9.0423	1.4612	0.953	0.9541	0.9532	0.9531	0.9549	0.9532	0.9529	0.9532	0.9672	0.9535	1.3152	1.129	1.0028	0.9539	1.4292	0.9559	0.9554	1.029	2.7943	0.9528	0.9537	0.9533	0.9632	0.9541	6.5432	4.3961	0.9545
  V	0.9614	0.9612	1.4364	0.9614	0.9606	0.9941	0.9597	0.9615	0.9316	0.9614	0.9608	0.9376	0.9611	0.9614	0.9608	0.9611	0.9611	1.8599	0.9612	0.9611	0.9537	0	0.9613	0.9612	0.9604	0.9612	0.9612	1.2576	0.9596	0.9611	0.9612	0.9612	0.9612	0.9613	0.9588	0.9564	1.6986	0.9612	0.9637	0.9612	0.9612	0.9612	0.9619	0.9612	0.9612	0.9613	0.9569	0.9612	0.9614	0.9613	0.9543	0.9603	0.9612	0.9613	0.9613	0.9605	0.9549	0.9612	0.9614	0.9612	0.9604	0.9612	0.891	0.9529	0.9614
  W	0.9615	0.9613	0.9592	0.9616	0.9609	0.9614	0.9597	0.9617	0.9313	0.9615	0.9606	0.9373	0.9613	0.9615	0.9609	0.9612	0.9614	1.3899	0.9614	0.961	0.9532	0.9613	0	0.9614	0.9605	0.9613	0.9614	0.957	0.9594	0.9613	0.9614	0.9614	0.9614	0.9614	0.9588	0.9567	0.9531	0.9613	0.9614	0.9614	0.9614	0.9614	0.9615	0.9614	0.9614	0.9615	1.0382	0.9613	0.9615	0.9615	0.9538	0.9585	0.9614	0.9614	0.9614	0.9607	0.9549	0.9614	0.9615	0.9614	0.9601	0.9614	0.8901	0.9529	0.9615
  X	0.9614	0.9612	0.9612	0.9613	1.1735	0.9609	0.9598	0.9616	0.9322	0.9613	0.9609	1.4157	0.9612	0.9612	0.9613	0.961	0.9612	0.9484	0.9612	0.961	0.9535	0.9612	0.9614	0	0.9604	0.9614	0.9613	0.9567	0.9598	0.9612	0.9613	0.9612	0.9612	0.9613	0.9588	1.1093	1.3302	0.9612	0.9612	0.9613	0.9612	0.9612	0.9614	0.9612	0.9612	0.9613	2.293	0.9612	0.9616	0.9614	0.954	0.958	0.9612	0.9613	0.9613	0.9606	0.9548	0.9612	0.9615	0.9613	0.9601	0.9612	0.8958	0.9532	0.9614
  Y	0.9606	0.9605	0.9594	0.9605	0.9599	0.9601	0.9593	0.9608	0.9318	0.9605	0.9602	0.9527	0.9603	0.9604	0.9601	0.9603	0.9604	0.948	0.9605	0.9608	0.9535	0.9604	0.9605	0.9604	0	0.9604	0.9605	0.9562	0.9593	0.9604	0.9605	0.9604	0.9604	0.9607	0.9583	0.9566	1.1697	0.9605	0.9604	0.9605	0.9604	0.9604	0.9606	0.9604	0.9604	0.9605	0.9579	0.9604	0.9607	0.9606	1.1107	0.9572	0.9604	0.9607	0.9607	0.96	0.9543	0.9603	0.9605	0.9604	0.9597	0.9605	0.968	0.953	0.9605
  Z	0.9614	0.9613	0.9593	0.9614	0.9608	0.9627	0.9596	0.9616	0.9311	0.9614	0.9606	0.9378	0.9612	0.9613	0.9612	0.961	0.9612	0.948	0.9613	0.961	0.9532	0.9612	0.9613	0.9614	0.9604	0	0.9613	0.9566	0.9594	0.9612	0.9613	0.9613	0.9613	0.9613	0.9587	0.9564	1.4183	0.9612	0.9613	0.9613	0.9613	0.9613	0.9614	0.9613	0.9613	0.9614	0.9627	0.9612	0.9614	0.9614	0.9537	0.958	0.9613	0.9613	0.9614	0.9606	0.9547	0.9613	0.9614	0.9613	0.9601	0.9613	0.8897	0.9527	0.9613
  [	0.9616	0.9613	0.9595	0.9614	0.9607	0.9606	0.9598	0.9617	0.9343	0.9614	0.9608	0.9395	0.9612	0.9613	0.9609	0.9611	0.9613	0.9494	0.9613	0.9611	0.9541	0.9612	0.9614	0.9613	0.9605	0.9613	0	0.9571	0.9598	0.9612	0.9613	0.9613	0.9613	0.9613	0.959	0.9569	0.953	0.9613	0.9613	0.9613	0.9613	0.9613	0.9614	0.9613	0.9613	0.9614	0.9569	0.9613	0.9614	0.9614	0.9545	0.9584	0.9613	0.9613	0.9614	0.9607	0.9554	0.9613	0.9614	0.9614	0.9602	0.9613	1.345	0.9537	0.9614
  \	0.9571	0.9574	1.092	1.2929	0.957	1.3878	1.0193	0.9573	1.4543	1.3729	1.1644	1.0746	0.9565	0.994	0.9568	1.0752	0.9565	6.1034	0.9571	0.9597	1.3223	1.2576	0.957	0.9567	0.9562	0.9566	0.9571	0	0.9589	0.9575	0.9569	0.9565	0.9565	0.9576	0.9569	0.9562	4.3505	0.9569	0.9565	0.9571	0.9566	0.9565	0.9575	0.9566	0.9595	0.9567	0.9576	0.9568	0.9587	0.9576	0.9547	1.0897	0.9565	1.109	1.437	0.9579	0.9551	0.9565	0.957	0.9567	1.2742	0.9571	1.422	0.9532	1.1201
  ]	1.1991	0.96	1.4909	0.9598	1.056	0.9611	1.4398	0.9615	2.3771	0.9595	1.0448	5.2881	0.9594	0.9597	0.9596	0.9614	0.9595	0.9549	0.9598	0.9621	1.6858	0.9596	0.9594	0.9598	0.9593	0.9594	0.9598	0.9589	0	0.9934	0.9597	1.4389	0.9594	0.9604	0.96	3.5081	2.131	0.9597	0.9595	0.9598	0.9594	0.9594	0.96	0.9594	0.9593	0.9595	1.7351	0.9595	0.9604	0.9604	1.8501	0.9579	0.9594	0.9605	0.9604	2.5018	0.9591	0.9593	0.9602	0.9595	1.4428	0.9598	4.5392	2.1703	0.96
  ^	0.9615	0.9612	0.9603	0.9615	0.9609	0.9607	0.9602	0.9616	0.9366	0.9613	0.9615	3.5329	0.9611	0.9612	0.9609	0.9611	0.9612	0.9506	0.9612	0.9611	0.9549	0.9611	0.9613	0.9612	0.9604	0.9612	0.9612	0.9575	0.9934	0	0.9612	0.9612	0.9612	0.9612	0.9591	1.1672	0.9556	0.9612	0.9612	0.9612	0.9612	0.9612	0.9613	0.9612	0.9612	0.9613	1.0123	0.9612	0.9614	0.9613	0.9553	0.9584	0.9612	0.9613	0.9613	0.9608	0.9558	0.9612	0.9614	0.9612	1.4087	0.9612	1.0498	0.9578	0.9613
  _	0.9615	0.9613	0.9595	0.9614	0.9607	0.9606	0.9598	0.9617	0.9329	0.9614	0.9607	0.9385	0.9612	0.9613	0.9609	0.9611	0.9613	0.9488	0.9613	0.9611	0.9539	0.9612	0.9614	0.9613	0.9605	0.9613	0.9613	0.9569	0.9597	0.9612	0	0.9613	0.9613	0.9614	0.9589	0.9567	1.1872	0.9613	0.9613	0.9613	0.9613	0.9613	0.9614	0.9613	0.9613	0.9614	0.9567	0.9613	0.9615	0.9614	0.9542	0.9582	0.9613	0.9613	0.9614	0.9607	0.9551	0.9613	0.9614	0.9614	0.9602	0.9613	1.126	0.9534	0.9614
  `	0.9616	0.9613	0.9591	0.9614	0.9606	0.9604	0.9596	0.9617	0.9307	0.9614	0.9607	0.9366	0.9612	0.9613	0.9609	0.961	0.9612	0.9477	0.9613	0.961	0.9529	0.9612	0.9614	0.9612	0.9604	0.9613	0.9613	0.9565	1.4389	0.9612	0.9613	0	0.9613	0.9613	0.9587	0.9563	0.9518	0.9612	0.9613	0.9613	0.9613	0.9613	0.9614	0.9613	0.9613	0.9614	0.9563	0.9613	0.9614	0.9614	0.9536	0.9579	0.9613	0.9613	0.9614	0.9606	0.9546	0.9613	0.9614	0.9613	0.96	0.9613	0.8889	0.9526	0.9613
  a	0.9615	0.9613	0.9592	0.9614	0.9606	0.9614	0.9597	0.9617	0.9309	0.9614	0.9606	0.9367	0.9612	0.9613	0.9609	0.961	0.9613	0.9478	0.9613	0.961	0.9529	0.9612	0.9614	0.9612	0.9604	0.9613	0.9613	0.9565	0.9594	0.9612	0.9613	0.9613	0	0.9613	0.9587	0.9563	0.9519	0.9612	0.9613	0.9613	0.9613	0.9613	0.9614	0.9613	0.9613	0.9614	1.4343	0.9613	0.9614	0.9614	0.9536	0.958	0.9613	0.9613	0.9614	0.9606	0.9546	0.9613	0.9615	0.9614	0.96	0.9613	0.8891	0.9526	0.9614
  b	0.9615	1.0246	1.2493	0.9614	0.9609	0.9608	0.96	0.9627	0.9354	0.9614	0.9611	0.9415	0.9612	0.9616	0.9609	0.9613	0.9613	0.9501	0.9613	0.9612	3.402	0.9613	0.9614	0.9613	0.9607	0.9613	0.9613	0.9576	0.9604	0.9612	0.9614	0.9613	0.9613	0	0.9594	0.9573	2.8218	0.9641	0.9613	0.9613	0.9613	0.9613	0.9616	0.9613	0.9613	0.9614	0.9574	0.9613	0.9617	1.3142	0.9551	0.9584	0.9614	0.9614	0.9614	0.9612	0.956	0.9613	0.9616	0.9613	0.9605	0.9613	1.3585	1.2402	0.9615
  c	0.9593	0.9592	0.9615	0.9589	0.9587	0.9591	0.9596	0.9596	2.5429	0.9588	0.9605	0.9678	0.9586	0.9589	0.9588	0.9591	0.9587	0.9523	0.959	1.0851	1.9767	0.9588	0.9588	0.9588	0.9583	0.9587	0.959	0.9569	0.96	0.9591	0.9589	0.9587	0.9587	0.9594	0	0.9578	1.216	0.9589	0.9586	0.959	0.9588	0.9587	1.088	0.9588	0.9586	0.9588	0.9583	0.9588	1.0893	0.9593	0.9563	0.957	0.9587	0.9595	0.9594	0.9594	1.139	0.9586	0.9589	0.9588	0.9593	0.959	3.3695	0.9559	0.9588
  d	0.9574	0.9573	0.9695	0.957	1.4413	0.9606	0.9602	1.4373	1.4655	0.9563	0.9639	11.4961	0.9564	0.9566	0.9568	0.957	0.9565	0.9528	0.9569	0.9601	0.9622	0.9564	0.9567	1.1093	0.9566	0.9564	0.9569	0.9562	3.5081	1.1672	0.9567	0.9563	0.9563	0.9573	0.9578	0	2.6366	0.9566	0.9562	0.9569	0.9563	1.0941	0.9571	0.9563	0.9562	0.9564	9.8426	0.9565	0.9573	1.0275	3.1153	0.9551	0.9563	0.9578	0.9576	1.7967	1.3035	0.9562	0.9582	0.9565	0.9596	0.9569	1.6045	4.7294	0.9896
  e	0.9538	0.9541	4.0815	0.9539	1.934	4.0277	0.9587	0.9573	1.0881	0.9523	0.9672	8.5527	1.14	0.956	1.4159	1.4331	1.4163	6.3489	0.953	1.1312	9.0423	1.6986	0.9531	1.3302	1.1697	1.4183	0.953	4.3505	2.131	0.9556	1.1872	0.9518	0.9519	2.8218	1.216	2.6366	0	2.2483	0.9536	0.953	1.4279	0.9522	1.3845	1.4278	0.9518	0.9521	11.0545	0.9525	1.443	0.9553	2.3172	0.9582	0.952	1.71	0.9545	1.2023	1.1042	0.9518	1.2527	0.9522	2.7024	0.953	14.5845	3.3991	1.162
  f	0.9614	0.9613	0.9629	0.9613	0.9607	0.9606	0.9597	0.962	0.9319	0.9613	0.9606	0.9451	0.9611	0.9613	0.9608	0.961	0.9612	0.9484	0.9612	0.9611	1.4612	0.9612	0.9613	0.9612	0.9605	0.9612	0.9613	0.9569	0.9597	0.9612	0.9613	0.9612	0.9612	0.9641	0.9589	0.9566	2.2483	0	0.9612	0.9613	0.9612	0.9612	0.9615	0.9612	0.9612	0.9613	0.9568	0.9612	0.9615	0.9614	0.9545	0.958	0.9612	0.9613	0.9613	0.9607	0.9549	0.9612	0.9614	0.9613	1.1785	0.9612	0.9098	1.3928	0.9613
  g	0.9615	0.9613	1.9142	0.9614	0.9606	0.9604	0.9598	0.9617	0.9305	0.9615	0.961	0.9378	0.9612	0.9613	0.9609	0.961	0.9612	0.9476	0.9613	0.961	0.953	0.9637	0.9614	0.9612	0.9604	0.9613	0.9613	0.9565	0.9595	0.9612	0.9613	0.9613	0.9613	0.9613	0.9586	0.9562	0.9536	0.9612	0	0.9613	0.9613	0.9613	0.9617	0.9613	0.9613	0.9614	0.9564	0.9613	0.9623	0.9614	0.9537	0.9579	0.9613	0.9613	0.9614	0.9606	0.9545	0.9613	0.9614	0.9613	0.96	0.9613	0.8901	0.9526	0.9614
  h	0.9616	0.9613	0.9595	0.9614	0.9607	0.9606	0.9598	0.9617	0.9343	0.9614	0.9608	0.9395	0.9612	0.9613	0.9609	0.9611	0.9613	0.9494	0.9613	0.9611	0.9541	0.9612	0.9614	0.9613	0.9605	0.9613	0.9613	0.9571	0.9598	0.9612	0.9613	0.9613	0.9613	0.9613	0.959	0.9569	0.953	0.9613	0.9613	0	0.9613	0.9613	0.9614	0.9613	0.9613	0.9614	0.9569	0.9613	0.9614	0.9614	0.9545	0.9584	0.9613	0.9613	0.9614	0.9607	0.9554	0.9613	0.9614	0.9614	0.9602	0.9613	1.3452	0.9537	0.9614
  i	0.9615	0.9613	0.9593	0.9614	0.9606	0.9605	0.9596	0.9617	0.9311	0.9614	0.9606	0.937	0.9612	0.9613	0.9609	0.961	0.9612	0.948	0.9613	0.9611	0.9532	0.9612	0.9614	0.9612	0.9604	0.9613	0.9613	0.9566	0.9594	0.9612	0.9613	0.9613	0.9613	0.9613	0.9588	0.9563	1.4279	0.9612	0.9613	0.9613	0	0.9613	0.9614	0.9613	0.9613	0.9614	0.9564	0.9613	0.9615	0.9614	0.9537	0.958	0.9613	0.9613	0.9614	0.9606	0.9547	0.9613	0.9614	0.9613	0.9601	0.9613	0.8898	0.9527	0.9614
  j	0.9615	0.9613	0.9591	0.9614	0.9606	0.9604	0.9596	0.9618	0.931	0.9614	0.9606	0.9395	0.9612	0.9613	0.9609	0.961	0.9613	0.9479	0.9613	0.961	0.9531	0.9612	0.9614	0.9612	0.9604	0.9613	0.9613	0.9565	0.9594	0.9612	0.9613	0.9613	0.9613	0.9613	0.9587	1.0941	0.9522	0.9612	0.9613	0.9613	0.9613	0	0.9614	0.9613	0.9613	0.9614	0.9564	0.9613	0.9614	0.9614	0.9537	0.958	0.9613	0.9613	0.9614	0.9606	0.9547	0.9613	0.9614	0.9614	0.96	0.9613	0.8894	1.3014	0.9614
  k	0.9616	0.9614	1.208	0.9615	0.9609	0.9609	0.9599	0.9618	0.9488	0.9615	0.961	0.9404	0.9613	0.9614	0.961	0.9612	0.9614	0.9497	0.9614	1.1359	0.9549	0.9619	0.9615	0.9614	0.9606	0.9614	0.9614	0.9575	0.96	0.9613	0.9614	0.9614	0.9614	0.9616	1.088	0.9571	1.3845	0.9615	0.9617	0.9614	0.9614	0.9614	0	0.9615	0.9614	0.9615	0.9576	0.9614	1.3286	0.9615	0.9549	0.9584	0.9614	0.9615	0.9615	0.9608	0.9554	0.9614	0.9616	0.9614	0.9604	0.9614	1.3381	0.9539	0.9615
  l	0.9615	0.9613	0.9593	0.9614	0.9607	0.9605	0.9596	0.9617	0.9311	0.9614	0.9606	0.937	0.9612	0.9613	0.9609	0.961	0.9612	0.948	0.9613	0.9611	0.9532	0.9612	0.9614	0.9612	0.9604	0.9613	0.9613	0.9566	0.9594	0.9612	0.9613	0.9613	0.9613	0.9613	0.9588	0.9563	1.4278	0.9612	0.9613	0.9613	0.9613	0.9613	0.9615	0	0.9613	0.9614	0.9564	0.9613	0.9615	0.9614	0.9537	0.958	0.9613	0.9613	0.9614	0.9606	0.9547	0.9613	0.9614	0.9613	0.9601	0.9613	0.8898	0.9527	0.9614
  m	0.9615	0.9613	0.959	0.9643	0.9606	0.9605	0.9596	0.9616	0.9305	0.9614	0.9606	0.9371	0.9612	0.9613	0.9609	0.9611	0.9612	0.9478	0.9613	0.961	0.9529	0.9612	0.9614	0.9612	0.9604	0.9613	0.9613	0.9595	0.9593	0.9612	0.9613	0.9613	0.9613	0.9613	0.9586	0.9562	0.9518	0.9612	0.9613	0.9613	0.9613	0.9613	0.9614	0.9613	0	0.9614	0.9562	0.9613	0.9614	0.9614	0.9535	0.9579	0.9613	0.9613	0.9614	0.9606	0.9546	0.9613	0.9614	0.9613	1.472	0.9613	0.8885	0.9525	0.9613
  n	0.9616	0.9614	0.9592	0.9615	0.9607	0.9607	0.9598	0.9618	0.9315	0.9615	0.9608	0.9371	0.9613	0.9614	0.961	1.2197	0.9613	0.9481	0.9614	0.9612	0.9532	0.9613	0.9615	0.9613	0.9605	0.9614	0.9614	0.9567	0.9595	0.9613	0.9614	0.9614	0.9614	0.9614	0.9588	0.9564	0.9521	0.9613	0.9614	0.9614	0.9614	0.9614	0.9615	0.9614	0.9614	0	0.9564	0.9614	0.9615	0.9615	0.9538	0.9581	0.9614	0.9614	1.2278	0.9607	0.9548	0.9614	0.9615	0.9614	0.9603	0.9614	0.9591	0.9528	0.9614
  o	0.9573	0.9573	1.1367	0.9572	3.3344	3.8687	1.0353	0.9579	3.148	0.9564	0.9822	7.3306	1.6488	0.9568	0.9667	0.9625	1.9583	1.3759	0.957	0.9604	0.9672	0.9569	1.0382	2.293	0.9579	0.9627	0.9569	0.9576	1.7351	1.0123	0.9567	0.9563	1.4343	0.9574	0.9583	9.8426	11.0545	0.9568	0.9564	0.9569	0.9564	0.9564	0.9576	0.9564	0.9562	0.9564	0	0.9565	1.0197	1.3514	2.5194	0.9558	0.9563	0.958	0.9577	1.9234	0.9577	0.9562	1.5573	0.9565	1.4408	0.9569	2.5565	2.362	1.6652
  p	0.9615	0.9612	0.9592	0.9614	0.9606	0.9605	0.9597	0.9616	0.9325	0.9614	0.9607	0.938	0.9611	0.9613	0.9609	0.961	0.9612	0.9485	0.9613	0.9611	0.9535	0.9612	0.9613	0.9612	0.9604	0.9612	0.9613	0.9568	0.9595	0.9612	0.9613	0.9613	0.9613	0.9613	0.9588	0.9565	0.9525	0.9612	0.9613	0.9613	0.9613	0.9613	0.9614	0.9613	0.9613	0.9614	0.9565	0	0.9614	0.9614	0.954	0.9581	0.9613	1.8184	0.9614	0.9606	0.955	0.9612	0.9614	0.9613	1.4404	0.9613	1.0917	0.9531	0.9613
  q	0.9616	0.9614	1.792	0.9616	0.961	0.961	1.26	0.9619	0.9335	0.9616	0.9615	2.2231	0.9613	0.9615	0.961	0.9613	0.9614	0.9494	0.9614	1.1392	1.3152	0.9614	0.9615	0.9616	0.9607	0.9614	0.9614	0.9587	0.9604	0.9614	0.9615	0.9614	0.9614	0.9617	1.0893	0.9573	1.443	0.9615	0.9623	0.9614	0.9615	0.9614	1.3286	0.9615	0.9614	0.9615	1.0197	0.9614	0	0.9615	0.9898	0.9583	0.9614	0.9615	0.9615	0.9609	0.9554	0.9614	0.9616	0.9614	0.9605	0.9614	0.9189	0.9543	0.9616
  r	0.9617	0.975	0.96	0.9614	0.961	0.9609	0.9601	0.9619	0.9367	0.9615	0.9612	0.9424	0.9613	0.9614	0.961	0.9612	0.9614	0.9505	0.9614	0.9611	1.129	0.9613	0.9615	0.9614	0.9606	0.9614	0.9614	0.9576	0.9604	0.9613	0.9614	0.9614	0.9614	1.3142	0.9593	1.0275	0.9553	0.9614	0.9614	0.9614	0.9614	0.9614	0.9615	0.9614	0.9614	0.9615	1.3514	0.9614	0.9615	0	0.9552	0.9587	0.9614	0.9614	0.9615	0.961	0.956	0.9614	0.9616	0.9614	0.9603	0.9614	1.804	0.9549	1.2001
  s	0.9554	0.9551	2.3664	0.9543	0.9553	1.0583	0.9582	0.9556	1.9107	0.9537	0.9624	5.7318	0.9536	0.9541	0.9545	0.9548	0.9536	0.953	0.9545	0.9588	1.0028	0.9543	0.9538	0.954	1.1107	0.9537	0.9545	0.9547	1.8501	0.9553	0.9542	0.9536	0.9536	0.9551	0.9563	3.1153	2.3172	0.9545	0.9537	0.9545	0.9537	0.9537	0.9549	0.9537	0.9535	0.9538	2.5194	0.954	0.9898	0.9552	0	0.9533	0.9537	0.9558	0.9556	0.9893	0.9983	0.9535	0.9544	0.9539	0.9575	0.9545	9.4345	2.2593	0.9541
  t	0.9583	0.9585	0.9577	0.9585	0.9577	1.3882	0.9584	0.9585	0.9338	0.9581	0.959	0.9384	0.9579	0.9592	0.958	0.9586	0.9579	7.2605	0.9583	0.9598	0.9539	0.9603	0.9585	0.958	0.9572	0.958	0.9584	1.0897	0.9579	0.9584	0.9582	0.9579	0.958	0.9584	0.957	0.9551	0.9582	0.958	0.9579	0.9584	0.958	0.958	0.9584	0.958	0.9579	0.9581	0.9558	0.9581	0.9583	0.9587	0.9533	0	0.958	0.9588	0.9588	0.9582	0.9549	0.9579	0.9581	0.9581	0.9589	0.9583	0.8956	0.9518	0.9581
  u	0.9615	0.9613	0.9592	0.9614	0.9606	0.9605	0.9597	0.9618	0.9311	0.9614	0.9606	0.9368	0.9612	0.9614	0.9609	0.9611	0.9613	0.948	0.9613	0.961	1.4292	0.9612	0.9614	0.9612	0.9604	0.9613	0.9613	0.9565	0.9594	0.9612	0.9613	0.9613	0.9613	0.9614	0.9587	0.9563	0.952	0.9612	0.9613	0.9613	0.9613	0.9613	0.9614	0.9613	0.9613	0.9614	0.9563	0.9613	0.9614	0.9614	0.9537	0.958	0	0.9613	0.9614	0.9607	0.9547	0.9613	0.9614	0.9614	0.96	0.9613	0.8897	0.9532	0.9614
  v	0.9616	0.9613	0.9604	0.9614	0.9609	0.9609	0.9601	0.9617	0.9388	0.9614	0.9613	1.0292	0.9612	0.9613	0.961	0.9612	0.9613	0.9517	0.9613	0.9612	0.9559	0.9613	0.9614	0.9613	0.9607	0.9613	0.9613	1.109	0.9605	0.9613	0.9613	0.9613	0.9613	0.9614	0.9595	0.9578	1.71	0.9613	0.9613	0.9613	0.9613	0.9613	0.9615	0.9613	0.9613	0.9614	0.958	1.8184	0.9615	0.9614	0.9558	0.9588	0.9613	0	0.9615	0.9609	0.9564	0.9613	0.9615	0.9613	0.9606	0.9613	2.1931	0.9552	0.9614
  w	0.9617	0.9614	0.9601	0.9615	0.9609	0.9609	0.9602	0.9618	0.9383	0.9615	1.1416	0.9427	0.9613	0.9614	0.9611	1.3033	0.9613	0.951	0.9614	0.9613	0.9554	0.9613	0.9614	0.9613	0.9607	0.9614	0.9614	1.437	0.9604	0.9613	0.9614	0.9614	0.9614	0.9614	0.9594	0.9576	0.9545	0.9613	0.9614	0.9614	0.9614	0.9614	0.9615	0.9614	0.9614	1.2278	0.9577	0.9614	0.9615	0.9615	0.9556	0.9588	0.9614	0.9615	0	0.961	0.9563	0.9614	0.9615	0.9614	0.9608	0.9614	2.0288	0.9549	0.9615
  x	0.9614	0.9608	1.2909	0.9608	0.9607	0.9605	0.9622	0.9619	0.956	0.9607	0.9634	2.4758	0.9605	0.961	0.9604	0.9607	0.9606	0.9516	0.9607	0.9613	1.029	0.9605	0.9607	0.9606	0.96	0.9606	0.9607	0.9579	2.5018	0.9608	0.9607	0.9606	0.9606	0.9612	0.9594	1.7967	1.2023	0.9607	0.9606	0.9607	0.9606	0.9606	0.9608	0.9606	0.9606	0.9607	1.9234	0.9606	0.9609	0.961	0.9893	0.9582	0.9607	0.9609	0.961	0	0.9848	0.9606	0.9609	0.9606	0.9605	0.9607	2.1923	2.5231	0.9609
  y	0.9554	0.9559	0.9584	0.9558	0.9551	0.9734	0.9591	0.9566	3.6545	0.9547	1.4357	1.8988	0.9546	0.9556	0.9552	0.956	0.9545	1.4154	0.9554	0.9589	2.7943	0.9549	0.9549	0.9548	0.9543	0.9547	0.9554	0.9551	0.9591	0.9558	0.9551	0.9546	0.9546	0.956	1.139	1.3035	1.1042	0.9549	0.9545	0.9554	0.9547	0.9547	0.9554	0.9547	0.9546	0.9548	0.9577	0.955	0.9554	0.956	0.9983	0.9549	0.9547	0.9564	0.9563	0.9848	0	0.9546	0.9549	0.9549	0.9858	0.9554	3.0103	1.1429	0.9548
  z	0.9615	0.9613	0.959	0.9614	0.9606	0.9604	0.9596	0.9616	0.9305	0.9614	0.9605	0.9364	0.9612	0.9613	0.9608	0.961	0.9612	0.9477	0.9613	0.961	0.9528	0.9612	0.9614	0.9612	0.9603	0.9613	0.9613	0.9565	0.9593	0.9612	0.9613	0.9613	0.9613	0.9613	0.9586	0.9562	0.9518	0.9612	0.9613	0.9613	0.9613	0.9613	0.9614	0.9613	0.9613	0.9614	0.9562	0.9612	0.9614	0.9614	0.9535	0.9579	0.9613	0.9613	0.9614	0.9606	0.9546	0	0.9614	0.9613	1.4399	0.9613	0.8884	0.9525	0.9613
  {	0.9616	0.9614	0.9598	0.9615	0.9612	0.9621	0.9599	0.9618	0.9324	0.9615	0.9609	0.9568	0.9615	0.9614	0.961	0.9612	0.9615	0.9488	0.9614	0.9612	0.9537	0.9614	0.9615	0.9615	0.9605	0.9614	0.9614	0.957	0.9602	0.9614	0.9614	0.9614	0.9615	0.9616	0.9589	0.9582	1.2527	0.9614	0.9614	0.9614	0.9614	0.9614	0.9616	0.9614	0.9614	0.9615	1.5573	0.9614	0.9616	0.9616	0.9544	0.9581	0.9614	0.9615	0.9615	0.9609	0.9549	0.9614	0	0.9614	0.9713	0.9614	0.9357	0.9534	0.9618
  |	0.9615	0.9613	0.9592	0.9614	0.9607	0.9605	1.3077	0.9617	0.9322	0.9614	0.9607	0.9376	0.9612	0.9613	0.9609	0.9611	0.9613	0.9483	0.9613	0.9611	0.9533	0.9612	0.9614	0.9613	0.9604	0.9613	0.9614	0.9567	0.9595	0.9612	0.9614	0.9613	0.9614	0.9613	0.9588	0.9565	0.9522	0.9613	0.9613	0.9614	0.9613	0.9614	0.9614	0.9613	0.9613	0.9614	0.9565	0.9613	0.9614	0.9614	0.9539	0.9581	0.9614	0.9613	0.9614	0.9606	0.9549	0.9613	0.9614	0	0.9601	0.9613	1.0459	0.953	0.9614
  }	0.9607	0.9602	0.9621	1.2021	0.9602	1.0451	0.9603	0.9606	0.9459	0.9602	1.4425	2.2658	0.96	0.9603	0.96	2.5627	0.96	1.3462	0.9601	0.9609	0.9632	0.9604	0.9601	0.9601	0.9597	0.9601	0.9602	1.2742	1.4428	1.4087	0.9602	0.96	0.96	0.9605	0.9593	0.9596	2.7024	1.1785	0.96	0.9602	0.9601	0.96	0.9604	0.9601	1.472	0.9603	1.4408	1.4404	0.9605	0.9603	0.9575	0.9589	0.96	0.9606	0.9608	0.9605	0.9858	1.4399	0.9713	0.9601	0	0.9601	4.0577	0.9572	0.9604
  ~	0.9616	0.9613	0.9594	0.9614	0.9607	0.9606	0.9613	0.9617	0.9345	0.9614	0.9608	0.9395	0.9612	0.9613	0.9609	0.9611	0.9613	0.9493	0.9613	0.9611	0.9541	0.9612	0.9614	0.9612	0.9605	0.9613	0.9613	0.9571	0.9598	0.9612	0.9613	0.9613	0.9613	0.9613	0.959	0.9569	0.953	0.9612	0.9613	0.9613	0.9613	0.9613	0.9614	0.9613	0.9613	0.9614	0.9569	0.9613	0.9614	0.9614	0.9545	0.9583	0.9613	0.9613	0.9614	0.9607	0.9554	0.9613	0.9614	0.9613	0.9601	0	1.3439	0.9537	0.9614
  	1.1557	1.671	4.0582	0.8953	1.0175	1.2994	5.7919	0.9673	72.0244	0.9046	5.0021	8.9175	0.8891	0.9861	1.3261	1.4734	0.8886	1.8386	1.3449	8.4799	6.5432	0.891	0.8901	0.8958	0.968	0.8897	1.345	1.422	4.5392	1.0498	1.126	0.8889	0.8891	1.3585	3.3695	1.6045	14.5845	0.9098	0.8901	1.3452	0.8898	0.8894	1.3381	0.8898	0.8885	0.9591	2.5565	1.0917	0.9189	1.804	9.4345	0.8956	0.8897	2.1931	2.0288	2.1923	3.0103	0.8884	0.9357	1.0459	4.0577	1.3439	0	1.5228	0.9316
  	0.9538	0.9546	1.4264	0.9536	1.2281	0.9547	0.9639	2.0696	1.4786	0.9527	0.9675	11.3535	0.9526	0.9688	0.9535	0.9541	0.9527	0.9611	0.9537	0.9589	4.3961	0.9529	0.9529	0.9532	0.953	0.9527	0.9537	0.9532	2.1703	0.9578	0.9534	0.9526	0.9526	1.2402	0.9559	4.7294	3.3991	1.3928	0.9526	0.9537	0.9527	1.3014	0.9539	0.9527	0.9525	0.9528	2.362	0.9531	0.9543	0.9549	2.2593	0.9518	0.9532	0.9552	0.9549	2.5231	1.1429	0.9525	0.9534	0.953	0.9572	0.9537	1.5228	0	0.9542
  	0.9615	0.9613	1.0815	0.9615	0.9609	0.961	0.9601	0.9617	0.9317	1.007	1.1224	1.2072	0.9613	0.9788	0.9609	0.9611	0.9614	0.9487	0.9614	0.9611	0.9545	0.9614	0.9615	0.9614	0.9605	0.9613	0.9614	1.1201	0.96	0.9613	0.9614	0.9613	0.9614	0.9615	0.9588	0.9896	1.162	0.9613	0.9614	0.9614	0.9614	0.9614	0.9615	0.9614	0.9613	0.9614	1.6652	0.9613	0.9616	1.2001	0.9541	0.9581	0.9614	0.9614	0.9615	0.9609	0.9548	0.9613	0.9618	0.9614	0.9604	0.9614	0.9316	0.9542	0

Actual rates from j->i (Q_ij):
	A	B	C	D	E	F	G	H	I	J	K	L	M	N	O	P	Q	R	S	T	U	V	W	X	Y	Z	[	\	]	^	_	`	a	b	c	d	e	f	g	h	i	j	k	l	m	n	o	p	q	r	s	t	u	v	w	x	y	z	{	|	}	~			
  A	0	0.0174	0.0174	0.0174	0.0174	0.0174	0.0174	0.0174	0.017	0.0174	0.0174	0.0171	0.0174	0.0174	0.0174	0.0174	0.0174	0.0172	0.0174	0.0174	0.0173	0.0174	0.0174	0.0174	0.0174	0.0174	0.0174	0.0174	0.0217	0.0174	0.0174	0.0174	0.0174	0.0174	0.0174	0.0174	0.0173	0.0174	0.0174	0.0174	0.0174	0.0174	0.0174	0.0174	0.0174	0.0174	0.0174	0.0174	0.0174	0.0174	0.0173	0.0174	0.0174	0.0174	0.0174	0.0174	0.0173	0.0174	0.0174	0.0174	0.0174	0.0174	0.021	0.0173	0.0174
  B	0.0153	0	0.0153	0.0153	0.0153	0.0153	0.0153	0.0153	0.0171	0.0153	0.0153	0.015	0.0153	0.0153	0.0153	0.0153	0.0153	0.0151	0.0153	0.0153	0.0216	0.0153	0.0153	0.0153	0.0153	0.0153	0.0153	0.0152	0.0153	0.0153	0.0153	0.0153	0.0153	0.0163	0.0152	0.0152	0.0152	0.0153	0.0153	0.0153	0.0153	0.0153	0.0153	0.0153	0.0153	0.0153	0.0152	0.0153	0.0153	0.0155	0.0152	0.0152	0.0153	0.0153	0.0153	0.0153	0.0152	0.0153	0.0153	0.0153	0.0153	0.0153	0.0266	0.0152	0.0153
  C	0.0097	0.0097	0	0.0097	0.0104	0.0097	0.0177	0.0097	0.0098	0.0102	0.013	0.0352	0.0097	0.0123	0.0097	0.0097	0.0097	0.0097	0.0097	0.0097	0.0317	0.0145	0.0097	0.0097	0.0097	0.0097	0.0097	0.011	0.0151	0.0097	0.0097	0.0097	0.0097	0.0126	0.0097	0.0098	0.0412	0.0097	0.0193	0.0097	0.0097	0.0097	0.0122	0.0097	0.0097	0.0097	0.0115	0.0097	0.0181	0.0097	0.0239	0.0097	0.0097	0.0097	0.0097	0.013	0.0097	0.0097	0.0097	0.0097	0.0097	0.0097	0.041	0.0144	0.0109
  D	0.0173	0.0173	0.0173	0	0.0173	0.0173	0.0173	0.0173	0.0168	0.0173	0.0173	0.0231	0.0173	0.0173	0.0173	0.0173	0.0173	0.0601	0.0173	0.0173	0.0172	0.0173	0.0173	0.0173	0.0173	0.0173	0.0173	0.0233	0.0173	0.0173	0.0173	0.0173	0.0173	0.0173	0.0173	0.0172	0.0172	0.0173	0.0173	0.0173	0.0173	0.0173	0.0173	0.0173	0.0174	0.0173	0.0172	0.0173	0.0173	0.0173	0.0172	0.0173	0.0173	0.0173	0.0173	0.0173	0.0172	0.0173	0.0173	0.0173	0.0217	0.0173	0.0161	0.0172	0.0173
  E	0.0167	0.0167	0.018	0.0167	0	0.0167	0.0167	0.0167	0.0163	0.0167	0.0167	0.0412	0.0167	0.0167	0.0167	0.0167	0.025	0.0165	0.0167	0.0167	0.0166	0.0167	0.0167	0.0204	0.0167	0.0167	0.0167	0.0166	0.0184	0.0167	0.0167	0.0167	0.0167	0.0167	0.0167	0.0251	0.0336	0.0167	0.0167	0.0167	0.0167	0.0167	0.0167	0.0167	0.0167	0.0167	0.058	0.0167	0.0167	0.0167	0.0166	0.0166	0.0167	0.0167	0.0167	0.0167	0.0166	0.0167	0.0167	0.0167	0.0167	0.0167	0.0177	0.0213	0.0167
  F	0.0156	0.0156	0.0157	0.0157	0.0156	0	0.0156	0.0157	0.0221	0.0156	0.0157	0.0234	0.0176	0.0157	0.0157	0.0379	0.0156	0.0632	0.0156	0.0157	0.0156	0.0162	0.0157	0.0157	0.0156	0.0157	0.0156	0.0226	0.0157	0.0156	0.0156	0.0156	0.0157	0.0156	0.0156	0.0156	0.0656	0.0156	0.0156	0.0156	0.0156	0.0156	0.0157	0.0156	0.0156	0.0156	0.063	0.0156	0.0157	0.0157	0.0172	0.0226	0.0156	0.0156	0.0157	0.0156	0.0159	0.0156	0.0157	0.0156	0.017	0.0156	0.0212	0.0155	0.0157
  G	0.0083	0.0083	0.0151	0.0083	0.0083	0.0083	0	0.0083	0.0277	0.0083	0.0086	0.0135	0.0083	0.0083	0.0083	0.0083	0.0083	0.0082	0.0083	0.0086	0.0171	0.0083	0.0083	0.0083	0.0082	0.0083	0.0083	0.0088	0.0124	0.0083	0.0083	0.0083	0.0083	0.0083	0.0083	0.0083	0.0082	0.0083	0.0083	0.0083	0.0083	0.0083	0.0083	0.0083	0.0083	0.0083	0.0089	0.0083	0.0108	0.0083	0.0082	0.0082	0.0083	0.0083	0.0083	0.0083	0.0082	0.0083	0.0083	0.0112	0.0083	0.0083	0.0498	0.0083	0.0083
  H	0.0176	0.0176	0.0176	0.0176	0.0176	0.0176	0.0176	0	0.0174	0.0176	0.0176	0.0263	0.0176	0.0176	0.0176	0.0176	0.0176	0.0174	0.0176	0.0176	0.0239	0.0176	0.0176	0.0176	0.0176	0.0176	0.0176	0.0175	0.0176	0.0176	0.0176	0.0176	0.0176	0.0176	0.0176	0.0263	0.0175	0.0176	0.0176	0.0176	0.0176	0.0176	0.0176	0.0176	0.0176	0.0176	0.0175	0.0176	0.0176	0.0176	0.0175	0.0175	0.0176	0.0176	0.0176	0.0176	0.0175	0.0176	0.0176	0.0176	0.0176	0.0176	0.0177	0.0379	0.0176
  I	0.0017	0.002	0.0018	0.0017	0.0017	0.0025	0.0059	0.0017	0	0.0017	0.0026	0.0072	0.0017	0.0017	0.0017	0.0021	0.0017	0.0017	0.0017	0.0027	0.0091	0.0017	0.0017	0.0017	0.0017	0.0017	0.0017	0.0026	0.0043	0.0017	0.0017	0.0017	0.0017	0.0017	0.0046	0.0027	0.002	0.0017	0.0017	0.0017	0.0017	0.0017	0.0017	0.0017	0.0017	0.0017	0.0057	0.0017	0.0017	0.0017	0.0035	0.0017	0.0017	0.0017	0.0017	0.0017	0.0067	0.0017	0.0017	0.0017	0.0017	0.0017	0.1311	0.0027	0.0017
  J	0.0187	0.0187	0.0197	0.0187	0.0187	0.0187	0.0187	0.0187	0.0181	0	0.0201	0.0182	0.0187	0.0189	0.0187	0.0187	0.0187	0.0184	0.0187	0.0187	0.0185	0.0187	0.0187	0.0187	0.0187	0.0187	0.0187	0.0267	0.0187	0.0187	0.0187	0.0187	0.0187	0.0187	0.0186	0.0186	0.0185	0.0187	0.0187	0.0187	0.0187	0.0187	0.0187	0.0187	0.0187	0.0187	0.0186	0.0187	0.0187	0.0187	0.0185	0.0186	0.0187	0.0187	0.0187	0.0187	0.0186	0.0187	0.0187	0.0187	0.0187	0.0187	0.0176	0.0185	0.0196
  K	0.0092	0.0092	0.0124	0.0092	0.0092	0.0092	0.0096	0.0092	0.014	0.0099	0	0.0098	0.0092	0.0103	0.0092	0.0092	0.0092	0.0092	0.0092	0.0093	0.0094	0.0092	0.0092	0.0092	0.0092	0.0092	0.0092	0.0112	0.01	0.0092	0.0092	0.0092	0.0092	0.0092	0.0092	0.0093	0.0093	0.0092	0.0092	0.0092	0.0092	0.0092	0.0092	0.0092	0.0092	0.0092	0.0094	0.0092	0.0092	0.0092	0.0093	0.0092	0.0092	0.0092	0.011	0.0093	0.0138	0.0092	0.0092	0.0092	0.0139	0.0092	0.0481	0.0093	0.0108
  L	0.0075	0.0075	0.0277	0.0102	0.0189	0.0114	0.0125	0.0114	0.0315	0.0075	0.0081	0	0.0075	0.0075	0.0075	0.01	0.0075	0.0113	0.0075	0.0112	0.1055	0.0075	0.0075	0.0113	0.0076	0.0075	0.0075	0.0086	0.0421	0.0281	0.0075	0.0075	0.0075	0.0075	0.0077	0.0915	0.0681	0.0075	0.0075	0.0075	0.0075	0.0075	0.0075	0.0075	0.0075	0.0075	0.0584	0.0075	0.0177	0.0075	0.0456	0.0075	0.0075	0.0082	0.0075	0.0197	0.0151	0.0075	0.0076	0.0075	0.018	0.0075	0.071	0.0904	0.0096
  M	0.0188	0.0188	0.0187	0.0188	0.0188	0.0211	0.0187	0.0188	0.0182	0.0188	0.0188	0.0183	0	0.0188	0.0188	0.0188	0.0188	0.0185	0.0188	0.0188	0.0186	0.0188	0.0188	0.0188	0.0188	0.0188	0.0188	0.0187	0.0187	0.0188	0.0188	0.0188	0.0188	0.0188	0.0187	0.0187	0.0223	0.0188	0.0188	0.0188	0.0188	0.0188	0.0188	0.0188	0.0188	0.0188	0.0322	0.0188	0.0188	0.0188	0.0186	0.0187	0.0188	0.0188	0.0188	0.0188	0.0186	0.0188	0.0188	0.0188	0.0188	0.0188	0.0174	0.0186	0.0188
  N	0.0179	0.0179	0.0225	0.0179	0.0178	0.0179	0.0178	0.0179	0.0173	0.018	0.0198	0.0175	0.0179	0	0.0178	0.0179	0.0179	0.0332	0.0179	0.0179	0.0233	0.0179	0.0179	0.0179	0.0178	0.0179	0.0179	0.0185	0.0178	0.0179	0.0179	0.0179	0.0179	0.0179	0.0178	0.0178	0.0178	0.0179	0.0179	0.0179	0.0179	0.0179	0.0179	0.0179	0.0179	0.0179	0.0178	0.0179	0.0179	0.0179	0.0177	0.0178	0.0179	0.0179	0.0179	0.0178	0.0177	0.0179	0.0179	0.0179	0.0178	0.0179	0.0183	0.018	0.0182
  O	0.0166	0.0166	0.0166	0.0166	0.0166	0.0166	0.0166	0.0166	0.0165	0.0166	0.0166	0.0163	0.0166	0.0166	0	0.0166	0.0166	0.0164	0.0166	0.0166	0.0165	0.0166	0.0166	0.0166	0.0166	0.0166	0.0166	0.0165	0.0166	0.0166	0.0166	0.0166	0.0166	0.0166	0.0166	0.0165	0.0245	0.0166	0.0166	0.0166	0.0166	0.0166	0.0166	0.0166	0.0166	0.0166	0.0167	0.0166	0.0166	0.0166	0.0165	0.0165	0.0166	0.0166	0.0166	0.0166	0.0165	0.0166	0.0166	0.0166	0.0166	0.0166	0.0229	0.0165	0.0166
  P	0.0166	0.0166	0.0166	0.0166	0.0166	0.0403	0.0166	0.0166	0.0203	0.0166	0.0166	0.0217	0.0166	0.0166	0.0166	0	0.0166	0.026	0.0166	0.0166	0.0296	0.0166	0.0166	0.0166	0.0166	0.0166	0.0166	0.0186	0.0166	0.0166	0.0166	0.0166	0.0166	0.0166	0.0166	0.0166	0.0248	0.0166	0.0166	0.0166	0.0166	0.0166	0.0166	0.0166	0.0166	0.0211	0.0167	0.0166	0.0166	0.0166	0.0165	0.0166	0.0166	0.0166	0.0226	0.0166	0.0165	0.0166	0.0166	0.0166	0.0443	0.0166	0.0255	0.0165	0.0166
  Q	0.019	0.019	0.0189	0.019	0.0283	0.0189	0.0189	0.019	0.0184	0.019	0.019	0.0185	0.019	0.019	0.019	0.019	0	0.0187	0.019	0.019	0.0188	0.019	0.019	0.019	0.0189	0.019	0.019	0.0189	0.0189	0.019	0.019	0.019	0.019	0.019	0.0189	0.0189	0.0279	0.019	0.019	0.019	0.019	0.019	0.019	0.019	0.019	0.019	0.0386	0.019	0.019	0.019	0.0188	0.0189	0.019	0.019	0.019	0.0189	0.0188	0.019	0.019	0.019	0.0189	0.019	0.0175	0.0188	0.019
  R	0.0114	0.0114	0.0114	0.0399	0.0114	0.0464	0.0114	0.0114	0.0113	0.0113	0.0114	0.0169	0.0113	0.0214	0.0114	0.018	0.0113	0	0.0114	0.0114	0.0199	0.0222	0.0166	0.0113	0.0113	0.0113	0.0114	0.073	0.0114	0.0114	0.0113	0.0113	0.0113	0.0114	0.0114	0.0114	0.0759	0.0113	0.0113	0.0114	0.0113	0.0113	0.0114	0.0113	0.0113	0.0113	0.0165	0.0113	0.0114	0.0114	0.0114	0.0869	0.0113	0.0114	0.0114	0.0114	0.0169	0.0113	0.0113	0.0113	0.0161	0.0114	0.022	0.0115	0.0113
  S	0.0166	0.0166	0.0166	0.0166	0.0166	0.0166	0.0166	0.0166	0.0161	0.0166	0.0166	0.0162	0.0166	0.0166	0.0166	0.0166	0.0166	0.0164	0	0.0166	0.0165	0.0166	0.0166	0.0166	0.0166	0.0166	0.0166	0.0165	0.0166	0.0166	0.0166	0.0166	0.0166	0.0166	0.0165	0.0165	0.0164	0.0166	0.0166	0.0166	0.0166	0.0166	0.0166	0.0166	0.0166	0.0166	0.0165	0.0166	0.0166	0.0166	0.0165	0.0165	0.0166	0.0166	0.0166	0.0166	0.0165	0.0166	0.0166	0.0166	0.0166	0.0166	0.0232	0.0165	0.0166
