Map from character to field name
A:	Algeria
B:	Argentina
C:	Australia
D:	Austria
E:	Bangladesh
F:	Belgium
G:	Brazil
H:	Cambodia
I:	Canada
J:	Chad
K:	Chile
L:	China
M:	Czech Republic
N:	Denmark
O:	Egypt
P:	France
Q:	Georgia
R:	Germany
S:	Guam
T:	Guatemala
U:	Hong Kong
V:	Hungary
W:	Iceland
X:	India
Y:	Indonesia
Z:	Iran
[:	Ireland
\:	Italy
]:	Japan
^:	Kazakhstan
_:	Kuwait
`:	Laos
a:	Luxembourg
b:	Malaysia
c:	Mexico
d:	Mongolia
e:	Netherlands
f:	New Zealand
g:	Nicaragua
h:	Nigeria
i:	Norway
j:	Pakistan
k:	Peru
l:	Philippines
m:	Poland
n:	Romania
o:	Russia
p:	Saudi Arabia
q:	Singapore
r:	South Africa
s:	South Korea
t:	Spain
u:	Sri Lanka
v:	Sweden
w:	Switzerland
x:	Taiwan
y:	Thailand
z:	Turkey
{:	Ukraine
|:	United Arab Emirates
}:	United Kingdom
~:	Uruguay
:	Usa
:	Vietnam
:	Zambia
:	?


Substitution rate (mu): 16.728037

Equilibrium frequencies (pi_i):
  A: 0.0183
  B: 0.0157
  C: 0.0094
  D: 0.0186
  E: 0.0203
  F: 0.0179
  G: 0.0081
  H: 0.0181
  I: 0.0019
  J: 0.0193
  K: 0.0121
  L: 0.0057
  M: 0.019
  N: 0.0171
  O: 0.0195
  P: 0.0139
  Q: 0.0194
  R: 0.0124
  S: 0.0172
  T: 0.0072
  U: 0.0071
  V: 0.0193
  W: 0.0186
  X: 0.0182
  Y: 0.0187
  Z: 0.0193
  [: 0.0177
  \: 0.0182
  ]: 0.0076
  ^: 0.0159
  _: 0.0191
  `: 0.0193
  a: 0.0193
  b: 0.0146
  c: 0.011
  d: 0.0111
  e: 0.0047
  f: 0.0169
  g: 0.0185
  h: 0.0189
  i: 0.0194
  j: 0.0175
  k: 0.0171
  l: 0.0191
  m: 0.0193
  n: 0.0195
  o: 0.0112
  p: 0.0153
  q: 0.0155
  r: 0.0144
  s: 0.0073
  t: 0.0191
  u: 0.0191
  v: 0.0129
  w: 0.0165
  x: 0.014
  y: 0.0168
  z: 0.0194
  {: 0.0176
  |: 0.0194
  }: 0.0093
  ~: 0.0176
  : 0.0052
  : 0.0126
  : 0.0194

Symmetrized rates from j->i (W_ij):
	A	B	C	D	E	F	G	H	I	J	K	L	M	N	O	P	Q	R	S	T	U	V	W	X	Y	Z	[	\	]	^	_	`	a	b	c	d	e	f	g	h	i	j	k	l	m	n	o	p	q	r	s	t	u	v	w	x	y	z	{	|	}	~			
  A	0	0.9684	0.9659	0.9685	0.9676	0.967	0.9657	0.9683	0.9347	0.9686	0.969	0.9417	0.9685	0.9684	0.9685	0.968	0.9685	0.9585	0.9686	0.968	0.9612	0.9683	0.9685	0.9683	0.9656	0.9684	0.9686	0.9633	1.2532	0.9684	0.9685	0.9686	0.9685	0.9685	0.964	0.963	0.9581	0.9688	0.9685	0.9685	0.9686	0.9685	0.9685	0.9685	0.9684	0.9685	0.9641	0.9686	0.9686	0.9687	0.9612	0.9647	0.9685	0.9686	0.969	0.9682	0.961	0.9685	0.9686	0.9685	0.9659	0.9687	1.092	0.9586	0.9681
  B	0.9684	0	0.9653	0.9681	0.9673	0.9668	0.9656	0.968	0.9381	0.9682	1.1109	0.9431	0.9682	0.9681	0.9681	0.9676	0.9682	0.9595	0.9682	0.9675	0.9612	0.968	0.9682	0.968	0.9657	0.968	0.9682	0.9637	0.9644	0.9681	0.9681	0.9681	0.9681	0.9681	0.9643	0.9634	0.9585	0.9684	0.9682	0.9682	0.9682	0.9681	0.9681	0.9681	0.968	0.9681	0.9633	0.9682	0.9682	0.9682	0.9608	0.9649	0.9681	0.9682	0.9682	0.9671	0.9617	0.9681	0.9683	0.9681	0.9657	0.9682	1.7804	0.9593	0.9678
  C	0.9659	0.9653	0	0.9649	0.964	0.9647	1.9683	0.965	0.9515	1.0177	1.172	1.4317	0.9648	0.9657	0.9645	1.1208	0.9648	0.9619	0.965	1.017	1.3755	1.4175	0.9652	1.0025	0.9635	0.9645	0.965	1.1473	2.3081	0.966	0.9646	0.9645	0.9645	0.9664	0.993	0.9657	3.6059	1.1243	1.3243	0.9647	0.9646	0.9649	1.6347	0.9646	0.9645	0.9645	1.1962	0.9655	1.8016	0.966	1.4221	0.9626	0.9649	0.9661	0.9653	0.9713	1.0651	0.9645	0.9652	0.9645	0.966	0.9653	5.607	1.2219	1.249
  D	0.9685	0.9681	0.9649	0	0.9675	0.967	0.965	0.9682	0.9323	0.9685	0.9684	1.186	0.9684	0.9689	0.9684	0.9676	0.9684	3.3966	0.9684	0.9674	0.9605	0.9683	0.9684	0.9682	0.9655	0.9682	0.9684	1.4226	0.9636	0.9683	0.9684	0.9683	0.9683	0.9682	0.9636	0.9627	0.9569	0.9688	0.9684	0.9684	0.9684	0.9683	0.9683	0.9683	0.9683	0.9684	0.9625	0.9684	0.9684	0.9684	0.9594	0.9646	0.9684	0.9683	0.9687	0.967	0.9606	0.9684	0.9684	0.9684	0.9661	0.9684	0.893	0.9582	0.968
  E	0.9676	0.9673	0.964	0.9675	0	0.9659	0.9643	0.9673	0.9289	0.9675	0.9678	0.936	0.9675	0.9674	1.2724	0.9668	0.9676	0.9565	0.9676	0.967	0.9588	0.9673	0.9675	0.9674	0.9643	0.9673	0.9675	0.9617	0.9632	0.9813	0.9675	0.9674	0.9675	0.9675	0.9626	3.768	0.9611	0.9678	0.9675	0.9675	0.9675	0.9674	0.9675	0.9674	0.9673	0.9674	3.6168	0.9676	0.9677	0.9677	0.9582	0.9632	0.9675	0.9676	0.9676	0.9666	0.9594	0.9674	0.9676	0.9674	0.9644	0.9675	0.8863	0.973	0.967
  F	0.967	0.9668	0.9647	0.967	0.9659	0	0.9646	0.9666	0.9337	0.9668	1.1209	0.9401	0.9691	1.0159	0.9668	1.4472	1.0246	3.7966	0.9669	0.9669	1.0364	1.6877	0.9671	0.9667	0.964	0.9666	0.9669	1.4444	0.9637	0.9669	0.9669	0.9667	0.9667	0.9675	0.9629	0.9621	4.147	0.9673	0.9668	0.9668	0.9671	0.9668	0.9669	0.9667	0.9666	0.9667	3.0262	0.9671	0.9672	0.9675	0.9594	0.973	0.9668	0.9673	0.967	0.9663	1.1904	0.9667	0.967	0.9667	0.9649	0.9669	1.053	0.958	0.9669
  G	0.9657	0.9656	1.9683	0.965	0.9643	0.9646	0	0.965	0.9541	0.9653	1.2014	1.4117	0.9649	0.9654	0.9648	0.9659	0.9648	0.9618	0.9653	1.4467	0.9912	0.9649	0.9652	0.965	0.9637	0.9648	0.9652	0.9669	0.9663	1.0166	0.9649	0.9648	0.9648	0.9659	0.9647	0.9639	0.9637	0.9661	0.9734	0.965	0.9649	0.9652	0.9655	0.9649	0.9648	0.9648	0.9642	0.9658	1.4454	0.9659	0.9779	0.9632	0.9649	0.9663	0.9659	0.9656	0.9627	0.9648	0.9656	1.4473	1.0771	1.2598	7.2686	0.9616	0.9665
  H	0.9683	0.968	0.965	0.9682	0.9673	0.9666	0.965	0	0.9332	0.9682	0.9683	1.7588	0.9682	0.9682	0.9682	0.9675	0.9682	0.9583	0.9682	0.9674	0.9602	0.968	0.9682	0.968	0.9654	0.968	0.9682	0.9631	0.9757	0.9681	0.9682	0.9681	0.9681	0.9681	0.9636	1.0079	0.9575	0.9687	0.9682	0.9682	0.9682	0.9681	0.9681	0.9681	0.968	0.9681	1.0132	0.9682	0.9682	0.9682	0.9596	0.9644	0.9682	0.9681	0.9682	0.9777	0.9606	0.9682	0.9682	0.9682	0.9651	0.9682	0.8985	2.3977	0.9678
  I	0.9347	0.9381	0.9515	0.9323	0.9289	0.9337	0.9541	0.9332	0	0.9309	1.0013	0.9641	0.9315	0.9352	0.9306	0.9901	0.9308	0.9435	0.935	0.9551	0.955	0.9309	0.9328	0.933	0.9317	0.9309	0.9341	0.9328	1.4457	0.9376	0.9312	0.9309	0.9309	0.9404	3.9654	0.9459	0.9659	0.9356	0.9325	0.9319	0.9307	0.9345	1.0595	0.9313	0.9309	0.9306	0.9483	0.9387	0.9384	0.9408	1.9089	0.931	0.9313	0.9436	0.9366	0.9413	0.9361	0.9308	0.9357	0.9308	0.9519	0.9348	59.6164	1.414	0.9308
  J	0.9686	0.9682	1.0177	0.9685	0.9675	0.9668	0.9653	0.9682	0.9309	0	1.0445	0.9375	0.9685	0.9683	0.9684	0.9676	0.9685	0.9578	0.9684	0.9674	0.9596	0.9683	0.9684	0.9683	0.9654	0.9683	0.9685	1.3491	0.9634	0.9683	0.9684	0.9684	0.9684	0.9683	0.9634	0.9624	0.9564	0.9687	0.9685	0.9685	0.9685	0.9683	0.9684	0.9684	0.9684	0.9684	0.9623	0.9684	0.9685	0.9685	0.959	0.9644	0.9685	0.9683	0.9685	0.967	0.9604	0.9684	0.9685	0.9684	0.9651	0.9684	0.8916	0.9575	1.0233
  K	0.969	1.1109	1.172	0.9684	0.9678	1.1209	1.2014	0.9683	1.0013	1.0445	0	0.958	0.9685	0.9689	0.9683	0.97	0.9684	0.9634	0.9689	0.9722	0.9916	0.9684	0.9687	0.9684	0.9665	0.9683	0.9688	1.4758	0.9695	0.9689	0.9684	0.9683	0.9683	0.9699	0.9679	0.9653	1.1953	0.9692	0.9685	1.2794	0.9684	0.9687	0.969	0.9683	0.9683	0.9683	0.9671	0.9695	0.9695	0.9699	0.9733	0.9659	0.9683	0.9702	0.9695	0.9691	1.1669	0.9683	0.9691	0.9684	1.1966	0.9691	3.4963	0.9623	1.1817
  L	0.9417	0.9431	1.4317	1.186	0.936	0.9401	1.4117	1.7588	0.9641	0.9375	0.958	0	0.9379	0.9677	0.9372	0.947	0.9374	0.9468	0.9407	0.9607	10.8238	0.9376	0.9392	1.4104	1.4038	0.9374	0.94	1.1831	4.9468	2.503	0.9377	0.9374	0.9374	0.9457	0.9506	9.2948	1.1218	1.2488	1.377	0.9381	0.9373	0.9413	0.9413	0.9377	0.9373	0.9371	4.1687	0.9438	1.876	0.9451	8.1667	0.9366	0.9379	0.9482	0.942	3.963	1.4103	0.9372	0.9411	0.9373	1.2706	0.9406	16.8202	8.0439	0.9374
  M	0.9685	0.9682	0.9648	0.9684	0.9675	0.9691	0.9649	0.9682	0.9315	0.9685	0.9685	0.9379	0	0.9685	0.9684	0.9676	1.2655	0.9626	0.9684	0.9674	0.9601	0.9683	0.9686	0.9683	0.9654	0.9683	0.9684	0.9633	0.9635	0.9683	0.9685	0.9684	0.9684	0.9684	0.9635	0.9625	2.2356	0.9687	0.9685	0.9684	1.1379	0.9683	0.9684	0.9684	0.9683	0.9684	0.9844	0.9684	0.9685	0.9686	0.9592	0.9645	0.9685	0.9683	0.9684	0.9671	0.9606	0.9684	0.9685	0.9684	0.9652	0.9684	0.8917	0.9578	0.9682
  N	0.9684	0.9681	0.9657	0.9689	0.9674	1.0159	0.9654	0.9682	0.9352	0.9683	0.9689	0.9677	0.9685	0	0.9683	0.968	0.9685	1.5094	0.9683	0.9675	1.1343	0.9686	0.9684	0.9681	0.9656	0.9681	0.9683	0.9653	0.9647	0.9682	0.9683	0.9682	0.9682	0.9691	0.9639	0.9631	1.2131	0.9688	0.9683	0.9683	0.9684	0.9682	0.9682	0.9683	0.9681	0.9682	0.9653	0.9683	0.9684	0.9683	0.9603	0.9661	0.9683	0.9683	0.9683	0.9673	0.9614	0.9682	0.9684	0.9683	0.9658	0.9683	1.329	1.1469	0.968
  O	0.9685	0.9681	0.9645	0.9684	1.2724	0.9668	0.9648	0.9682	0.9306	0.9684	0.9683	0.9372	0.9684	0.9683	0	0.9675	0.9685	0.9576	0.9684	0.9674	0.9595	0.9682	0.9684	0.9682	0.9653	0.9683	0.9684	0.9628	0.9634	0.9682	0.9684	0.9683	0.9684	0.9682	0.9634	0.99	0.9616	0.9686	0.9684	0.9684	0.9685	0.9683	0.9683	0.9683	0.9682	0.9684	1.7045	0.9684	0.9684	0.9684	0.9589	0.9643	0.9684	0.9682	0.9684	0.967	0.9602	0.9684	0.9684	0.9684	0.965	0.9684	0.8896	0.9574	0.968
  P	0.968	0.9676	1.1208	0.9676	0.9668	1.4472	0.9659	0.9675	0.9901	0.9676	0.97	0.947	0.9676	0.968	0.9675	0	0.9676	2.4059	0.9677	0.9675	0.9624	0.9676	0.9677	0.9675	0.9654	0.9675	0.9677	0.9638	0.9661	0.9677	0.9676	0.9675	0.9675	0.9677	0.9646	0.9636	1.0353	0.968	0.9676	0.9676	0.9676	0.9676	0.9677	0.9676	0.9675	1.4514	0.9639	0.9678	0.9678	0.9678	0.9629	0.9647	0.9676	0.9679	1.2338	0.9669	0.9623	0.9678	0.9682	0.9676	2.9013	0.9678	2.8513	0.9601	0.9673
  Q	0.9685	0.9682	0.9648	0.9684	0.9676	1.0246	0.9648	0.9682	0.9308	0.9685	0.9684	0.9374	1.2655	0.9685	0.9685	0.9676	0	0.9615	0.9684	0.9674	0.9599	0.9683	0.9685	0.9683	0.9654	0.9683	0.9684	0.9633	0.9636	0.9683	0.9685	0.9684	0.9684	0.9684	0.9634	0.9625	1.3828	0.9687	0.9685	0.9684	1.2992	0.9683	0.9683	0.9685	0.9683	0.9684	1.7411	0.9684	0.9685	0.9685	0.959	0.9644	0.9684	0.9683	0.9684	0.9671	0.9604	0.9684	0.9685	0.9684	0.9651	0.9684	0.8904	0.9576	0.9681
  R	0.9585	0.9595	0.9619	3.3966	0.9565	3.7966	0.9618	0.9583	0.9435	0.9578	0.9634	0.9468	0.9626	1.5094	0.9576	2.4059	0.9615	0	0.9588	0.9638	1.0563	1.8105	0.9586	0.9582	0.9561	0.9576	0.9586	3.3633	0.9616	0.9595	0.9579	0.9576	0.9577	0.9607	0.9592	0.9585	6.2382	0.9593	0.9581	0.9579	0.9595	0.9609	0.9589	0.9578	0.9576	0.9576	0.9858	0.9599	0.9599	0.9608	0.9587	6.5583	0.9579	0.9709	0.9595	0.96	0.9546	0.9576	0.959	0.9576	1.4423	0.9587	2.2495	1.0457	0.958
  S	0.9686	0.9682	0.965	0.9684	0.9676	0.9669	0.9653	0.9682	0.935	0.9684	0.9689	0.9407	0.9684	0.9683	0.9684	0.9677	0.9684	0.9588	0	0.9675	0.9605	0.9682	0.9684	0.9682	0.9657	0.9683	0.9684	0.9635	0.964	0.9682	0.9684	0.9683	0.9684	0.9682	0.964	0.963	0.9575	0.9686	0.9684	0.9684	0.9684	0.9683	0.9683	0.9684	0.9683	0.9684	0.963	0.9684	0.9684	0.9684	0.9601	0.9648	0.9684	0.9683	0.9684	0.9671	0.9612	0.9684	0.9685	0.9684	0.9654	0.9684	1.3465	0.9587	0.968
  T	0.968	0.9675	1.017	0.9674	0.967	0.9669	1.4467	0.9674	0.9551	0.9674	0.9722	0.9607	0.9674	0.9675	0.9674	0.9675	0.9674	0.9638	0.9675	0	0.9649	0.9674	0.9676	0.9674	0.9663	0.9673	0.9675	0.9654	0.9668	0.9675	0.9674	0.9674	0.9674	0.9676	1.2402	0.9655	0.964	0.9676	0.987	0.9674	0.9674	0.9674	1.1565	0.9674	0.9673	0.9674	0.9657	0.9677	1.1434	0.9677	0.9648	0.9659	0.9674	0.9678	0.9676	0.9672	0.9649	0.9674	0.9678	0.9674	0.9671	0.9677	7.5902	0.9636	0.9672
  U	0.9612	0.9612	1.3755	0.9605	0.9588	1.0364	0.9912	0.9602	0.955	0.9596	0.9916	10.8238	0.9601	1.1343	0.9595	0.9624	0.9599	1.0563	0.9605	0.9649	0	0.9599	0.9607	0.9602	0.9591	0.9595	0.9603	1.3185	2.8386	0.9612	0.9599	0.9595	0.9595	2.758	0.9618	0.9614	6.0292	1.4165	0.96	0.9598	0.9597	0.9604	0.9606	0.9597	0.9595	0.9595	1.0429	0.9614	0.9616	0.9621	0.9958	0.9593	1.0143	0.9627	0.9609	1.3312	0.9587	0.9595	0.9609	0.9595	1.4471	0.9605	5.7376	2.5114	0.9599
  V	0.9683	0.968	1.4175	0.9683	0.9673	1.6877	0.9649	0.968	0.9309	0.9683	0.9684	0.9376	0.9683	0.9686	0.9682	0.9676	0.9683	1.8105	0.9682	0.9674	0.9599	0	0.9682	0.968	0.9652	0.9681	0.9682	0.963	0.9634	0.9681	0.9682	0.9681	0.9682	0.9681	0.9633	0.9623	1.4347	0.9687	0.9685	0.9682	0.9683	0.9681	0.9998	0.9682	0.9681	0.9682	0.9727	0.9682	0.9684	0.9683	0.959	0.9645	0.9682	0.9681	0.9682	0.9668	0.9602	0.9682	0.9683	0.9682	0.965	0.9682	0.9121	0.9574	0.9679
  W	0.9685	0.9682	0.9652	0.9684	0.9675	0.9671	0.9652	0.9682	0.9328	0.9684	0.9687	0.9392	0.9686	0.9684	0.9684	0.9677	0.9685	0.9586	0.9684	0.9676	0.9607	0.9682	0	0.9682	0.9655	0.9683	0.9684	0.9634	0.9647	0.9683	0.9684	0.9683	0.9684	0.9685	0.9637	0.9626	1.3393	0.9687	0.9684	0.9684	0.9685	0.9683	0.9683	0.9684	0.9683	0.9684	0.9635	0.9684	0.9685	0.9685	0.9596	0.9645	0.9684	0.9684	0.9684	0.9671	0.9607	0.9684	0.9686	0.9684	0.9657	0.9684	0.9935	0.958	0.9681
  X	0.9683	0.968	1.0025	0.9682	0.9674	0.9667	0.965	0.968	0.933	0.9683	0.9684	1.4104	0.9683	0.9681	0.9682	0.9675	0.9683	0.9582	0.9682	0.9674	0.9602	0.968	0.9682	0	0.9654	0.9681	0.9682	0.9631	0.9639	0.9682	0.9682	0.9682	0.9682	0.9681	0.9636	1.8514	0.9569	0.9689	0.9683	0.9682	0.9683	0.9681	0.9682	0.9682	0.9681	0.9682	1.3541	0.9682	0.9683	0.9683	0.9597	0.9644	0.9682	0.9682	0.9682	0.9671	0.9606	0.9682	0.9683	0.9682	0.9651	0.9682	1.0219	1.0327	0.9678
  Y	0.9656	0.9657	0.9635	0.9655	0.9643	0.964	0.9637	0.9654	0.9317	0.9654	0.9665	1.4038	0.9654	0.9656	0.9653	0.9654	0.9654	0.9561	0.9657	0.9663	0.9591	0.9652	0.9655	0.9654	0	0.9652	0.9656	0.9602	0.9624	0.9658	0.9654	0.9653	0.9653	0.9659	0.9618	0.9611	0.9558	0.9662	0.9655	0.9654	0.9654	0.9655	0.9656	0.9654	0.9652	0.9653	0.9608	0.966	0.966	0.9661	0.9584	0.9615	0.9654	0.9662	0.9658	0.9649	0.9579	0.9653	0.9656	0.9653	0.9637	0.9656	0.8918	0.9562	0.9649
  Z	0.9684	0.968	0.9645	0.9682	0.9673	0.9666	0.9648	0.968	0.9309	0.9683	0.9683	0.9374	0.9683	0.9681	0.9683	0.9675	0.9683	0.9576	0.9683	0.9673	0.9595	0.9681	0.9683	0.9681	0.9652	0	0.9683	0.9628	0.9634	0.9681	0.9683	0.9682	0.9682	0.9681	0.9633	0.9623	0.9561	0.9685	0.9683	0.9683	0.9683	0.9682	0.9682	0.9682	0.9681	0.9682	1.4433	0.9683	0.9683	0.9683	0.9589	0.9642	0.9683	0.9682	0.9683	0.9669	0.9602	0.9682	0.9683	0.9682	0.965	0.9683	0.8901	0.9574	0.9678
  [	0.9686	0.9682	0.965	0.9684	0.9675	0.9669	0.9652	0.9682	0.9341	0.9685	0.9688	0.94	0.9684	0.9683	0.9684	0.9677	0.9684	0.9586	0.9684	0.9675	0.9603	0.9682	0.9684	0.9682	0.9656	0.9683	0	0.9634	0.9639	0.9683	0.9684	0.9684	0.9684	0.9683	0.9639	0.9629	0.9573	0.9686	0.9684	0.9684	0.9685	0.9683	0.9683	0.9684	0.9683	0.9684	0.9628	1.0774	0.9684	0.9684	0.9599	0.9647	0.9684	1.0794	0.9684	0.9671	0.961	0.9684	0.9685	0.9684	0.9654	0.9684	1.2399	0.9584	0.968
  \	0.9633	0.9637	1.1473	1.4226	0.9617	1.4444	0.9669	0.9631	0.9328	1.3491	1.4758	1.1831	0.9633	0.9653	0.9628	0.9638	0.9633	3.3633	0.9635	0.9654	1.3185	0.963	0.9634	0.9631	0.9602	0.9628	0.9634	0	0.9631	0.9638	0.963	0.9628	0.9629	0.9643	0.9606	0.9598	4.1403	0.9642	0.9632	0.9631	0.9631	0.9633	0.9635	0.9629	1.4437	0.9628	0.9601	0.964	0.9641	0.9648	0.9604	0.9595	0.963	0.9647	1.4458	0.9634	0.9564	0.9629	0.9637	0.9629	1.925	0.9634	1.0384	0.9551	1.1561
  ]	1.2532	0.9644	2.3081	0.9636	0.9632	0.9637	0.9663	0.9757	1.4457	0.9634	0.9695	4.9468	0.9635	0.9647	0.9634	0.9661	0.9636	0.9616	0.964	0.9668	2.8386	0.9634	0.9647	0.9639	0.9624	0.9634	0.9639	0.9631	0	0.9673	0.9634	1.4455	0.9634	0.9651	0.9643	1.0857	1.7391	0.9658	0.9637	0.9635	0.9634	0.9639	0.9642	0.9634	0.9633	0.9633	3.8332	0.9646	0.9649	0.965	2.6979	0.9619	0.9635	0.9654	0.9649	3.6486	0.9616	0.9633	0.9661	0.9633	1.4502	0.9644	6.1618	3.6804	0.9633
  ^	0.9684	0.9681	0.966	0.9683	0.9813	0.9669	1.0166	0.9681	0.9376	0.9683	0.9689	2.503	0.9683	0.9682	0.9682	0.9677	0.9683	0.9595	0.9682	0.9675	0.9612	0.9681	0.9683	0.9682	0.9658	0.9681	0.9683	0.9638	0.9673	0	0.9682	0.9682	0.9682	0.9682	0.9642	1.5729	1.0289	0.9691	0.9683	0.9683	0.9683	0.9682	0.9682	0.9682	0.9681	0.9682	1.2224	0.9683	0.9683	0.9683	0.9609	0.9649	0.9682	0.9682	0.9683	0.9673	0.9617	0.9682	0.9685	0.9682	1.5774	0.9683	1.3374	0.9596	0.9679
  _	0.9685	0.9681	0.9646	0.9684	0.9675	0.9669	0.9649	0.9682	0.9312	0.9684	0.9684	0.9377	0.9685	0.9683	0.9684	0.9676	0.9685	0.9579	0.9684	0.9674	0.9599	0.9682	0.9684	0.9682	0.9654	0.9683	0.9684	0.963	0.9634	0.9682	0	0.9683	0.9684	1.0543	0.9635	0.9624	1.3686	0.9687	0.9684	0.9684	0.9685	0.9683	0.9683	0.9684	0.9683	0.9684	0.9625	0.9684	0.9684	0.9684	0.9591	0.9644	0.9684	0.9683	0.9684	0.967	0.9604	0.9684	0.9684	0.9684	0.9651	0.9684	0.8911	0.9576	0.968
  `	0.9686	0.9681	0.9645	0.9683	0.9674	0.9667	0.9648	0.9681	0.9309	0.9684	0.9683	0.9374	0.9684	0.9682	0.9683	0.9675	0.9684	0.9576	0.9683	0.9674	0.9595	0.9681	0.9683	0.9682	0.9653	0.9682	0.9684	0.9628	1.4455	0.9682	0.9683	0	0.9683	0.9682	0.9634	0.9623	0.9561	0.9686	0.9684	0.9683	0.9684	0.9682	0.9683	0.9683	0.9682	0.9683	0.9623	0.9683	0.9683	0.9684	0.959	0.9643	0.9683	0.9682	0.9683	0.967	0.9602	0.9683	0.9684	0.9683	0.965	0.9683	0.8901	0.9574	0.9679
  a	0.9685	0.9681	0.9645	0.9683	0.9675	0.9667	0.9648	0.9681	0.9309	0.9684	0.9683	0.9374	0.9684	0.9682	0.9684	0.9675	0.9684	0.9577	0.9684	0.9674	0.9595	0.9682	0.9684	0.9682	0.9653	0.9682	0.9684	0.9629	0.9634	0.9682	0.9684	0.9683	0	0.9682	0.9634	0.9624	0.9562	0.9686	0.9684	0.9684	0.9684	0.9683	0.9683	0.9683	0.9682	0.9683	1.4434	0.9684	0.9684	0.9684	0.959	0.9643	0.9684	0.9682	0.9683	0.967	0.9603	0.9684	0.9684	0.9684	0.965	0.9684	0.8901	0.9575	0.9679
  b	0.9685	0.9681	0.9664	0.9682	0.9675	0.9675	0.9659	0.9681	0.9404	0.9683	0.9699	0.9457	0.9684	0.9691	0.9682	0.9677	0.9684	0.9607	0.9682	0.9676	2.758	0.9681	0.9685	0.9681	0.9659	0.9681	0.9683	0.9643	0.9651	0.9682	1.0543	0.9682	0.9682	0	0.9653	0.9638	2.6066	1.1481	0.9683	0.9683	0.9684	0.9682	0.9682	0.9682	0.9681	0.9682	0.964	0.9683	0.9683	0.9694	0.9614	0.9652	0.9684	0.9682	0.9683	0.9675	0.9624	0.9682	0.9684	0.9682	0.966	0.9683	2.2707	1.2149	0.9681
  c	0.964	0.9643	0.993	0.9636	0.9626	0.9629	0.9647	0.9636	3.9654	0.9634	0.9679	0.9506	0.9635	0.9639	0.9634	0.9646	0.9634	0.9592	0.964	1.2402	0.9618	0.9633	0.9637	0.9636	0.9618	0.9633	0.9639	0.9606	0.9643	0.9642	0.9635	0.9634	0.9634	0.9653	0	0.9622	0.9608	0.9642	0.9736	0.9635	0.9634	0.9638	1.0835	0.9634	0.9633	0.9634	0.9622	0.9645	1.0721	0.9648	1.0092	0.9612	0.9635	0.9651	0.9642	0.9641	0.9597	0.9634	0.964	0.9634	0.9644	0.964	3.3136	0.959	0.9632
  d	0.963	0.9634	0.9657	0.9627	3.768	0.9621	0.9639	1.0079	0.9459	0.9624	0.9653	9.2948	0.9625	0.9631	0.99	0.9636	0.9625	0.9585	0.963	0.9655	0.9614	0.9623	0.9626	1.8514	0.9611	0.9623	0.9629	0.9598	1.0857	1.5729	0.9624	0.9623	0.9624	0.9638	0.9622	0	1.0569	0.9651	0.9626	0.9625	0.9624	0.9629	0.963	0.9624	0.9623	0.9623	7.0005	0.9636	0.9636	0.9639	1.516	0.9601	0.9625	0.9643	0.9632	0.9901	1.9169	0.9623	0.963	0.9623	0.9637	0.9629	0.9377	3.1333	0.9621
  e	0.9581	0.9585	3.6059	0.9569	0.9611	4.147	0.9637	0.9575	0.9659	0.9564	1.1953	1.1218	2.2356	1.2131	0.9616	1.0353	1.3828	6.2382	0.9575	0.964	6.0292	1.4347	1.3393	0.9569	0.9558	0.9561	0.9573	4.1403	1.7391	1.0289	1.3686	0.9561	0.9562	2.6066	0.9608	1.0569	0	1.6005	0.9574	0.9565	1.0625	1.0303	0.9754	1.4344	0.9561	0.956	8.0173	0.9589	1.2686	1.1734	1.2228	0.957	1.0935	1.4997	0.9581	1.0679	1.9143	0.9561	1.5028	0.9561	2.2427	0.9575	16.6889	2.9011	1.3955
  f	0.9688	0.9684	1.1243	0.9688	0.9678	0.9673	0.9661	0.9687	0.9356	0.9687	0.9692	1.2488	0.9687	0.9688	0.9686	0.968	0.9687	0.9593	0.9686	0.9676	1.4165	0.9687	0.9687	0.9689	0.9662	0.9685	0.9686	0.9642	0.9658	0.9691	0.9687	0.9686	0.9686	1.1481	0.9642	0.9651	1.6005	0	0.969	0.9687	0.9687	0.9685	0.9688	0.9686	0.9685	0.9686	0.9643	0.9686	0.9696	0.9687	0.9625	0.9651	0.9897	0.9685	0.9686	0.9681	0.962	0.9686	0.9687	0.9686	0.9657	0.9686	1.36	1.2601	0.9685
  g	0.9685	0.9682	1.3243	0.9684	0.9675	0.9668	0.9734	0.9682	0.9325	0.9685	0.9685	1.377	0.9685	0.9683	0.9684	0.9676	0.9685	0.9581	0.9684	0.987	0.96	0.9685	0.9684	0.9683	0.9655	0.9683	0.9684	0.9632	0.9637	0.9683	0.9684	0.9684	0.9684	0.9683	0.9736	0.9626	0.9574	0.969	0	0.9684	0.9685	0.9683	1.1066	0.9684	0.9683	0.9684	0.9626	0.9684	0.991	0.9684	0.9595	0.9646	0.9684	0.9683	0.9684	0.967	0.9607	0.9684	0.9684	0.9684	0.9652	0.9684	0.9458	0.9579	0.968
  h	0.9685	0.9682	0.9647	0.9684	0.9675	0.9668	0.965	0.9682	0.9319	0.9685	1.2794	0.9381	0.9684	0.9683	0.9684	0.9676	0.9684	0.9579	0.9684	0.9674	0.9598	0.9682	0.9684	0.9682	0.9654	0.9683	0.9684	0.9631	0.9635	0.9683	0.9684	0.9683	0.9684	0.9683	0.9635	0.9625	0.9565	0.9687	0.9684	0	0.9685	0.9683	0.9683	0.9684	0.9683	0.9684	0.9624	0.9684	0.9684	0.9684	0.9592	0.9645	0.9684	0.9683	0.9684	0.967	0.9605	0.9684	0.9685	0.9684	1.0724	0.9684	0.9855	0.9577	0.968
  i	0.9686	0.9682	0.9646	0.9684	0.9675	0.9671	0.9649	0.9682	0.9307	0.9685	0.9684	0.9373	1.1379	0.9684	0.9685	0.9676	1.2992	0.9595	0.9684	0.9674	0.9597	0.9683	0.9685	0.9683	0.9654	0.9683	0.9685	0.9631	0.9634	0.9683	0.9685	0.9684	0.9684	0.9684	0.9634	0.9624	1.0625	0.9687	0.9685	0.9685	0	0.9684	0.9684	0.9685	0.9683	0.9684	0.964	0.9684	0.9685	0.9685	0.959	0.9644	0.9685	0.9683	0.9684	0.967	0.9604	0.9684	0.9685	0.9685	0.9651	0.9685	0.8899	0.9575	0.9681
  j	0.9685	0.9681	0.9649	0.9683	0.9674	0.9668	0.9652	0.9681	0.9345	0.9683	0.9687	0.9413	0.9683	0.9682	0.9683	0.9676	0.9683	0.9609	0.9683	0.9674	0.9604	0.9681	0.9683	0.9681	0.9655	0.9682	0.9683	0.9633	0.9639	0.9682	0.9683	0.9682	0.9683	0.9682	0.9638	0.9629	1.0303	0.9685	0.9683	0.9683	0.9684	0	0.9682	0.9683	0.9682	0.9683	0.9628	0.9683	0.9683	0.9683	0.9599	0.9647	0.9683	0.9698	0.9683	0.967	0.961	0.9683	0.9684	0.9683	0.9654	0.9683	1.2719	0.9584	0.9679
  k	0.9685	0.9681	1.6347	0.9683	0.9675	0.9669	0.9655	0.9681	1.0595	0.9684	0.969	0.9413	0.9684	0.9682	0.9683	0.9677	0.9683	0.9589	0.9683	1.1565	0.9606	0.9998	0.9683	0.9682	0.9656	0.9682	0.9683	0.9635	0.9642	0.9682	0.9683	0.9683	0.9683	0.9682	1.0835	0.963	0.9754	0.9688	1.1066	0.9683	0.9684	0.9682	0	0.9683	0.9682	0.9683	0.963	0.9683	1.2105	0.9684	0.9602	0.9647	0.9683	0.9683	0.9683	0.9671	0.9613	0.9683	0.9684	0.9683	0.9655	0.9684	1.3678	0.9587	0.968
  l	0.9685	0.9681	0.9646	0.9683	0.9674	0.9667	0.9649	0.9681	0.9313	0.9684	0.9683	0.9377	0.9684	0.9683	0.9683	0.9676	0.9685	0.9578	0.9684	0.9674	0.9597	0.9682	0.9684	0.9682	0.9654	0.9682	0.9684	0.9629	0.9634	0.9682	0.9684	0.9683	0.9683	0.9682	0.9634	0.9624	1.4344	0.9686	0.9684	0.9684	0.9685	0.9683	0.9683	0	0.9682	0.9683	0.9624	0.9684	0.9684	0.9684	0.9591	0.9644	0.9684	0.9682	0.9683	0.967	0.9604	0.9683	0.9684	0.9684	0.9651	0.9684	0.891	0.9576	0.968
  m	0.9684	0.968	0.9645	0.9683	0.9673	0.9666	0.9648	0.968	0.9309	0.9684	0.9683	0.9373	0.9683	0.9681	0.9682	0.9675	0.9683	0.9576	0.9683	0.9673	0.9595	0.9681	0.9683	0.9681	0.9652	0.9681	0.9683	1.4437	0.9633	0.9681	0.9683	0.9682	0.9682	0.9681	0.9633	0.9623	0.9561	0.9685	0.9683	0.9683	0.9683	0.9682	0.9682	0.9682	0	0.9682	0.9622	0.9683	0.9683	0.9683	0.9589	0.9642	0.9683	0.9682	0.9686	0.9668	0.9602	0.9682	0.9683	0.9682	0.9651	0.9683	0.8899	0.9574	0.9679
  n	0.9685	0.9681	0.9645	0.9684	0.9674	0.9667	0.9648	0.9681	0.9306	0.9684	0.9683	0.9371	0.9684	0.9682	0.9684	1.4514	0.9684	0.9576	0.9684	0.9674	0.9595	0.9682	0.9684	0.9682	0.9653	0.9682	0.9684	0.9628	0.9633	0.9682	0.9684	0.9683	0.9683	0.9682	0.9634	0.9623	0.956	0.9686	0.9684	0.9684	0.9684	0.9683	0.9683	0.9683	0.9682	0	0.9622	0.9684	0.9684	0.9684	0.9589	0.9643	0.9684	0.9682	0.9684	0.9669	0.9602	0.9684	0.9684	0.9684	0.965	0.9684	0.8895	0.9574	0.9679
  o	0.9641	0.9633	1.1962	0.9625	3.6168	3.0262	0.9642	1.0132	0.9483	0.9623	0.9671	4.1687	0.9844	0.9653	1.7045	0.9639	1.7411	0.9858	0.963	0.9657	1.0429	0.9727	0.9635	1.3541	0.9608	1.4433	0.9628	0.9601	3.8332	1.2224	0.9625	0.9623	1.4434	0.964	0.9622	7.0005	8.0173	0.9643	0.9626	0.9624	0.964	0.9628	0.963	0.9624	0.9622	0.9622	0	0.9636	1.0369	0.9643	1.2926	0.9601	0.9624	0.9644	0.9632	1.4167	0.9593	0.9622	0.9633	0.9622	0.9657	0.9629	3.2713	1.587	0.9626
  p	0.9686	0.9682	0.9655	0.9684	0.9676	0.9671	0.9658	0.9682	0.9387	0.9684	0.9695	0.9438	0.9684	0.9683	0.9684	0.9678	0.9684	0.9599	0.9684	0.9677	0.9614	0.9682	0.9684	0.9682	0.966	0.9683	1.0774	0.964	0.9646	0.9683	0.9684	0.9683	0.9684	0.9683	0.9645	0.9636	0.9589	0.9686	0.9684	0.9684	0.9684	0.9683	0.9683	0.9684	0.9683	0.9684	0.9636	0	0.9684	0.9684	0.9611	0.9652	0.9684	1.5064	0.9684	0.9673	0.9621	0.9684	0.9685	0.9684	0.9659	0.9684	1.9395	0.9597	0.968
  q	0.9686	0.9682	1.8016	0.9684	0.9677	0.9672	1.4454	0.9682	0.9384	0.9685	0.9695	1.876	0.9685	0.9684	0.9684	0.9678	0.9685	0.9599	0.9684	1.1434	0.9616	0.9684	0.9685	0.9683	0.966	0.9683	0.9684	0.9641	0.9649	0.9683	0.9684	0.9683	0.9684	0.9683	1.0721	0.9636	1.2686	0.9696	0.991	0.9684	0.9685	0.9683	1.2105	0.9684	0.9683	0.9684	1.0369	0.9684	0	0.9684	1.1529	0.9652	0.9684	0.9683	0.9684	0.9674	0.9621	0.9684	0.9685	0.9684	0.9658	0.9685	1.7189	0.9597	0.9682
  r	0.9687	0.9682	0.966	0.9684	0.9677	0.9675	0.9659	0.9682	0.9408	0.9685	0.9699	0.9451	0.9686	0.9683	0.9684	0.9678	0.9685	0.9608	0.9684	0.9677	0.9621	0.9683	0.9685	0.9683	0.9661	0.9683	0.9684	0.9648	0.965	0.9683	0.9684	0.9684	0.9684	0.9694	0.9648	0.9639	1.1734	0.9687	0.9684	0.9684	0.9685	0.9683	0.9684	0.9684	0.9683	0.9684	0.9643	0.9684	0.9684	0	0.9615	0.9654	0.9684	0.9684	0.9684	0.9674	0.9626	0.9684	0.9686	0.9684	0.9661	0.9685	2.2698	0.9603	1.5495
  s	0.9612	0.9608	1.4221	0.9594	0.9582	0.9594	0.9779	0.9596	1.9089	0.959	0.9733	8.1667	0.9592	0.9603	0.9589	0.9629	0.959	0.9587	0.9601	0.9648	0.9958	0.959	0.9596	0.9597	0.9584	0.9589	0.9599	0.9604	2.6979	0.9609	0.9591	0.959	0.959	0.9614	1.0092	1.516	1.2228	0.9625	0.9595	0.9592	0.959	0.9599	0.9602	0.9591	0.9589	0.9589	1.2926	0.9611	1.1529	0.9615	0	0.9576	0.9591	0.9623	0.9605	1.5761	0.9579	0.9589	0.9602	0.959	0.9634	0.9601	7.7876	0.9604	0.9589
  t	0.9647	0.9649	0.9626	0.9646	0.9632	0.973	0.9632	0.9644	0.931	0.9644	0.9659	0.9366	0.9645	0.9661	0.9643	0.9647	0.9644	6.5583	0.9648	0.9659	0.9593	0.9645	0.9645	0.9644	0.9615	0.9642	0.9647	0.9595	0.9619	0.9649	0.9644	0.9643	0.9643	0.9652	0.9612	0.9601	0.957	0.9651	0.9646	0.9645	0.9644	0.9647	0.9647	0.9644	0.9642	0.9643	0.9601	0.9652	0.9652	0.9654	0.9576	0	0.9644	0.9656	0.9649	0.964	0.9569	0.9643	0.9647	0.9643	0.9631	0.9647	0.8902	0.9554	0.9639
  u	0.9685	0.9681	0.9649	0.9684	0.9675	0.9668	0.9649	0.9682	0.9313	0.9685	0.9683	0.9379	0.9685	0.9683	0.9684	0.9676	0.9684	0.9579	0.9684	0.9674	1.0143	0.9682	0.9684	0.9682	0.9654	0.9683	0.9684	0.963	0.9635	0.9682	0.9684	0.9683	0.9684	0.9684	0.9635	0.9625	1.0935	0.9897	0.9684	0.9684	0.9685	0.9683	0.9683	0.9684	0.9683	0.9684	0.9624	0.9684	0.9684	0.9684	0.9591	0.9644	0	0.9683	0.9684	0.967	0.9604	0.9684	0.9684	0.9684	0.9651	0.9684	0.891	1.3278	0.968
  v	0.9686	0.9682	0.9661	0.9683	0.9676	0.9673	0.9663	0.9681	0.9436	0.9683	0.9702	0.9482	0.9683	0.9683	0.9682	0.9679	0.9683	0.9709	0.9683	0.9678	0.9627	0.9681	0.9684	0.9682	0.9662	0.9682	1.0794	0.9647	0.9654	0.9682	0.9683	0.9682	0.9682	0.9682	0.9651	0.9643	1.4997	0.9685	0.9683	0.9683	0.9683	0.9698	0.9683	0.9682	0.9682	0.9682	0.9644	1.5064	0.9683	0.9684	0.9623	0.9656	0.9683	0	0.9683	0.9674	0.9631	0.9682	0.9685	0.9682	0.9664	0.9684	2.8614	0.961	0.968
  w	0.969	0.9682	0.9653	0.9687	0.9676	0.967	0.9659	0.9682	0.9366	0.9685	0.9695	0.942	0.9684	0.9683	0.9684	1.2338	0.9684	0.9595	0.9684	0.9676	0.9609	0.9682	0.9684	0.9682	0.9658	0.9683	0.9684	1.4458	0.9649	0.9683	0.9684	0.9683	0.9683	0.9683	0.9642	0.9632	0.9581	0.9686	0.9684	0.9684	0.9684	0.9683	0.9683	0.9683	0.9686	0.9684	0.9632	0.9684	0.9684	0.9684	0.9605	0.9649	0.9684	0.9683	0	0.9672	0.9616	0.9684	0.9685	0.9684	1.4491	0.9694	1.6436	0.959	0.9681
  x	0.9682	0.9671	0.9713	0.967	0.9666	0.9663	0.9656	0.9777	0.9413	0.967	0.9691	3.963	0.9671	0.9673	0.967	0.9669	0.9671	0.96	0.9671	0.9672	1.3312	0.9668	0.9671	0.9671	0.9649	0.9669	0.9671	0.9634	3.6486	0.9673	0.967	0.967	0.967	0.9675	0.9641	0.9901	1.0679	0.9681	0.967	0.967	0.967	0.967	0.9671	0.967	0.9668	0.9669	1.4167	0.9673	0.9674	0.9674	1.5761	0.964	0.967	0.9674	0.9672	0	0.9615	0.9669	0.9672	0.9669	0.9656	0.9671	1.9313	1.1272	0.9667
  y	0.961	0.9617	1.0651	0.9606	0.9594	1.1904	0.9627	0.9606	0.9361	0.9604	1.1669	1.4103	0.9606	0.9614	0.9602	0.9623	0.9604	0.9546	0.9612	0.9649	0.9587	0.9602	0.9607	0.9606	0.9579	0.9602	0.961	0.9564	0.9616	0.9617	0.9604	0.9602	0.9603	0.9624	0.9597	1.9169	1.9143	0.962	0.9607	0.9605	0.9604	0.961	0.9613	0.9604	0.9602	0.9602	0.9593	0.9621	0.9621	0.9626	0.9579	0.9569	0.9604	0.9631	0.9616	0.9615	0	0.9603	0.9613	0.9603	1.4408	0.9611	1.539	0.9538	0.9601
  z	0.9685	0.9681	0.9645	0.9684	0.9674	0.9667	0.9648	0.9682	0.9308	0.9684	0.9683	0.9372	0.9684	0.9682	0.9684	0.9678	0.9684	0.9576	0.9684	0.9674	0.9595	0.9682	0.9684	0.9682	0.9653	0.9682	0.9684	0.9629	0.9633	0.9682	0.9684	0.9683	0.9684	0.9682	0.9634	0.9623	0.9561	0.9686	0.9684	0.9684	0.9684	0.9683	0.9683	0.9683	0.9682	0.9684	0.9622	0.9684	0.9684	0.9684	0.9589	0.9643	0.9684	0.9682	0.9684	0.9669	0.9603	0	0.9685	0.9684	1.4476	0.9684	0.8898	0.9574	0.9679
  {	0.9686	0.9683	0.9652	0.9684	0.9676	0.967	0.9656	0.9682	0.9357	0.9685	0.9691	0.9411	0.9685	0.9684	0.9684	0.9682	0.9685	0.959	0.9685	0.9678	0.9609	0.9683	0.9686	0.9683	0.9656	0.9683	0.9685	0.9637	0.9661	0.9685	0.9684	0.9684	0.9684	0.9684	0.964	0.963	1.5028	0.9687	0.9684	0.9685	0.9685	0.9684	0.9684	0.9684	0.9683	0.9684	0.9633	0.9685	0.9685	0.9686	0.9602	0.9647	0.9684	0.9685	0.9685	0.9672	0.9613	0.9685	0	0.9684	1.0585	0.9685	1.2237	0.9585	0.9681
  |	0.9685	0.9681	0.9645	0.9684	0.9674	0.9667	1.4473	0.9682	0.9308	0.9684	0.9684	0.9373	0.9684	0.9683	0.9684	0.9676	0.9684	0.9576	0.9684	0.9674	0.9595	0.9682	0.9684	0.9682	0.9653	0.9682	0.9684	0.9629	0.9633	0.9682	0.9684	0.9683	0.9684	0.9682	0.9634	0.9623	0.9561	0.9686	0.9684	0.9684	0.9685	0.9683	0.9683	0.9684	0.9682	0.9684	0.9622	0.9684	0.9684	0.9684	0.959	0.9643	0.9684	0.9682	0.9684	0.9669	0.9603	0.9684	0.9684	0	0.965	0.9684	0.8899	0.9574	0.968
  }	0.9659	0.9657	0.966	0.9661	0.9644	0.9649	1.0771	0.9651	0.9519	0.9651	1.1966	1.2706	0.9652	0.9658	0.965	2.9013	0.9651	1.4423	0.9654	0.9671	1.4471	0.965	0.9657	0.9651	0.9637	0.965	0.9654	1.925	1.4502	1.5774	0.9651	0.965	0.965	0.966	0.9644	0.9637	2.2427	0.9657	0.9652	1.0724	0.9651	0.9654	0.9655	0.9651	0.9651	0.965	0.9657	0.9659	0.9658	0.9661	0.9634	0.9631	0.9651	0.9664	1.4491	0.9656	1.4408	1.4476	1.0585	0.965	0	0.9656	5.4711	0.9623	0.965
  ~	0.9687	0.9682	0.9653	0.9684	0.9675	0.9669	1.2598	0.9682	0.9348	0.9684	0.9691	0.9406	0.9684	0.9683	0.9684	0.9678	0.9684	0.9587	0.9684	0.9677	0.9605	0.9682	0.9684	0.9682	0.9656	0.9683	0.9684	0.9634	0.9644	0.9683	0.9684	0.9683	0.9684	0.9683	0.964	0.9629	0.9575	0.9686	0.9684	0.9684	0.9685	0.9683	0.9684	0.9684	0.9683	0.9684	0.9629	0.9684	0.9685	0.9685	0.9601	0.9647	0.9684	0.9684	0.9694	0.9671	0.9611	0.9684	0.9685	0.9684	0.9656	0	1.2426	0.9584	0.968
  	1.092	1.7804	5.607	0.893	0.8863	1.053	7.2686	0.8985	59.6164	0.8916	3.4963	16.8202	0.8917	1.329	0.8896	2.8513	0.8904	2.2495	1.3465	7.5902	5.7376	0.9121	0.9935	1.0219	0.8918	0.8901	1.2399	1.0384	6.1618	1.3374	0.8911	0.8901	0.8901	2.2707	3.3136	0.9377	16.6889	1.36	0.9458	0.9855	0.8899	1.2719	1.3678	0.891	0.8899	0.8895	3.2713	1.9395	1.7189	2.2698	7.7876	0.8902	0.891	2.8614	1.6436	1.9313	1.539	0.8898	1.2237	0.8899	5.4711	1.2426	0	0.9832	0.8977
  	0.9586	0.9593	1.2219	0.9582	0.973	0.958	0.9616	2.3977	1.414	0.9575	0.9623	8.0439	0.9578	1.1469	0.9574	0.9601	0.9576	1.0457	0.9587	0.9636	2.5114	0.9574	0.958	1.0327	0.9562	0.9574	0.9584	0.9551	3.6804	0.9596	0.9576	0.9574	0.9575	1.2149	0.959	3.1333	2.9011	1.2601	0.9579	0.9577	0.9575	0.9584	0.9587	0.9576	0.9574	0.9574	1.587	0.9597	0.9597	0.9603	0.9604	0.9554	1.3278	0.961	0.959	1.1272	0.9538	0.9574	0.9585	0.9574	0.9623	0.9584	0.9832	0	0.9573
  	0.9681	0.9678	1.249	0.968	0.967	0.9669	0.9665	0.9678	0.9308	1.0233	1.1817	0.9374	0.9682	0.968	0.968	0.9673	0.9681	0.958	0.968	0.9672	0.9599	0.9679	0.9681	0.9678	0.9649	0.9678	0.968	1.1561	0.9633	0.9679	0.968	0.9679	0.9679	0.9681	0.9632	0.9621	1.3955	0.9685	0.968	0.968	0.9681	0.9679	0.968	0.968	0.9679	0.9679	0.9626	0.968	0.9682	1.5495	0.9589	0.9639	0.968	0.968	0.9681	0.9667	0.9601	0.9679	0.9681	0.968	0.965	0.968	0.8977	0.9573	0

Actual rates from j->i (Q_ij):
	A	B	C	D	E	F	G	H	I	J	K	L	M	N	O	P	Q	R	S	T	U	V	W	X	Y	Z	[	\	]	^	_	`	a	b	c	d	e	f	g	h	i	j	k	l	m	n	o	p	q	r	s	t	u	v	w	x	y	z	{	|	}	~			
  A	0	0.0177	0.0177	0.0177	0.0177	0.0177	0.0177	0.0177	0.0171	0.0177	0.0177	0.0172	0.0177	0.0177	0.0177	0.0177	0.0177	0.0175	0.0177	0.0177	0.0176	0.0177	0.0177	0.0177	0.0177	0.0177	0.0177	0.0176	0.0229	0.0177	0.0177	0.0177	0.0177	0.0177	0.0176	0.0176	0.0175	0.0177	0.0177	0.0177	0.0177	0.0177	0.0177	0.0177	0.0177	0.0177	0.0176	0.0177	0.0177	0.0177	0.0176	0.0177	0.0177	0.0177	0.0177	0.0177	0.0176	0.0177	0.0177	0.0177	0.0177	0.0177	0.02	0.0175	0.0177
  B	0.0152	0	0.0151	0.0152	0.0152	0.0152	0.0151	0.0152	0.0147	0.0152	0.0174	0.0148	0.0152	0.0152	0.0152	0.0152	0.0152	0.015	0.0152	0.0152	0.0151	0.0152	0.0152	0.0152	0.0151	0.0152	0.0152	0.0151	0.0151	0.0152	0.0152	0.0152	0.0152	0.0152	0.0151	0.0151	0.015	0.0152	0.0152	0.0152	0.0152	0.0152	0.0152	0.0152	0.0152	0.0152	0.0151	0.0152	0.0152	0.0152	0.0151	0.0151	0.0152	0.0152	0.0152	0.0152	0.0151	0.0152	0.0152	0.0152	0.0151	0.0152	0.0279	0.015	0.0152
  C	0.0091	0.0091	0	0.0091	0.0091	0.0091	0.0185	0.0091	0.0089	0.0096	0.011	0.0134	0.0091	0.0091	0.0091	0.0105	0.0091	0.009	0.0091	0.0095	0.0129	0.0133	0.0091	0.0094	0.009	0.0091	0.0091	0.0108	0.0217	0.0091	0.0091	0.0091	0.0091	0.0091	0.0093	0.0091	0.0339	0.0106	0.0124	0.0091	0.0091	0.0091	0.0154	0.0091	0.0091	0.0091	0.0112	0.0091	0.0169	0.0091	0.0134	0.009	0.0091	0.0091	0.0091	0.0091	0.01	0.0091	0.0091	0.0091	0.0091	0.0091	0.0527	0.0115	0.0117
  D	0.018	0.018	0.0179	0	0.018	0.018	0.0179	0.018	0.0173	0.018	0.018	0.022	0.018	0.018	0.018	0.018	0.018	0.0631	0.018	0.018	0.0179	0.018	0.018	0.018	0.0179	0.018	0.018	0.0264	0.0179	0.018	0.018	0.018	0.018	0.018	0.0179	0.0179	0.0178	0.018	0.018	0.018	0.018	0.018	0.018	0.018	0.018	0.018	0.0179	0.018	0.018	0.018	0.0178	0.0179	0.018	0.018	0.018	0.018	0.0179	0.018	0.018	0.018	0.018	0.018	0.0166	0.0178	0.018
  E	0.0197	0.0197	0.0196	0.0197	0	0.0197	0.0196	0.0197	0.0189	0.0197	0.0197	0.019	0.0197	0.0197	0.0259	0.0197	0.0197	0.0195	0.0197	0.0197	0.0195	0.0197	0.0197	0.0197	0.0196	0.0197	0.0197	0.0196	0.0196	0.02	0.0197	0.0197	0.0197	0.0197	0.0196	0.0767	0.0196	0.0197	0.0197	0.0197	0.0197	0.0197	0.0197	0.0197	0.0197	0.0197	0.0736	0.0197	0.0197	0.0197	0.0195	0.0196	0.0197	0.0197	0.0197	0.0197	0.0195	0.0197	0.0197	0.0197	0.0196	0.0197	0.018	0.0198	0.0197
  F	0.0173	0.0173	0.0173	0.0173	0.0173	0	0.0173	0.0173	0.0167	0.0173	0.0201	0.0169	0.0174	0.0182	0.0173	0.026	0.0184	0.0681	0.0173	0.0173	0.0186	0.0303	0.0173	0.0173	0.0173	0.0173	0.0173	0.0259	0.0173	0.0173	0.0173	0.0173	0.0173	0.0174	0.0173	0.0173	0.0744	0.0173	0.0173	0.0173	0.0173	0.0173	0.0173	0.0173	0.0173	0.0173	0.0543	0.0173	0.0173	0.0174	0.0172	0.0175	0.0173	0.0173	0.0173	0.0173	0.0213	0.0173	0.0173	0.0173	0.0173	0.0173	0.0189	0.0172	0.0173
  G	0.0078	0.0078	0.016	0.0078	0.0078	0.0078	0	0.0078	0.0077	0.0078	0.0097	0.0114	0.0078	0.0078	0.0078	0.0078	0.0078	0.0078	0.0078	0.0117	0.008	0.0078	0.0078	0.0078	0.0078	0.0078	0.0078	0.0078	0.0078	0.0082	0.0078	0.0078	0.0078	0.0078	0.0078	0.0078	0.0078	0.0078	0.0079	0.0078	0.0078	0.0078	0.0078	0.0078	0.0078	0.0078	0.0078	0.0078	0.0117	0.0078	0.0079	0.0078	0.0078	0.0078	0.0078	0.0078	0.0078	0.0078	0.0078	0.0117	0.0087	0.0102	0.0589	0.0078	0.0078
  H	0.0175	0.0175	0.0175	0.0175	0.0175	0.0175	0.0175	0	0.0169	0.0175	0.0175	0.0318	0.0175	0.0175	0.0175	0.0175	0.0175	0.0173	0.0175	0.0175	0.0174	0.0175	0.0175	0.0175	0.0175	0.0175	0.0175	0.0174	0.0177	0.0175	0.0175	0.0175	0.0175	0.0175	0.0174	0.0182	0.0173	0.0175	0.0175	0.0175	0.0175	0.0175	0.0175	0.0175	0.0175	0.0175	0.0183	0.0175	0.0175	0.0175	0.0174	0.0174	0.0175	0.0175	0.0175	0.0177	0.0174	0.0175	0.0175	0.0175	0.0175	0.0175	0.0163	0.0434	0.0175
  I	0.0018	0.0018	0.0018	0.0018	0.0018	0.0018	0.0018	0.0018	0	0.0018	0.0019	0.0018	0.0018	0.0018	0.0018	0.0019	0.0018	0.0018	0.0018	0.0018	0.0018	0.0018	0.0018	0.0018	0.0018	0.0018	0.0018	0.0018	0.0027	0.0018	0.0018	0.0018	0.0018	0.0018	0.0075	0.0018	0.0018	0.0018	0.0018	0.0018	0.0018	0.0018	0.002	0.0018	0.0018	0.0018	0.0018	0.0018	0.0018	0.0018	0.0036	0.0018	0.0018	0.0018	0.0018	0.0018	0.0018	0.0018	0.0018	0.0018	0.0018	0.0018	0.1126	0.0027	0.0018
  J	0.0187	0.0187	0.0197	0.0187	0.0187	0.0187	0.0186	0.0187	0.018	0	0.0202	0.0181	0.0187	0.0187	0.0187	0.0187	0.0187	0.0185	0.0187	0.0187	0.0185	0.0187	0.0187	0.0187	0.0186	0.0187	0.0187	0.0261	0.0186	0.0187	0.0187	0.0187	0.0187	0.0187	0.0186	0.0186	0.0185	0.0187	0.0187	0.0187	0.0187	0.0187	0.0187	0.0187	0.0187	0.0187	0.0186	0.0187	0.0187	0.0187	0.0185	0.0186	0.0187	0.0187	0.0187	0.0187	0.0186	0.0187	0.0187	0.0187	0.0186	0.0187	0.0172	0.0185	0.0198
  K	0.0118	0.0135	0.0142	0.0118	0.0118	0.0136	0.0146	0.0118	0.0122	0.0127	0	0.0116	0.0118	0.0118	0.0118	0.0118	0.0118	0.0117	0.0118	0.0118	0.012	0.0118	0.0118	0.0118	0.0117	0.0118	0.0118	0.0179	0.0118	0.0118	0.0118	0.0118	0.0118	0.0118	0.0118	0.0117	0.0145	0.0118	0.0118	0.0155	0.0118	0.0118	0.0118	0.0118	0.0118	0.0118	0.0117	0.0118	0.0118	0.0118	0.0118	0.0117	0.0118	0.0118	0.0118	0.0118	0.0142	0.0118	0.0118	0.0118	0.0145	0.0118	0.0425	0.0117	0.0144
  L	0.0054	0.0054	0.0081	0.0067	0.0053	0.0053	0.008	0.01	0.0055	0.0053	0.0054	0	0.0053	0.0055	0.0053	0.0054	0.0053	0.0054	0.0053	0.0055	0.0615	0.0053	0.0053	0.008	0.008	0.0053	0.0053	0.0067	0.0281	0.0142	0.0053	0.0053	0.0053	0.0054	0.0054	0.0528	0.0064	0.0071	0.0078	0.0053	0.0053	0.0053	0.0053	0.0053	0.0053	0.0053	0.0237	0.0054	0.0107	0.0054	0.0464	0.0053	0.0053	0.0054	0.0054	0.0225	0.008	0.0053	0.0053	0.0053	0.0072	0.0053	0.0956	0.0457	0.0053
  M	0.0184	0.0184	0.0184	0.0184	0.0184	0.0184	0.0184	0.0184	0.0177	0.0184	0.0184	0.0178	0	0.0184	0.0184	0.0184	0.0241	0.0183	0.0184	0.0184	0.0183	0.0184	0.0184	0.0184	0.0184	0.0184	0.0184	0.0183	0.0183	0.0184	0.0184	0.0184	0.0184	0.0184	0.0183	0.0183	0.0425	0.0184	0.0184	0.0184	0.0217	0.0184	0.0184	0.0184	0.0184	0.0184	0.0187	0.0184	0.0184	0.0184	0.0183	0.0184	0.0184	0.0184	0.0184	0.0184	0.0183	0.0184	0.0184	0.0184	0.0184	0.0184	0.017	0.0182	0.0184
  N	0.0166	0.0166	0.0165	0.0166	0.0166	0.0174	0.0165	0.0166	0.016	0.0166	0.0166	0.0166	0.0166	0	0.0166	0.0166	0.0166	0.0258	0.0166	0.0166	0.0194	0.0166	0.0166	0.0166	0.0165	0.0166	0.0166	0.0165	0.0165	0.0166	0.0166	0.0166	0.0166	0.0166	0.0165	0.0165	0.0208	0.0166	0.0166	0.0166	0.0166	0.0166	0.0166	0.0166	0.0166	0.0166	0.0165	0.0166	0.0166	0.0166	0.0164	0.0165	0.0166	0.0166	0.0166	0.0166	0.0165	0.0166	0.0166	0.0166	0.0165	0.0166	0.0228	0.0196	0.0166
  O	0.0189	0.0188	0.0188	0.0188	0.0248	0.0188	0.0188	0.0188	0.0181	0.0189	0.0188	0.0182	0.0189	0.0188	0	0.0188	0.0189	0.0186	0.0189	0.0188	0.0187	0.0188	0.0189	0.0188	0.0188	0.0188	0.0189	0.0187	0.0188	0.0188	0.0189	0.0188	0.0189	0.0188	0.0188	0.0193	0.0187	0.0189	0.0189	0.0189	0.0189	0.0188	0.0188	0.0188	0.0188	0.0189	0.0332	0.0189	0.0189	0.0189	0.0187	0.0188	0.0189	0.0188	0.0189	0.0188	0.0187	0.0189	0.0189	0.0189	0.0188	0.0189	0.0173	0.0186	0.0188
  P	0.0134	0.0134	0.0156	0.0134	0.0134	0.0201	0.0134	0.0134	0.0137	0.0134	0.0135	0.0131	0.0134	0.0134	0.0134	0	0.0134	0.0334	0.0134	0.0134	0.0134	0.0134	0.0134	0.0134	0.0134	0.0134	0.0134	0.0134	0.0134	0.0134	0.0134	0.0134	0.0134	0.0134	0.0134	0.0134	0.0144	0.0134	0.0134	0.0134	0.0134	0.0134	0.0134	0.0134	0.0134	0.0201	0.0134	0.0134	0.0134	0.0134	0.0134	0.0134	0.0134	0.0134	0.0171	0.0134	0.0134	0.0134	0.0134	0.0134	0.0403	0.0134	0.0396	0.0133	0.0134
  Q	0.0188	0.0188	0.0187	0.0188	0.0188	0.0199	0.0187	0.0188	0.0181	0.0188	0.0188	0.0182	0.0246	0.0188	0.0188	0.0188	0	0.0187	0.0188	0.0188	0.0186	0.0188	0.0188	0.0188	0.0187	0.0188	0.0188	0.0187	0.0187	0.0188	0.0188	0.0188	0.0188	0.0188	0.0187	0.0187	0.0268	0.0188	0.0188	0.0188	0.0252	0.0188	0.0188	0.0188	0.0188	0.0188	0.0338	0.0188	0.0188	0.0188	0.0186	0.0187	0.0188	0.0188	0.0188	0.0188	0.0186	0.0188	0.0188	0.0188	0.0187	0.0188	0.0173	0.0186	0.0188
  R	0.0119	0.0119	0.012	0.0423	0.0119	0.0472	0.012	0.0119	0.0117	0.0119	0.012	0.0118	0.012	0.0188	0.0119	0.0299	0.012	0	0.0119	0.012	0.0131	0.0225	0.0119	0.0119	0.0119	0.0119	0.0119	0.0418	0.012	0.0119	0.0119	0.0119	0.0119	0.012	0.0119	0.0119	0.0776	0.0119	0.0119	0.0119	0.0119	0.012	0.0119	0.0119	0.0119	0.0119	0.0123	0.0119	0.0119	0.012	0.0119	0.0816	0.0119	0.0121	0.0119	0.0119	0.0119	0.0119	0.0119	0.0119	0.0179	0.0119	0.028	0.013	0.0119
  S	0.0166	0.0166	0.0166	0.0166	0.0166	0.0166	0.0166	0.0166	0.0161	0.0166	0.0166	0.0162	0.0166	0.0166	0.0166	0.0166	0.0166	0.0165	0	0.0166	0.0165	0.0166	0.0166	0.0166	0.0166	0.0166	0.0166	0.0166	0.0166	0.0166	0.0166	0.0166	0.0166	0.0166	0.0166	0.0165	0.0165	0.0166	0.0166	0.0166	0.0166	0.0166	0.0166	0.0166	0.0166	0.0166	0.0165	0.0166	0.0166	0.0166	0.0165	0.0166	0.0166	0.0166	0.0166	0.0166	0.0165	0.0166	0.0166	0.0166	0.0166	0.0166	0.0231	0.0165	0.0166
