Map from character to field name
A:	Algeria
B:	Argentina
C:	Australia
D:	Austria
E:	Bangladesh
F:	Belgium
G:	Brazil
H:	Cambodia
I:	Canada
J:	Chad
K:	Chile
L:	China
M:	Czech Republic
N:	Denmark
O:	Egypt
P:	France
Q:	Georgia
R:	Germany
S:	Guam
T:	Guatemala
U:	Hong Kong
V:	Hungary
W:	Iceland
X:	India
Y:	Indonesia
Z:	Iran
[:	Ireland
\:	Italy
]:	Japan
^:	Kazakhstan
_:	Kuwait
`:	Laos
a:	Luxembourg
b:	Malaysia
c:	Mexico
d:	Mongolia
e:	Netherlands
f:	New Zealand
g:	Nicaragua
h:	Nigeria
i:	Norway
j:	Pakistan
k:	Peru
l:	Philippines
m:	Poland
n:	Romania
o:	Russia
p:	Saudi Arabia
q:	Singapore
r:	South Africa
s:	South Korea
t:	Spain
u:	Sri Lanka
v:	Sweden
w:	Switzerland
x:	Taiwan
y:	Thailand
z:	Turkey
{:	Ukraine
|:	United Arab Emirates
}:	United Kingdom
~:	Uruguay
:	Usa
:	Vietnam
:	Zambia
:	?


Substitution rate (mu): 20.349539

Equilibrium frequencies (pi_i):
  A: 0.0181
  B: 0.0148
  C: 0.0086
  D: 0.0194
  E: 0.0191
  F: 0.0165
  G: 0.0071
  H: 0.0183
  I: 0.0019
  J: 0.0175
  K: 0.0091
  L: 0.0079
  M: 0.0191
  N: 0.0171
  O: 0.0199
  P: 0.0144
  Q: 0.0199
  R: 0.0116
  S: 0.0175
  T: 0.006
  U: 0.0068
  V: 0.0179
  W: 0.0198
  X: 0.0194
  Y: 0.0196
  Z: 0.02
  [: 0.0202
  \: 0.0171
  ]: 0.0085
  ^: 0.0179
  _: 0.0198
  `: 0.0201
  a: 0.0199
  b: 0.017
  c: 0.0092
  d: 0.0118
  e: 0.005
  f: 0.0176
  g: 0.016
  h: 0.0175
  i: 0.0198
  j: 0.0197
  k: 0.0156
  l: 0.0198
  m: 0.0202
  n: 0.0187
  o: 0.0093
  p: 0.0177
  q: 0.013
  r: 0.0156
  s: 0.0055
  t: 0.0192
  u: 0.0198
  v: 0.0155
  w: 0.0161
  x: 0.0119
  y: 0.0117
  z: 0.0202
  {: 0.0195
  |: 0.0202
  }: 0.011
  ~: 0.0189
  : 0.0049
  : 0.0119
  : 0.0192

Symmetrized rates from j->i (W_ij):
	A	B	C	D	E	F	G	H	I	J	K	L	M	N	O	P	Q	R	S	T	U	V	W	X	Y	Z	[	\	]	^	_	`	a	b	c	d	e	f	g	h	i	j	k	l	m	n	o	p	q	r	s	t	u	v	w	x	y	z	{	|	}	~			
  A	0	0.9638	0.9614	0.9638	0.9633	0.9629	0.9631	0.9637	0.9369	0.9638	0.9622	0.9405	0.9636	0.9639	0.9638	0.9637	0.9637	0.954	0.9638	0.9635	0.9565	0.964	0.9637	0.9637	0.9625	0.9638	0.9638	0.9596	1.102	0.9638	0.9638	0.9638	0.9638	0.9637	0.9616	0.9578	0.9544	0.9642	0.9638	0.9638	0.9638	0.9638	0.9638	0.9637	0.9637	0.9638	0.9581	0.9638	0.9636	0.9639	0.9574	0.9612	0.9638	0.9641	0.9648	0.9633	0.9583	0.9638	0.964	0.9638	0.963	0.964	1.2158	0.9555	0.9636
  B	0.9638	0	0.9616	0.9637	0.9633	0.963	0.963	0.9636	1.1761	0.9637	0.9624	0.9442	0.9636	0.9638	0.9637	0.9636	0.9636	0.9558	0.9637	0.9634	0.958	0.9639	0.9636	0.9636	0.9626	0.9637	0.9637	0.9602	0.9615	0.9637	0.9637	0.9637	0.9637	0.9636	0.962	0.9588	0.9558	0.9641	0.9637	0.9637	0.9637	0.9637	0.9637	0.9636	0.9636	0.9637	0.959	0.9636	0.9636	0.9637	0.9581	0.9616	0.9637	0.9639	0.9638	0.9633	1.0434	0.9637	0.9638	0.9637	0.963	0.9638	1.982	0.9567	0.9636
  C	0.9614	0.9616	0	0.9609	0.9614	1.1678	0.9972	0.9612	1.0201	0.9614	0.9655	1.4808	0.9611	0.9615	0.9607	0.9658	0.9607	0.9942	0.9611	1.0374	2.1335	0.9632	0.9607	0.9614	0.9608	0.9606	0.9606	0.9608	1.6479	0.9639	0.963	0.9606	0.9606	0.9729	0.9619	0.9627	4.923	1.1332	0.9664	0.9611	0.9607	0.9609	0.962	0.9607	0.9606	0.9609	1.0288	0.961	1.2564	0.9668	1.1041	0.9598	0.9608	0.9622	0.9615	0.9869	0.9613	0.9606	0.9614	0.9606	0.9661	0.961	6.5969	0.9623	0.9609
  D	0.9638	0.9637	0.9609	0	0.9632	0.963	0.9627	0.9636	0.9336	0.9638	0.9618	1.0441	0.9636	0.9645	0.9637	0.9636	0.9637	3.3428	0.9638	0.9632	0.9564	0.9641	0.9637	0.9637	0.9624	0.9637	0.9638	1.2401	0.9605	0.9639	0.9638	0.9638	0.9638	0.9636	0.9612	0.9575	0.9536	0.9643	0.9638	0.9638	0.9637	0.9638	0.9637	0.9637	0.9648	0.9638	0.958	0.9637	0.9635	0.9639	0.9563	0.9613	0.9638	0.9641	1.22	0.9629	0.9579	0.9638	0.9642	0.9638	1.1053	0.9638	0.8818	0.9546	0.9636
  E	0.9633	0.9633	0.9614	0.9632	0	0.963	0.9628	0.9633	0.9343	0.9632	0.9615	1.7103	0.9632	0.9634	1.1242	0.9631	0.9634	0.9542	0.9632	0.9631	0.9574	0.9638	0.9632	1.2634	0.9623	0.9632	0.9632	0.9594	0.9613	0.9638	0.9632	0.9632	0.9632	0.9634	0.9611	2.4766	1.2308	0.9643	0.9633	0.9632	0.9632	0.9993	0.9633	0.9632	0.9631	0.9632	3.613	0.9632	0.9632	0.9635	0.9568	0.9605	0.9633	0.964	0.9634	0.9636	0.958	0.9632	0.9637	0.9632	0.9628	0.9632	0.8839	1.4335	0.9631
  F	0.9629	0.963	1.1678	0.963	0.963	0	1.0284	0.9627	0.9412	0.9629	0.9619	1.2591	0.963	0.9682	0.9628	1.0942	0.9628	4.5723	0.9629	0.9633	0.9636	1.0137	0.9627	0.9633	0.9623	0.9627	0.9627	1.4217	0.9617	0.9665	0.9627	0.9627	0.9627	0.9632	0.9624	1.3896	4.7131	0.9638	0.963	0.9629	0.9627	0.9632	0.963	0.9627	0.9627	0.9629	2.1443	0.9629	0.9632	0.9635	0.9582	1.5484	0.9628	0.9638	0.9632	0.9631	0.9665	0.9627	0.9639	0.9627	1.0769	0.9629	1.332	0.9561	0.9627
  G	0.9631	0.963	0.9972	0.9627	0.9628	1.0284	0	0.9626	2.3056	0.9626	1.0804	1.2716	0.9624	0.9631	0.9624	0.9635	0.9627	1.3258	0.9626	0.9636	0.963	1.1534	0.9624	0.9631	0.962	0.9625	0.9624	0.9701	1.4174	0.9775	0.9624	0.9624	0.9625	0.9627	0.9902	0.9619	0.9635	0.9633	0.9629	0.9626	0.9624	0.9624	0.9641	0.9624	0.9624	0.9626	1.0874	0.9626	1.37	0.9629	1.0463	0.9621	0.9624	0.9632	1.01	0.9643	1.047	0.9624	0.9629	1.4436	0.9873	1.2932	8.2142	0.9607	0.9676
  H	0.9637	0.9636	0.9612	0.9636	0.9633	0.9627	0.9626	0	1.3502	0.9636	0.9619	1.4113	0.9635	0.9637	0.9636	0.9634	0.9636	0.9538	0.9636	0.9633	0.9563	0.964	0.9635	0.9635	0.9624	0.9636	0.9636	0.9594	0.961	0.9636	0.9636	0.9636	0.9636	0.9636	0.9613	1.4368	0.9541	0.9643	0.9636	0.9636	0.9636	0.9637	0.9636	0.9636	0.9636	0.9636	0.9578	0.9636	0.9634	0.9637	0.9569	0.961	0.9637	0.9641	0.9637	0.9632	0.9582	0.9636	0.9637	0.9636	0.9627	0.9637	0.9579	1.9003	0.9634
  I	0.9369	1.1761	1.0201	0.9336	0.9343	0.9412	2.3056	1.3502	0	0.9362	1.4831	2.2739	0.9337	1.0356	0.9326	1.1999	0.9329	1.1767	0.9363	1.0037	1.3063	0.9368	0.9327	0.9336	0.9329	0.9326	0.9321	0.9377	2.2185	0.9363	0.9327	0.9323	0.9326	0.992	2.3198	0.9455	0.962	0.9367	0.9389	0.9362	0.9327	0.9329	1.0051	0.9327	0.9321	0.9347	1.4771	0.936	0.9474	0.9393	1.4765	0.9342	0.9327	0.9395	0.9392	0.9633	2.1803	0.9322	0.9373	0.9322	0.9474	0.9352	71.6968	1.5525	0.9341
  J	0.9638	0.9637	0.9614	0.9638	0.9632	0.9629	0.9626	0.9636	0.9362	0	0.962	0.9404	0.9636	0.9638	0.9637	0.9635	0.9637	0.9542	0.9637	0.9633	0.9565	0.964	0.9637	0.9636	0.9624	0.9637	0.9637	0.9596	0.9608	0.9637	0.9637	0.9637	0.9637	0.9636	0.9615	0.9579	0.9542	0.9642	0.9638	0.9637	0.9637	0.9638	0.9637	0.9637	0.9637	0.9638	0.9579	0.9637	0.9635	0.9638	0.9571	0.9612	0.9638	0.9639	0.9638	0.963	0.9583	0.9637	0.9639	0.9637	0.9627	0.9638	1.3327	0.9554	0.9636
  K	0.9622	0.9624	0.9655	0.9618	0.9615	0.9619	1.0804	0.9619	1.4831	0.962	0	0.9604	0.9617	0.9622	0.9617	0.9627	0.9617	0.9584	0.962	0.9651	1.062	0.9622	0.9617	0.9617	0.9611	0.9617	0.9617	1.175	0.9631	0.962	0.9617	0.9617	0.9617	0.9622	0.9622	0.9596	0.9604	0.9624	0.9622	0.962	0.9617	0.9617	0.9623	0.9617	0.9617	0.9619	0.9607	0.962	0.9631	0.9623	0.9778	0.9605	0.9617	0.9625	0.9629	0.9633	0.9603	0.9617	0.9619	0.9617	1.5844	0.962	5.3526	0.9587	1.0922
  L	0.9405	0.9442	1.4808	1.0441	1.7103	1.2591	1.2716	1.4113	2.2739	0.9404	0.9604	0	1.3637	0.9441	0.9375	1.2693	0.9375	1.6763	0.9404	0.9559	11.0354	1.1794	0.9375	1.3884	1.197	0.9372	0.9369	1.3991	3.7027	2.6905	0.9375	0.9371	0.9372	0.9436	0.9516	8.4445	5.3447	1.2408	0.9425	0.9404	0.9375	1.0424	0.943	0.9375	0.937	0.9389	7.0029	0.9405	1.0507	1.2232	5.961	0.9858	0.9383	1.6515	1.0138	2.6731	2.2448	0.9369	0.9916	0.9369	1.6338	0.9388	7.9005	8.5627	0.9418
  M	0.9636	0.9636	0.9611	0.9636	0.9632	0.963	0.9624	0.9635	0.9337	0.9636	0.9617	1.3637	0	0.9637	0.9636	0.9634	0.9636	0.9534	0.9636	0.9632	0.9562	0.964	0.9635	0.9635	0.9625	0.9636	0.9636	0.9594	0.9606	0.9636	0.9636	0.9636	0.9636	0.9636	0.9612	0.9649	1.935	0.9644	0.9636	0.9636	0.9636	0.9637	0.9636	0.9635	0.9635	0.9636	0.9584	0.9635	0.9634	0.9638	0.9667	0.9609	0.9636	0.9641	0.9637	0.9629	0.9578	0.9636	0.9637	0.9636	0.9628	0.9636	0.8832	0.9551	0.9634
  N	0.9639	0.9638	0.9615	0.9645	0.9634	0.9682	0.9631	0.9637	1.0356	0.9638	0.9622	0.9441	0.9637	0	0.9638	0.9641	0.9638	1.6728	0.9638	0.9634	1.0492	0.9645	0.9637	0.9638	0.9625	0.9638	0.9638	0.962	0.9613	0.9639	0.9638	0.9638	0.9638	0.9643	0.9617	0.9584	1.032	0.9643	0.9639	0.9638	0.9638	0.9638	0.9638	0.9638	0.9638	0.9638	0.9939	0.9637	0.9638	0.9638	0.9573	0.9632	0.9638	0.964	0.9639	0.9633	1.0118	0.9638	0.9641	0.9638	0.9664	0.9638	1.3669	0.9563	0.9637
  O	0.9638	0.9637	0.9607	0.9637	1.1242	0.9628	0.9624	0.9636	0.9326	0.9637	0.9617	0.9375	0.9636	0.9638	0	0.9634	0.9637	0.9529	0.9637	0.9632	0.9554	0.964	0.9637	0.9637	0.9623	0.9637	0.9637	0.9591	0.9604	0.9637	0.9637	0.9637	0.9637	0.9636	0.9611	0.9575	1.4296	0.9642	0.9637	0.9637	0.9637	0.9638	0.9637	0.9637	0.9637	0.9637	1.3069	0.9637	0.9634	0.9638	0.956	0.9609	0.9638	0.964	0.9638	0.9628	0.9576	0.9637	0.9638	0.9637	0.9628	0.9638	0.8796	0.9543	0.9635
  P	0.9637	0.9636	0.9658	0.9636	0.9631	1.0942	0.9635	0.9634	1.1999	0.9635	0.9627	1.2693	0.9634	0.9641	0.9634	0	0.9634	1.9141	0.9635	0.9637	1.619	0.9639	0.9634	0.9634	0.9625	0.9634	0.9634	0.9615	1.2301	0.9638	0.9634	0.9634	0.9634	1.0188	0.963	0.959	1.5877	0.9644	0.9636	0.9635	0.9634	0.9635	0.9636	0.9634	0.9634	1.2411	0.9601	0.9635	0.9637	0.9637	0.9589	0.9616	0.9635	0.964	0.964	0.9637	0.9598	1.022	0.9638	0.9634	2.9386	0.9636	2.3177	0.9574	0.9634
  Q	0.9637	0.9636	0.9607	0.9637	0.9634	0.9628	0.9627	0.9636	0.9329	0.9637	0.9617	0.9375	0.9636	0.9638	0.9637	0.9634	0	0.9533	0.9637	0.9632	0.9554	0.964	0.9636	0.9637	0.9623	0.9637	0.9637	0.9591	0.9606	0.9639	0.9637	0.9637	0.9637	0.9636	0.9612	0.9572	1.4278	0.9642	0.9637	0.9637	0.9637	0.9638	0.9637	0.9637	0.9637	0.9637	2.396	0.9636	0.9634	0.9638	0.9561	0.9609	0.9637	0.964	0.9638	0.9628	0.9577	0.9637	0.964	0.9637	0.9627	0.9638	0.8797	0.9543	0.9635
  R	0.954	0.9558	0.9942	3.3428	0.9542	4.5723	1.3258	0.9538	1.1767	0.9542	0.9584	1.6763	0.9534	1.6728	0.9529	1.9141	0.9533	0	0.9542	0.9605	1.2162	2.3423	0.9529	0.9538	0.953	0.953	0.9527	6.1046	0.9602	1.0958	0.9529	0.9528	0.953	0.9553	0.9576	0.9639	6.2653	0.9551	0.9551	0.9542	0.9529	0.9533	0.9553	0.9529	0.9528	0.9536	1.4643	0.9541	0.9571	0.9742	1.0131	7.2275	0.953	0.9598	0.9561	0.9579	1.2981	0.9528	1.1568	0.9528	1.9667	0.9536	2.1673	0.9537	0.9536
  S	0.9638	0.9637	0.9611	0.9638	0.9632	0.9629	0.9626	0.9636	0.9363	0.9637	0.962	0.9404	0.9636	0.9638	0.9637	0.9635	0.9637	0.9542	0	0.9633	0.9565	0.964	0.9637	0.9636	0.9624	0.9637	0.9638	0.9596	0.9608	0.9637	0.9637	0.9637	0.9637	0.9636	0.9615	0.9579	0.9542	0.9642	0.9638	0.9637	0.9637	0.9638	0.9637	0.9637	0.9637	0.9638	0.9579	0.9637	0.9635	0.9638	0.9569	0.9612	0.9638	0.964	0.9638	0.9631	0.9583	0.9637	0.9639	0.9637	0.9628	0.9638	1.334	0.9554	0.9636
  T	0.9635	0.9634	1.0374	0.9632	0.9631	0.9633	0.9636	0.9633	1.0037	0.9633	0.9651	0.9559	0.9632	0.9634	0.9632	0.9637	0.9632	0.9605	0.9633	0	0.9631	0.9637	0.9632	0.9632	0.9628	0.9632	0.9632	0.9621	0.9633	0.9634	0.9632	0.9632	0.9632	0.9633	0.9888	0.9614	0.9606	0.9636	0.9638	0.9633	0.9632	0.9632	1.2104	0.9632	0.9632	0.9633	0.9621	0.9633	0.9934	0.9634	0.9615	0.9624	0.9632	0.9634	0.9634	0.9645	0.9619	0.9632	0.9635	0.9632	0.9633	0.9634	10.7223	0.9608	0.9633
  U	0.9565	0.958	2.1335	0.9564	0.9574	0.9636	0.963	0.9563	1.3063	0.9565	1.062	11.0354	0.9562	1.0492	0.9554	1.619	0.9554	1.2162	0.9565	0.9631	0	0.9582	0.9554	0.9557	0.9593	0.9553	0.9552	1.4259	1.3219	0.9574	0.9554	0.9553	0.9553	3.414	0.9827	0.9591	10.1917	1.4338	0.9573	0.9565	0.9554	0.9563	0.9576	0.9554	0.9552	0.956	0.9774	0.9564	1.4344	0.9593	0.9881	0.9563	1.043	0.9593	0.9575	1.4167	1.2776	0.9552	0.957	0.9552	0.9668	0.956	5.5464	3.2598	0.9558
  V	0.964	0.9639	0.9632	0.9641	0.9638	1.0137	1.1534	0.964	0.9368	0.964	0.9622	1.1794	0.964	0.9645	0.964	0.9639	0.964	2.3423	0.964	0.9637	0.9582	0	0.964	0.9641	0.9628	0.964	0.9641	0.9603	0.9615	0.9646	0.964	0.964	0.964	0.964	0.9617	0.9598	0.981	0.9649	0.9641	0.964	0.964	0.9641	0.9687	0.964	0.964	0.964	0.9595	0.9642	1.0508	0.9642	0.958	0.9618	0.964	1.2224	0.9641	0.9636	0.9589	0.964	0.9643	0.964	0.9633	0.9641	1.2146	0.9569	0.9639
  W	0.9637	0.9636	0.9607	0.9637	0.9632	0.9627	0.9624	0.9635	0.9327	0.9637	0.9617	0.9375	0.9635	0.9637	0.9637	0.9634	0.9636	0.9529	0.9637	0.9632	0.9554	0.964	0	0.9636	0.9623	0.9636	0.9637	0.9591	0.9603	0.9636	0.9637	0.9637	0.9637	0.9636	0.9611	0.9572	1.4293	0.9642	0.9637	0.9637	0.9637	0.9637	0.9636	0.9636	0.9636	0.9637	0.957	0.9636	0.9634	0.9637	0.956	0.9608	0.9637	0.964	0.9638	0.9628	0.9576	0.9637	0.9638	0.9637	0.9626	0.9637	0.8799	0.9543	0.9635
  X	0.9637	0.9636	0.9614	0.9637	1.2634	0.9633	0.9631	0.9635	0.9336	0.9636	0.9617	1.3884	0.9635	0.9638	0.9637	0.9634	0.9637	0.9538	0.9636	0.9632	0.9557	0.9641	0.9636	0	0.9623	0.9636	0.9636	0.9592	0.9607	0.9638	0.9636	0.9636	0.9637	0.9636	0.9612	0.9579	1.0005	0.9644	0.9637	0.9636	0.9636	0.9637	0.9636	0.9636	0.9636	0.9637	2.1012	0.9636	0.9634	0.9637	0.9563	0.9609	0.9637	0.9641	0.9638	0.9629	0.958	0.9636	0.9639	0.9636	0.9627	0.9637	0.9018	0.9547	0.9635
  Y	0.9625	0.9626	0.9608	0.9624	0.9623	0.9623	0.962	0.9624	0.9329	0.9624	0.9611	1.197	0.9625	0.9625	0.9623	0.9625	0.9623	0.953	0.9624	0.9628	0.9593	0.9628	0.9623	0.9623	0	0.9622	0.9622	0.9586	1.1564	0.9627	0.9623	0.9623	0.9623	0.9626	0.9605	1.0243	1.2038	0.9633	0.9626	0.9624	0.9623	0.9624	0.9626	0.9623	0.9622	0.9624	1.0964	0.9624	0.9626	0.9627	0.9566	0.9595	0.9623	0.9631	0.9626	0.9626	0.9571	0.9622	0.9625	0.9622	0.9622	0.9624	0.8826	1.0327	0.9622
  Z	0.9638	0.9637	0.9606	0.9637	0.9632	0.9627	0.9625	0.9636	0.9326	0.9637	0.9617	0.9372	0.9636	0.9638	0.9637	0.9634	0.9637	0.953	0.9637	0.9632	0.9553	0.964	0.9636	0.9636	0.9622	0	0.9637	0.959	0.9603	0.9637	0.9637	0.9637	0.9637	0.9636	0.9611	0.9571	0.9529	0.9642	0.9637	0.9637	0.9637	0.9637	0.9637	0.9637	0.9637	0.9637	1.4355	0.9637	0.9634	0.9637	0.956	0.9609	0.9637	0.964	0.9638	0.9628	0.9576	0.9637	0.9639	0.9637	0.9626	0.9638	0.8794	0.9542	0.9635
  [	0.9638	0.9637	0.9606	0.9638	0.9632	0.9627	0.9624	0.9636	0.9321	0.9637	0.9617	0.9369	0.9636	0.9638	0.9637	0.9634	0.9637	0.9527	0.9638	0.9632	0.9552	0.9641	0.9637	0.9636	0.9622	0.9637	0	0.959	0.9602	0.9637	0.9637	0.9637	0.9638	0.9636	0.9611	0.9571	0.9527	0.9642	0.9638	0.9638	0.9637	0.9638	0.9637	0.9637	0.9637	0.9638	0.9569	1.3197	0.9634	0.9638	0.9559	0.9609	0.9638	1.1836	0.9638	0.9628	0.9575	0.9638	0.9639	0.9638	0.9626	0.9638	0.8783	0.9541	0.9635
  \	0.9596	0.9602	0.9608	1.2401	0.9594	1.4217	0.9701	0.9594	0.9377	0.9596	1.175	1.3991	0.9594	0.962	0.9591	0.9615	0.9591	6.1046	0.9596	0.9621	1.4259	0.9603	0.9591	0.9592	0.9586	0.959	0.959	0	0.9601	0.9603	0.9592	0.959	0.959	0.974	0.9595	0.9623	3.9924	0.961	0.9601	0.9596	0.9591	0.9594	0.9601	0.9591	0.9598	0.9594	0.9601	0.9596	0.9609	0.9731	0.9945	1.1374	0.9592	0.963	1.1661	0.9608	0.9569	0.959	0.9598	0.959	1.6679	0.9594	1.2183	0.9541	1.2788
  ]	1.102	0.9615	1.6479	0.9605	0.9613	0.9617	1.4174	0.961	2.2185	0.9608	0.9631	3.7027	0.9606	0.9613	0.9604	1.2301	0.9606	0.9602	0.9608	0.9633	1.3219	0.9615	0.9603	0.9607	1.1564	0.9603	0.9602	0.9601	0	1.0277	0.9603	1.4404	0.9604	0.9613	0.9619	1.0515	1.9526	0.9629	0.9612	0.9608	0.9603	0.9605	0.9613	0.9603	0.9603	0.9606	3.6948	0.9608	0.9624	0.9616	1.9176	0.9593	0.9604	0.962	0.9629	2.0185	1.128	0.9603	1.3042	0.9602	1.4794	0.961	5.5215	3.9085	0.9606
  ^	0.9638	0.9637	0.9639	0.9639	0.9638	0.9665	0.9775	0.9636	0.9363	0.9637	0.962	2.6905	0.9636	0.9639	0.9637	0.9638	0.9639	1.0958	0.9637	0.9634	0.9574	0.9646	0.9636	0.9638	0.9627	0.9637	0.9637	0.9603	1.0277	0	0.9637	0.9637	0.9637	0.9637	0.9615	0.9594	1.2082	0.9651	0.9637	0.9637	0.9637	0.9638	0.9637	0.9636	0.9637	0.9637	1.2764	0.9637	0.9636	0.9639	0.9576	0.9614	0.9637	0.9646	0.9639	0.9635	0.9585	0.9637	0.9641	0.9637	1.9176	0.9637	0.9313	0.9562	0.9636
  _	0.9638	0.9637	0.963	0.9638	0.9632	0.9627	0.9624	0.9636	0.9327	0.9637	0.9617	0.9375	0.9636	0.9638	0.9637	0.9634	0.9637	0.9529	0.9637	0.9632	0.9554	0.964	0.9637	0.9636	0.9623	0.9637	0.9637	0.9592	0.9603	0.9637	0	0.9637	0.9637	0.9636	0.9611	0.9572	1.4267	0.9642	0.9637	0.9637	0.9637	0.9638	0.9637	0.9637	0.9637	0.9637	0.9571	0.9637	0.9634	0.9638	0.956	0.9609	0.9638	0.964	0.9638	0.9628	0.9576	0.9637	0.9638	0.9637	0.9627	0.9638	0.8804	0.9543	0.9635
  `	0.9638	0.9637	0.9606	0.9638	0.9632	0.9627	0.9624	0.9636	0.9323	0.9637	0.9617	0.9371	0.9636	0.9638	0.9637	0.9634	0.9637	0.9528	0.9637	0.9632	0.9553	0.964	0.9637	0.9636	0.9623	0.9637	0.9637	0.959	1.4404	0.9637	0.9637	0	0.9637	0.9636	0.9611	0.9571	0.9528	0.9642	0.9637	0.9637	0.9637	0.9638	0.9637	0.9637	0.9637	0.9637	0.957	0.9637	0.9634	0.9638	0.9559	0.9609	0.9638	0.964	0.9638	0.9628	0.9575	0.9637	0.9639	0.9637	0.9626	0.9638	0.8789	0.9542	0.9635
  a	0.9638	0.9637	0.9606	0.9638	0.9632	0.9627	0.9625	0.9636	0.9326	0.9637	0.9617	0.9372	0.9636	0.9638	0.9637	0.9634	0.9637	0.953	0.9637	0.9632	0.9553	0.964	0.9637	0.9637	0.9623	0.9637	0.9638	0.959	0.9604	0.9637	0.9637	0.9637	0	0.9636	0.9612	0.9571	0.9529	0.9642	0.9638	0.9637	0.9637	0.9638	0.9637	0.9637	0.9637	0.9638	1.436	0.9637	0.9634	0.9638	0.956	0.9609	0.9638	0.964	0.9638	0.9628	0.9576	0.9637	0.9639	0.9637	0.9626	0.9638	0.8794	0.9542	0.9635
  b	0.9637	0.9636	0.9729	0.9636	0.9634	0.9632	0.9627	0.9636	0.992	0.9636	0.9622	0.9436	0.9636	0.9643	0.9636	1.0188	0.9636	0.9553	0.9636	0.9633	3.414	0.964	0.9636	0.9636	0.9626	0.9636	0.9636	0.974	0.9613	0.9637	0.9636	0.9636	0.9636	0	0.9616	0.9584	3.1249	0.9644	0.9637	0.9636	0.9636	0.9638	0.9637	0.9636	0.9636	0.9637	0.9587	0.9636	0.9638	1.3375	0.9574	0.9612	1.0595	0.964	0.9637	0.964	0.959	0.9636	0.9638	0.9636	0.9632	0.9637	1.4172	1.1102	0.9635
  c	0.9616	0.962	0.9619	0.9612	0.9611	0.9624	0.9902	0.9613	2.3198	0.9615	0.9622	0.9516	0.9612	0.9617	0.9611	0.963	0.9612	0.9576	0.9615	0.9888	0.9827	0.9617	0.9611	0.9612	0.9605	0.9611	0.9611	0.9595	0.9619	0.9615	0.9611	0.9611	0.9612	0.9616	0	0.9594	0.9588	0.9618	0.9618	0.9615	0.9611	0.9612	0.9766	0.9611	0.9611	0.9614	0.9877	0.9614	1.1018	0.9618	0.9601	0.9599	0.9612	0.9619	0.9618	0.9643	1.0554	0.9611	0.9614	0.9611	0.962	0.9614	4.9113	0.9581	0.9612
  d	0.9578	0.9588	0.9627	0.9575	2.4766	1.3896	0.9619	1.4368	0.9455	0.9579	0.9596	8.4445	0.9649	0.9584	0.9575	0.959	0.9572	0.9639	0.9579	0.9614	0.9591	0.9598	0.9572	0.9579	1.0243	0.9571	0.9571	0.9623	1.0515	0.9594	0.9572	0.9571	0.9571	0.9584	0.9594	0	1.6654	0.9609	0.9585	0.9579	0.9572	1.0612	0.9586	0.9572	0.957	0.9575	6.6927	0.9579	0.9596	0.9832	2.6764	0.9559	0.9573	1.0235	0.9586	2.3982	1.4381	0.9571	0.9581	0.9571	0.9604	0.9575	0.9211	4.6608	0.9574
  e	0.9544	0.9558	4.923	0.9536	1.2308	4.7131	0.9635	0.9541	0.962	0.9542	0.9604	5.3447	1.935	1.032	1.4296	1.5877	1.4278	6.2653	0.9542	0.9606	10.1917	0.981	1.4293	1.0005	1.2038	0.9529	0.9527	3.9924	1.9526	1.2082	1.4267	0.9528	0.9529	3.1249	0.9588	1.6654	0	1.9522	0.9558	0.9542	1.4294	1.2022	0.9562	1.4281	0.9528	0.9537	10.9074	0.9542	1.2909	1.2587	1.7178	0.9541	1.196	1.0069	0.9555	0.9672	1.4288	0.9528	0.966	0.9527	2.604	0.9536	13.0084	1.9277	1.4306
  f	0.9642	0.9641	1.1332	0.9643	0.9643	0.9638	0.9633	0.9643	0.9367	0.9642	0.9624	1.2408	0.9644	0.9643	0.9642	0.9644	0.9642	0.9551	0.9642	0.9636	1.4338	0.9649	0.9642	0.9644	0.9633	0.9642	0.9642	0.961	0.9629	0.9651	0.9642	0.9642	0.9642	0.9644	0.9618	0.9609	1.9522	0	0.9644	0.9642	0.9642	0.9644	0.9643	0.9642	0.9642	0.9642	0.9602	0.9641	0.9647	0.9644	0.9587	0.9617	0.9643	0.9648	0.9643	0.9644	0.9593	0.9642	0.9644	0.9642	1.1227	0.9642	1.2502	0.9583	0.9641
  g	0.9638	0.9637	0.9664	0.9638	0.9633	0.963	0.9629	0.9636	0.9389	0.9638	0.9622	0.9425	0.9636	0.9639	0.9637	0.9636	0.9637	0.9551	0.9638	0.9638	0.9573	0.9641	0.9637	0.9637	0.9626	0.9637	0.9638	0.9601	0.9612	0.9637	0.9637	0.9637	0.9638	0.9637	0.9618	0.9585	0.9558	0.9644	0	0.9638	0.9637	0.9638	1.167	0.9637	0.9637	0.9638	0.9585	0.9637	0.9641	0.9638	0.9577	0.9615	0.9638	0.9641	0.9639	0.9632	0.9589	0.9637	0.9639	0.9638	0.963	0.9638	1.7101	0.9562	0.9636
  h	0.9638	0.9637	0.9611	0.9638	0.9632	0.9629	0.9626	0.9636	0.9362	0.9637	0.962	0.9404	0.9636	0.9638	0.9637	0.9635	0.9637	0.9542	0.9637	0.9633	0.9565	0.964	0.9637	0.9636	0.9624	0.9637	0.9638	0.9596	0.9608	0.9637	0.9637	0.9637	0.9637	0.9636	0.9615	0.9579	0.9542	0.9642	0.9638	0	0.9637	0.9638	0.9637	0.9637	0.9637	0.9638	0.9579	0.9637	0.9635	0.9638	0.9569	0.9612	0.9638	0.964	0.9638	0.9631	0.9583	0.9637	0.9639	0.9637	0.9627	0.9638	1.3331	0.9554	0.9636
  i	0.9638	0.9637	0.9607	0.9637	0.9632	0.9627	0.9624	0.9636	0.9327	0.9637	0.9617	0.9375	0.9636	0.9638	0.9637	0.9634	0.9637	0.9529	0.9637	0.9632	0.9554	0.964	0.9637	0.9636	0.9623	0.9637	0.9637	0.9591	0.9603	0.9637	0.9637	0.9637	0.9637	0.9636	0.9611	0.9572	1.4294	0.9642	0.9637	0.9637	0	0.9638	0.9637	0.9637	0.9637	0.9637	0.9571	0.9637	0.9634	0.9638	0.956	0.9609	0.9638	0.964	0.9638	0.9628	0.9576	0.9637	0.9638	0.9637	0.9627	0.9638	0.8799	0.9543	0.9635
  j	0.9638	0.9637	0.9609	0.9638	0.9993	0.9632	0.9624	0.9637	0.9329	0.9638	0.9617	1.0424	0.9637	0.9638	0.9638	0.9635	0.9638	0.9533	0.9638	0.9632	0.9563	0.9641	0.9637	0.9637	0.9624	0.9637	0.9638	0.9594	0.9605	0.9638	0.9638	0.9638	0.9638	0.9638	0.9612	1.0612	1.2022	0.9644	0.9638	0.9638	0.9638	0	0.9637	0.9638	0.9637	0.9638	0.9651	0.9637	0.9635	0.9638	0.9564	0.961	0.9638	0.9641	0.9639	0.963	0.9578	0.9638	0.9639	0.9638	0.9628	0.9638	0.8807	0.9557	0.9636
  k	0.9638	0.9637	0.962	0.9637	0.9633	0.963	0.9641	0.9636	1.0051	0.9637	0.9623	0.943	0.9636	0.9638	0.9637	0.9636	0.9637	0.9553	0.9637	1.2104	0.9576	0.9687	0.9636	0.9636	0.9626	0.9637	0.9637	0.9601	0.9613	0.9637	0.9637	0.9637	0.9637	0.9637	0.9766	0.9586	0.9562	0.9643	1.167	0.9637	0.9637	0.9637	0	0.9637	0.9637	0.9637	0.9587	0.9637	0.9805	0.9638	0.9582	0.9615	0.9637	0.9641	0.9638	0.9633	0.959	0.9637	0.9638	0.9637	0.963	0.9638	1.8236	0.9563	0.9636
  l	0.9637	0.9636	0.9607	0.9637	0.9632	0.9627	0.9624	0.9636	0.9327	0.9637	0.9617	0.9375	0.9635	0.9638	0.9637	0.9634	0.9637	0.9529	0.9637	0.9632	0.9554	0.964	0.9636	0.9636	0.9623	0.9637	0.9637	0.9591	0.9603	0.9636	0.9637	0.9637	0.9637	0.9636	0.9611	0.9572	1.4281	0.9642	0.9637	0.9637	0.9637	0.9638	0.9637	0	0.9637	0.9637	0.9571	0.9636	0.9634	0.9638	0.956	0.9609	0.9637	0.964	0.9638	0.9628	0.9576	0.9637	0.9638	0.9637	0.9627	0.9637	0.881	0.9543	0.9635
  m	0.9637	0.9636	0.9606	0.9648	0.9631	0.9627	0.9624	0.9636	0.9321	0.9637	0.9617	0.937	0.9635	0.9638	0.9637	0.9634	0.9637	0.9528	0.9637	0.9632	0.9552	0.964	0.9636	0.9636	0.9622	0.9637	0.9637	0.9598	0.9603	0.9637	0.9637	0.9637	0.9637	0.9636	0.9611	0.957	0.9528	0.9642	0.9637	0.9637	0.9637	0.9637	0.9637	0.9637	0	0.9637	0.9569	0.9636	0.9634	0.9637	0.9559	0.9608	0.9637	0.964	0.9678	0.9628	0.9575	0.9637	0.9638	0.9637	1.4564	0.9638	0.8785	0.9541	0.9635
  n	0.9638	0.9637	0.9609	0.9638	0.9632	0.9629	0.9626	0.9636	0.9347	0.9638	0.9619	0.9389	0.9636	0.9638	0.9637	1.2411	0.9637	0.9536	0.9638	0.9633	0.956	0.964	0.9637	0.9637	0.9624	0.9637	0.9638	0.9594	0.9606	0.9637	0.9637	0.9637	0.9638	0.9637	0.9614	0.9575	0.9537	0.9642	0.9638	0.9638	0.9637	0.9638	0.9637	0.9637	0.9637	0	0.9575	0.9637	0.9635	0.9638	0.9565	0.9611	0.9638	0.964	0.9639	0.963	0.958	0.9638	0.9639	0.9638	0.9629	0.9638	1.1102	0.9548	0.9636
  o	0.9581	0.959	1.0288	0.958	3.613	2.1443	1.0874	0.9578	1.4771	0.9579	0.9607	7.0029	0.9584	0.9939	1.3069	0.9601	2.396	1.4643	0.9579	0.9621	0.9774	0.9595	0.957	2.1012	1.0964	1.4355	0.9569	0.9601	3.6948	1.2764	0.9571	0.957	1.436	0.9587	0.9877	6.6927	10.9074	0.9602	0.9585	0.9579	0.9571	0.9651	0.9587	0.9571	0.9569	0.9575	0	0.9578	1.0131	0.9612	2.349	0.9579	0.9573	0.9617	0.9586	2.3911	1.0383	0.9569	1.3386	0.957	1.0424	0.9575	2.9305	2.5567	1.4381
  p	0.9638	0.9636	0.961	0.9637	0.9632	0.9629	0.9626	0.9636	0.936	0.9637	0.962	0.9405	0.9635	0.9637	0.9637	0.9635	0.9636	0.9541	0.9637	0.9633	0.9564	0.9642	0.9636	0.9636	0.9624	0.9637	1.3197	0.9596	0.9608	0.9637	0.9637	0.9637	0.9637	0.9636	0.9614	0.9579	0.9542	0.9641	0.9637	0.9637	0.9637	0.9637	0.9637	0.9636	0.9636	0.9637	0.9578	0	0.9635	0.9637	0.9568	0.9611	0.9637	1.8778	0.9638	0.963	0.9583	0.9637	0.9638	0.9637	1.4446	0.9637	1.3321	0.9553	0.9635
  q	0.9636	0.9636	1.2564	0.9635	0.9632	0.9632	1.37	0.9634	0.9474	0.9635	0.9631	1.0507	0.9634	0.9638	0.9634	0.9637	0.9634	0.9571	0.9635	0.9934	1.4344	1.0508	0.9634	0.9634	0.9626	0.9634	0.9634	0.9609	0.9624	0.9636	0.9634	0.9634	0.9634	0.9638	1.1018	0.9596	1.2909	0.9647	0.9641	0.9635	0.9634	0.9635	0.9805	0.9634	0.9634	0.9635	1.0131	0.9635	0	0.9637	1.123	0.9616	0.9635	0.9641	0.9637	0.9901	0.9637	0.9634	0.9636	0.9635	0.9633	0.9636	2.8161	0.9583	0.9634
  r	0.9639	0.9637	0.9668	0.9639	0.9635	0.9635	0.9629	0.9637	0.9393	0.9638	0.9623	1.2232	0.9638	0.9638	0.9638	0.9637	0.9638	0.9742	0.9638	0.9634	0.9593	0.9642	0.9637	0.9637	0.9627	0.9637	0.9638	0.9731	0.9616	0.9639	0.9638	0.9638	0.9638	1.3375	0.9618	0.9832	1.2587	0.9644	0.9638	0.9638	0.9638	0.9638	0.9638	0.9638	0.9637	0.9638	0.9612	0.9637	0.9637	0	1.008	0.9617	0.9638	0.9693	0.9639	0.9635	0.9591	0.9638	0.9639	0.9638	0.9631	0.9638	1.7982	0.9573	0.9637
  s	0.9574	0.9581	1.1041	0.9563	0.9568	0.9582	1.0463	0.9569	1.4765	0.9571	0.9778	5.961	0.9667	0.9573	0.956	0.9589	0.9561	1.0131	0.9569	0.9615	0.9881	0.958	0.956	0.9563	0.9566	0.956	0.9559	0.9945	1.9176	0.9576	0.956	0.9559	0.956	0.9574	0.9601	2.6764	1.7178	0.9587	0.9577	0.9569	0.956	0.9564	0.9582	0.956	0.9559	0.9565	2.349	0.9568	1.123	1.008	0	0.9557	0.956	0.9796	0.9577	2.1309	0.959	0.9559	0.9572	0.9559	0.9601	0.9566	12.4976	1.638	0.9564
  t	0.9612	0.9616	0.9598	0.9613	0.9605	1.5484	0.9621	0.961	0.9342	0.9612	0.9605	0.9858	0.9609	0.9632	0.9609	0.9616	0.9609	7.2275	0.9612	0.9624	0.9563	0.9618	0.9608	0.9609	0.9595	0.9609	0.9609	1.1374	0.9593	0.9614	0.9609	0.9609	0.9609	0.9612	0.9599	0.9559	0.9541	0.9617	0.9615	0.9612	0.9609	0.961	0.9615	0.9609	0.9608	0.9611	0.9579	0.9611	0.9616	0.9617	0.9557	0	0.9609	0.9619	0.9616	0.9612	0.9567	0.9608	0.9617	0.9609	0.9618	0.9611	0.8826	0.953	0.9608
  u	0.9638	0.9637	0.9608	0.9638	0.9633	0.9628	0.9624	0.9637	0.9327	0.9638	0.9617	0.9383	0.9636	0.9638	0.9638	0.9635	0.9637	0.953	0.9638	0.9632	1.043	0.964	0.9637	0.9637	0.9623	0.9637	0.9638	0.9592	0.9604	0.9637	0.9638	0.9638	0.9638	1.0595	0.9612	0.9573	1.196	0.9643	0.9638	0.9638	0.9638	0.9638	0.9637	0.9637	0.9637	0.9638	0.9573	0.9637	0.9635	0.9638	0.956	0.9609	0	0.964	0.9638	0.963	0.9577	0.9638	0.9639	0.9638	0.9627	0.9638	0.8801	1.1202	0.9636
  v	0.9641	0.9639	0.9622	0.9641	0.964	0.9638	0.9632	0.9641	0.9395	0.9639	0.9625	1.6515	0.9641	0.964	0.964	0.964	0.964	0.9598	0.964	0.9634	0.9593	1.2224	0.964	0.9641	0.9631	0.964	1.1836	0.963	0.962	0.9646	0.964	0.964	0.964	0.964	0.9619	1.0235	1.0069	0.9648	0.9641	0.964	0.964	0.9641	0.9641	0.964	0.964	0.964	0.9617	1.8778	0.9641	0.9693	0.9796	0.9619	0.964	0	0.9641	0.964	0.9595	0.964	0.9642	0.964	0.9633	0.964	1.7963	0.9588	0.9639
  w	0.9648	0.9638	0.9615	1.22	0.9634	0.9632	1.01	0.9637	0.9392	0.9638	0.9629	1.0138	0.9637	0.9639	0.9638	0.964	0.9638	0.9561	0.9638	0.9634	0.9575	0.9641	0.9638	0.9638	0.9626	0.9638	0.9638	1.1661	0.9629	0.9639	0.9638	0.9638	0.9638	0.9637	0.9618	0.9586	0.9555	0.9643	0.9639	0.9638	0.9638	0.9639	0.9638	0.9638	0.9678	0.9639	0.9586	0.9638	0.9637	0.9639	0.9577	0.9616	0.9638	0.9641	0	0.9634	0.9589	0.9638	0.964	0.9638	1.8235	1.1031	1.7464	0.9563	0.9637
  x	0.9633	0.9633	0.9869	0.9629	0.9636	0.9631	0.9643	0.9632	0.9633	0.963	0.9633	2.6731	0.9629	0.9633	0.9628	0.9637	0.9628	0.9579	0.9631	0.9645	1.4167	0.9636	0.9628	0.9629	0.9626	0.9628	0.9628	0.9608	2.0185	0.9635	0.9628	0.9628	0.9628	0.964	0.9643	2.3982	0.9672	0.9644	0.9632	0.9631	0.9628	0.963	0.9633	0.9628	0.9628	0.963	2.3911	0.963	0.9901	0.9635	2.1309	0.9612	0.963	0.964	0.9634	0	0.9957	0.9628	0.9635	0.9628	0.9636	0.963	2.842	3.7415	0.9628
  y	0.9583	1.0434	0.9613	0.9579	0.958	0.9665	1.047	0.9582	2.1803	0.9583	0.9603	2.2448	0.9578	1.0118	0.9576	0.9598	0.9577	1.2981	0.9583	0.9619	1.2776	0.9589	0.9576	0.958	0.9571	0.9576	0.9575	0.9569	1.128	0.9585	0.9576	0.9575	0.9576	0.959	1.0554	1.4381	1.4288	0.9593	0.9589	0.9583	0.9576	0.9578	0.959	0.9576	0.9575	0.958	1.0383	0.9583	0.9637	0.9591	0.959	0.9567	0.9577	0.9595	0.9589	0.9957	0	0.9575	0.9581	0.9575	0.9673	0.958	3.001	1.0777	0.9578
  z	0.9638	0.9637	0.9606	0.9638	0.9632	0.9627	0.9624	0.9636	0.9322	0.9637	0.9617	0.9369	0.9636	0.9638	0.9637	1.022	0.9637	0.9528	0.9637	0.9632	0.9552	0.964	0.9637	0.9636	0.9622	0.9637	0.9638	0.959	0.9603	0.9637	0.9637	0.9637	0.9637	0.9636	0.9611	0.9571	0.9528	0.9642	0.9637	0.9637	0.9637	0.9638	0.9637	0.9637	0.9637	0.9638	0.9569	0.9637	0.9634	0.9638	0.9559	0.9608	0.9638	0.964	0.9638	0.9628	0.9575	0	0.9638	0.9637	1.3924	0.9638	0.8785	0.9541	0.9635
  {	0.964	0.9638	0.9614	0.9642	0.9637	0.9639	0.9629	0.9637	0.9373	0.9639	0.9619	0.9916	0.9637	0.9641	0.9638	0.9638	0.964	1.1568	0.9639	0.9635	0.957	0.9643	0.9638	0.9639	0.9625	0.9639	0.9639	0.9598	1.3042	0.9641	0.9638	0.9639	0.9639	0.9638	0.9614	0.9581	0.966	0.9644	0.9639	0.9639	0.9638	0.9639	0.9638	0.9638	0.9638	0.9639	1.3386	0.9638	0.9636	0.9639	0.9572	0.9617	0.9639	0.9642	0.964	0.9635	0.9581	0.9638	0	0.9639	0.9631	0.9639	0.9514	0.9563	0.9637
  |	0.9638	0.9637	0.9606	0.9638	0.9632	0.9627	1.4436	0.9636	0.9322	0.9637	0.9617	0.9369	0.9636	0.9638	0.9637	0.9634	0.9637	0.9528	0.9637	0.9632	0.9552	0.964	0.9637	0.9636	0.9622	0.9637	0.9638	0.959	0.9602	0.9637	0.9637	0.9637	0.9637	0.9636	0.9611	0.9571	0.9527	0.9642	0.9638	0.9637	0.9637	0.9638	0.9637	0.9637	0.9637	0.9638	0.957	0.9637	0.9635	0.9638	0.9559	0.9609	0.9638	0.964	0.9638	0.9628	0.9575	0.9637	0.9639	0	0.9626	0.9638	0.8786	0.9541	0.9635
  }	0.963	0.963	0.9661	1.1053	0.9628	1.0769	0.9873	0.9627	0.9474	0.9627	1.5844	1.6338	0.9628	0.9664	0.9628	2.9386	0.9627	1.9667	0.9628	0.9633	0.9668	0.9633	0.9626	0.9627	0.9622	0.9626	0.9626	1.6679	1.4794	1.9176	0.9627	0.9626	0.9626	0.9632	0.962	0.9604	2.604	1.1227	0.963	0.9627	0.9627	0.9628	0.963	0.9627	1.4564	0.9629	1.0424	1.4446	0.9633	0.9631	0.9601	0.9618	0.9627	0.9633	1.8235	0.9636	0.9673	1.3924	0.9631	0.9626	0	0.9628	4.0077	0.9593	0.9629
  ~	0.964	0.9638	0.961	0.9638	0.9632	0.9629	1.2932	0.9637	0.9352	0.9638	0.962	0.9388	0.9636	0.9638	0.9638	0.9636	0.9638	0.9536	0.9638	0.9634	0.956	0.9641	0.9637	0.9637	0.9624	0.9638	0.9638	0.9594	0.961	0.9637	0.9638	0.9638	0.9638	0.9637	0.9614	0.9575	0.9536	0.9642	0.9638	0.9638	0.9638	0.9638	0.9638	0.9637	0.9638	0.9638	0.9575	0.9637	0.9636	0.9638	0.9566	0.9611	0.9638	0.964	1.1031	0.963	0.958	0.9638	0.9639	0.9638	0.9628	0	1.0822	0.9548	0.9636
  	1.2158	1.982	6.5969	0.8818	0.8839	1.332	8.2142	0.9579	71.6968	1.3327	5.3526	7.9005	0.8832	1.3669	0.8796	2.3177	0.8797	2.1673	1.334	10.7223	5.5464	1.2146	0.8799	0.9018	0.8826	0.8794	0.8783	1.2183	5.5215	0.9313	0.8804	0.8789	0.8794	1.4172	4.9113	0.9211	13.0084	1.2502	1.7101	1.3331	0.8799	0.8807	1.8236	0.881	0.8785	1.1102	2.9305	1.3321	2.8161	1.7982	12.4976	0.8826	0.8801	1.7963	1.7464	2.842	3.001	0.8785	0.9514	0.8786	4.0077	1.0822	0	2.1977	1.009
  	0.9555	0.9567	0.9623	0.9546	1.4335	0.9561	0.9607	1.9003	1.5525	0.9554	0.9587	8.5627	0.9551	0.9563	0.9543	0.9574	0.9543	0.9537	0.9554	0.9608	3.2598	0.9569	0.9543	0.9547	1.0327	0.9542	0.9541	0.9541	3.9085	0.9562	0.9543	0.9542	0.9542	1.1102	0.9581	4.6608	1.9277	0.9583	0.9562	0.9554	0.9543	0.9557	0.9563	0.9543	0.9541	0.9548	2.5567	0.9553	0.9583	0.9573	1.638	0.953	1.1202	0.9588	0.9563	3.7415	1.0777	0.9541	0.9563	0.9541	0.9593	0.9548	2.1977	0	0.9546
  	0.9636	0.9636	0.9609	0.9636	0.9631	0.9627	0.9676	0.9634	0.9341	0.9636	1.0922	0.9418	0.9634	0.9637	0.9635	0.9634	0.9635	0.9536	0.9636	0.9633	0.9558	0.9639	0.9635	0.9635	0.9622	0.9635	0.9635	1.2788	0.9606	0.9636	0.9635	0.9635	0.9635	0.9635	0.9612	0.9574	1.4306	0.9641	0.9636	0.9636	0.9635	0.9636	0.9636	0.9635	0.9635	0.9636	1.4381	0.9635	0.9634	0.9637	0.9564	0.9608	0.9636	0.9639	0.9637	0.9628	0.9578	0.9635	0.9637	0.9635	0.9629	0.9636	1.009	0.9546	0

Actual rates from j->i (Q_ij):
	A	B	C	D	E	F	G	H	I	J	K	L	M	N	O	P	Q	R	S	T	U	V	W	X	Y	Z	[	\	]	^	_	`	a	b	c	d	e	f	g	h	i	j	k	l	m	n	o	p	q	r	s	t	u	v	w	x	y	z	{	|	}	~			
  A	0	0.0174	0.0174	0.0174	0.0174	0.0174	0.0174	0.0174	0.017	0.0174	0.0174	0.017	0.0174	0.0174	0.0174	0.0174	0.0174	0.0173	0.0174	0.0174	0.0173	0.0174	0.0174	0.0174	0.0174	0.0174	0.0174	0.0174	0.0199	0.0174	0.0174	0.0174	0.0174	0.0174	0.0174	0.0173	0.0173	0.0175	0.0174	0.0174	0.0174	0.0174	0.0174	0.0174	0.0174	0.0174	0.0173	0.0174	0.0174	0.0174	0.0173	0.0174	0.0174	0.0175	0.0175	0.0174	0.0173	0.0174	0.0174	0.0174	0.0174	0.0174	0.022	0.0173	0.0174
  B	0.0143	0	0.0143	0.0143	0.0143	0.0143	0.0143	0.0143	0.0174	0.0143	0.0143	0.014	0.0143	0.0143	0.0143	0.0143	0.0143	0.0142	0.0143	0.0143	0.0142	0.0143	0.0143	0.0143	0.0143	0.0143	0.0143	0.0142	0.0143	0.0143	0.0143	0.0143	0.0143	0.0143	0.0143	0.0142	0.0142	0.0143	0.0143	0.0143	0.0143	0.0143	0.0143	0.0143	0.0143	0.0143	0.0142	0.0143	0.0143	0.0143	0.0142	0.0143	0.0143	0.0143	0.0143	0.0143	0.0155	0.0143	0.0143	0.0143	0.0143	0.0143	0.0294	0.0142	0.0143
  C	0.0082	0.0082	0	0.0082	0.0082	0.01	0.0085	0.0082	0.0087	0.0082	0.0083	0.0127	0.0082	0.0082	0.0082	0.0083	0.0082	0.0085	0.0082	0.0089	0.0183	0.0083	0.0082	0.0082	0.0082	0.0082	0.0082	0.0082	0.0141	0.0083	0.0083	0.0082	0.0082	0.0083	0.0082	0.0083	0.0422	0.0097	0.0083	0.0082	0.0082	0.0082	0.0082	0.0082	0.0082	0.0082	0.0088	0.0082	0.0108	0.0083	0.0095	0.0082	0.0082	0.0082	0.0082	0.0085	0.0082	0.0082	0.0082	0.0082	0.0083	0.0082	0.0565	0.0082	0.0082
  D	0.0187	0.0187	0.0187	0	0.0187	0.0187	0.0187	0.0187	0.0182	0.0187	0.0187	0.0203	0.0187	0.0188	0.0187	0.0187	0.0187	0.065	0.0187	0.0187	0.0186	0.0187	0.0187	0.0187	0.0187	0.0187	0.0187	0.0241	0.0187	0.0187	0.0187	0.0187	0.0187	0.0187	0.0187	0.0186	0.0185	0.0188	0.0187	0.0187	0.0187	0.0187	0.0187	0.0187	0.0188	0.0187	0.0186	0.0187	0.0187	0.0187	0.0186	0.0187	0.0187	0.0187	0.0237	0.0187	0.0186	0.0187	0.0187	0.0187	0.0215	0.0187	0.0171	0.0186	0.0187
  E	0.0184	0.0184	0.0184	0.0184	0	0.0184	0.0184	0.0184	0.0179	0.0184	0.0184	0.0327	0.0184	0.0184	0.0215	0.0184	0.0184	0.0182	0.0184	0.0184	0.0183	0.0184	0.0184	0.0242	0.0184	0.0184	0.0184	0.0183	0.0184	0.0184	0.0184	0.0184	0.0184	0.0184	0.0184	0.0474	0.0235	0.0184	0.0184	0.0184	0.0184	0.0191	0.0184	0.0184	0.0184	0.0184	0.0691	0.0184	0.0184	0.0184	0.0183	0.0184	0.0184	0.0184	0.0184	0.0184	0.0183	0.0184	0.0184	0.0184	0.0184	0.0184	0.0169	0.0274	0.0184
  F	0.0159	0.0159	0.0193	0.0159	0.0159	0	0.017	0.0159	0.0155	0.0159	0.0159	0.0208	0.0159	0.016	0.0159	0.0181	0.0159	0.0755	0.0159	0.0159	0.0159	0.0167	0.0159	0.0159	0.0159	0.0159	0.0159	0.0235	0.0159	0.016	0.0159	0.0159	0.0159	0.0159	0.0159	0.0229	0.0778	0.0159	0.0159	0.0159	0.0159	0.0159	0.0159	0.0159	0.0159	0.0159	0.0354	0.0159	0.0159	0.0159	0.0158	0.0256	0.0159	0.0159	0.0159	0.0159	0.016	0.0159	0.0159	0.0159	0.0178	0.0159	0.022	0.0158	0.0159
  G	0.0068	0.0068	0.007	0.0068	0.0068	0.0073	0	0.0068	0.0163	0.0068	0.0076	0.009	0.0068	0.0068	0.0068	0.0068	0.0068	0.0094	0.0068	0.0068	0.0068	0.0082	0.0068	0.0068	0.0068	0.0068	0.0068	0.0069	0.01	0.0069	0.0068	0.0068	0.0068	0.0068	0.007	0.0068	0.0068	0.0068	0.0068	0.0068	0.0068	0.0068	0.0068	0.0068	0.0068	0.0068	0.0077	0.0068	0.0097	0.0068	0.0074	0.0068	0.0068	0.0068	0.0071	0.0068	0.0074	0.0068	0.0068	0.0102	0.007	0.0091	0.0581	0.0068	0.0068
  H	0.0177	0.0177	0.0176	0.0177	0.0177	0.0176	0.0176	0	0.0247	0.0177	0.0176	0.0259	0.0177	0.0177	0.0177	0.0177	0.0177	0.0175	0.0177	0.0177	0.0175	0.0177	0.0177	0.0177	0.0176	0.0177	0.0177	0.0176	0.0176	0.0177	0.0177	0.0177	0.0177	0.0177	0.0176	0.0263	0.0175	0.0177	0.0177	0.0177	0.0177	0.0177	0.0177	0.0177	0.0177	0.0177	0.0176	0.0177	0.0177	0.0177	0.0175	0.0176	0.0177	0.0177	0.0177	0.0177	0.0176	0.0177	0.0177	0.0177	0.0176	0.0177	0.0176	0.0348	0.0177
  I	0.0018	0.0022	0.0019	0.0018	0.0018	0.0018	0.0044	0.0026	0	0.0018	0.0028	0.0043	0.0018	0.002	0.0018	0.0023	0.0018	0.0022	0.0018	0.0019	0.0025	0.0018	0.0018	0.0018	0.0018	0.0018	0.0018	0.0018	0.0042	0.0018	0.0018	0.0018	0.0018	0.0019	0.0044	0.0018	0.0018	0.0018	0.0018	0.0018	0.0018	0.0018	0.0019	0.0018	0.0018	0.0018	0.0028	0.0018	0.0018	0.0018	0.0028	0.0018	0.0018	0.0018	0.0018	0.0018	0.0041	0.0018	0.0018	0.0018	0.0018	0.0018	0.1363	0.003	0.0018
  J	0.0169	0.0169	0.0168	0.0169	0.0169	0.0169	0.0169	0.0169	0.0164	0	0.0169	0.0165	0.0169	0.0169	0.0169	0.0169	0.0169	0.0167	0.0169	0.0169	0.0168	0.0169	0.0169	0.0169	0.0169	0.0169	0.0169	0.0168	0.0168	0.0169	0.0169	0.0169	0.0169	0.0169	0.0168	0.0168	0.0167	0.0169	0.0169	0.0169	0.0169	0.0169	0.0169	0.0169	0.0169	0.0169	0.0168	0.0169	0.0169	0.0169	0.0168	0.0168	0.0169	0.0169	0.0169	0.0169	0.0168	0.0169	0.0169	0.0169	0.0169	0.0169	0.0233	0.0167	0.0169
  K	0.0088	0.0088	0.0088	0.0088	0.0088	0.0088	0.0098	0.0088	0.0135	0.0088	0	0.0087	0.0088	0.0088	0.0088	0.0088	0.0088	0.0087	0.0088	0.0088	0.0097	0.0088	0.0088	0.0088	0.0088	0.0088	0.0088	0.0107	0.0088	0.0088	0.0088	0.0088	0.0088	0.0088	0.0088	0.0087	0.0087	0.0088	0.0088	0.0088	0.0088	0.0088	0.0088	0.0088	0.0088	0.0088	0.0087	0.0088	0.0088	0.0088	0.0089	0.0087	0.0088	0.0088	0.0088	0.0088	0.0087	0.0088	0.0088	0.0088	0.0144	0.0088	0.0487	0.0087	0.0099
  L	0.0075	0.0075	0.0117	0.0083	0.0136	0.01	0.0101	0.0112	0.018	0.0075	0.0076	0	0.0108	0.0075	0.0074	0.0101	0.0074	0.0133	0.0075	0.0076	0.0874	0.0093	0.0074	0.011	0.0095	0.0074	0.0074	0.0111	0.0293	0.0213	0.0074	0.0074	0.0074	0.0075	0.0075	0.0669	0.0423	0.0098	0.0075	0.0075	0.0074	0.0083	0.0075	0.0074	0.0074	0.0074	0.0555	0.0075	0.0083	0.0097	0.0472	0.0078	0.0074	0.0131	0.008	0.0212	0.0178	0.0074	0.0079	0.0074	0.0129	0.0074	0.0626	0.0678	0.0075
  M	0.0184	0.0184	0.0184	0.0184	0.0184	0.0184	0.0184	0.0184	0.0179	0.0184	0.0184	0.0261	0	0.0184	0.0184	0.0184	0.0184	0.0182	0.0184	0.0184	0.0183	0.0184	0.0184	0.0184	0.0184	0.0184	0.0184	0.0184	0.0184	0.0184	0.0184	0.0184	0.0184	0.0184	0.0184	0.0185	0.037	0.0185	0.0184	0.0184	0.0184	0.0184	0.0184	0.0184	0.0184	0.0184	0.0183	0.0184	0.0184	0.0184	0.0185	0.0184	0.0184	0.0184	0.0184	0.0184	0.0183	0.0184	0.0184	0.0184	0.0184	0.0184	0.0169	0.0183	0.0184
  N	0.0165	0.0165	0.0165	0.0165	0.0165	0.0166	0.0165	0.0165	0.0177	0.0165	0.0165	0.0162	0.0165	0	0.0165	0.0165	0.0165	0.0287	0.0165	0.0165	0.018	0.0165	0.0165	0.0165	0.0165	0.0165	0.0165	0.0165	0.0165	0.0165	0.0165	0.0165	0.0165	0.0165	0.0165	0.0164	0.0177	0.0165	0.0165	0.0165	0.0165	0.0165	0.0165	0.0165	0.0165	0.0165	0.017	0.0165	0.0165	0.0165	0.0164	0.0165	0.0165	0.0165	0.0165	0.0165	0.0173	0.0165	0.0165	0.0165	0.0166	0.0165	0.0234	0.0164	0.0165
  O	0.0192	0.0192	0.0191	0.0192	0.0224	0.0192	0.0192	0.0192	0.0186	0.0192	0.0192	0.0187	0.0192	0.0192	0	0.0192	0.0192	0.019	0.0192	0.0192	0.019	0.0192	0.0192	0.0192	0.0192	0.0192	0.0192	0.0191	0.0191	0.0192	0.0192	0.0192	0.0192	0.0192	0.0191	0.0191	0.0285	0.0192	0.0192	0.0192	0.0192	0.0192	0.0192	0.0192	0.0192	0.0192	0.026	0.0192	0.0192	0.0192	0.019	0.0191	0.0192	0.0192	0.0192	0.0192	0.0191	0.0192	0.0192	0.0192	0.0192	0.0192	0.0175	0.019	0.0192
  P	0.0139	0.0139	0.0139	0.0139	0.0139	0.0158	0.0139	0.0139	0.0173	0.0139	0.0139	0.0183	0.0139	0.0139	0.0139	0	0.0139	0.0276	0.0139	0.0139	0.0233	0.0139	0.0139	0.0139	0.0139	0.0139	0.0139	0.0139	0.0177	0.0139	0.0139	0.0139	0.0139	0.0147	0.0139	0.0138	0.0229	0.0139	0.0139	0.0139	0.0139	0.0139	0.0139	0.0139	0.0139	0.0179	0.0138	0.0139	0.0139	0.0139	0.0138	0.0139	0.0139	0.0139	0.0139	0.0139	0.0138	0.0147	0.0139	0.0139	0.0424	0.0139	0.0334	0.0138	0.0139
  Q	0.0192	0.0192	0.0191	0.0192	0.0192	0.0192	0.0192	0.0192	0.0186	0.0192	0.0192	0.0187	0.0192	0.0192	0.0192	0.0192	0	0.019	0.0192	0.0192	0.019	0.0192	0.0192	0.0192	0.0192	0.0192	0.0192	0.0191	0.0191	0.0192	0.0192	0.0192	0.0192	0.0192	0.0192	0.0191	0.0284	0.0192	0.0192	0.0192	0.0192	0.0192	0.0192	0.0192	0.0192	0.0192	0.0477	0.0192	0.0192	0.0192	0.019	0.0191	0.0192	0.0192	0.0192	0.0192	0.0191	0.0192	0.0192	0.0192	0.0192	0.0192	0.0175	0.019	0.0192
  R	0.0111	0.0111	0.0116	0.0389	0.0111	0.0532	0.0154	0.0111	0.0137	0.0111	0.0112	0.0195	0.0111	0.0195	0.0111	0.0223	0.0111	0	0.0111	0.0112	0.0142	0.0273	0.0111	0.0111	0.0111	0.0111	0.0111	0.0711	0.0112	0.0128	0.0111	0.0111	0.0111	0.0111	0.0111	0.0112	0.0729	0.0111	0.0111	0.0111	0.0111	0.0111	0.0111	0.0111	0.0111	0.0111	0.017	0.0111	0.0111	0.0113	0.0118	0.0841	0.0111	0.0112	0.0111	0.0111	0.0151	0.0111	0.0135	0.0111	0.0229	0.0111	0.0252	0.0111	0.0111
  S	0.0169	0.0169	0.0168	0.0169	0.0169	0.0169	0.0169	0.0169	0.0164	0.0169	0.0168	0.0165	0.0169	0.0169	0.0169	0.0169	0.0169	0.0167	0	0.0169	0.0167	0.0169	0.0169	0.0169	0.0169	0.0169	0.0169	0.0168	0.0168	0.0169	0.0169	0.0169	0.0169	0.0169	0.0168	0.0168	0.0167	0.0169	0.0169	0.0169	0.0169	0.0169	0.0169	0.0169	0.0169	0.0169	0.0168	0.0169	0.0169	0.0169	0.0168	0.0168	0.0169	0.0169	0.0169	0.0169	0.0168	0.0169	0.0169	0.0169	0.0169	0.0169	0.0234	0.0167	0.0169
