Map from character to field name
A:	Algeria
B:	Argentina
C:	Australia
D:	Austria
E:	Bangladesh
F:	Belgium
G:	Brazil
H:	Cambodia
I:	Canada
J:	Chad
K:	Chile
L:	China
M:	Czech Republic
N:	Denmark
O:	Egypt
P:	France
Q:	Georgia
R:	Germany
S:	Guam
T:	Guatemala
U:	Hong Kong
V:	Hungary
W:	Iceland
X:	India
Y:	Indonesia
Z:	Iran
[:	Ireland
\:	Italy
]:	Japan
^:	Kazakhstan
_:	Kuwait
`:	Laos
a:	Luxembourg
b:	Malaysia
c:	Mexico
d:	Mongolia
e:	Netherlands
f:	New Zealand
g:	Nicaragua
h:	Nigeria
i:	Norway
j:	Pakistan
k:	Peru
l:	Philippines
m:	Poland
n:	Romania
o:	Russia
p:	Saudi Arabia
q:	Singapore
r:	South Africa
s:	South Korea
t:	Spain
u:	Sri Lanka
v:	Sweden
w:	Switzerland
x:	Taiwan
y:	Thailand
z:	Turkey
{:	Ukraine
|:	United Arab Emirates
}:	United Kingdom
~:	Uruguay
:	Usa
:	Vietnam
:	Zambia
:	?


Substitution rate (mu): 16.640669

Equilibrium frequencies (pi_i):
  A: 0.0184
  B: 0.0157
  C: 0.0087
  D: 0.0188
  E: 0.0204
  F: 0.0177
  G: 0.0076
  H: 0.0182
  I: 0.002
  J: 0.0194
  K: 0.013
  L: 0.0058
  M: 0.0192
  N: 0.0172
  O: 0.0196
  P: 0.0138
  Q: 0.0192
  R: 0.0123
  S: 0.0173
  T: 0.0074
  U: 0.0071
  V: 0.0194
  W: 0.0187
  X: 0.0193
  Y: 0.0188
  Z: 0.0194
  [: 0.0181
  \: 0.0188
  ]: 0.0071
  ^: 0.0162
  _: 0.0193
  `: 0.0194
  a: 0.0194
  b: 0.0147
  c: 0.0104
  d: 0.0112
  e: 0.0048
  f: 0.0169
  g: 0.0188
  h: 0.0195
  i: 0.0195
  j: 0.0175
  k: 0.016
  l: 0.0192
  m: 0.0194
  n: 0.0196
  o: 0.0105
  p: 0.0152
  q: 0.014
  r: 0.0145
  s: 0.0072
  t: 0.0192
  u: 0.0192
  v: 0.0127
  w: 0.0166
  x: 0.0141
  y: 0.0171
  z: 0.0195
  {: 0.0176
  |: 0.0183
  }: 0.0091
  ~: 0.0177
  : 0.0052
  : 0.0128
  : 0.0193

Symmetrized rates from j->i (W_ij):
	A	B	C	D	E	F	G	H	I	J	K	L	M	N	O	P	Q	R	S	T	U	V	W	X	Y	Z	[	\	]	^	_	`	a	b	c	d	e	f	g	h	i	j	k	l	m	n	o	p	q	r	s	t	u	v	w	x	y	z	{	|	}	~			
  A	0	0.9689	0.9659	0.969	0.9682	0.9676	0.9663	0.9688	0.9354	0.9691	0.9696	0.9417	0.9691	0.969	0.969	0.9685	0.9691	0.9588	0.9691	0.9685	0.9616	0.9689	0.9691	0.9689	0.9662	0.9689	0.9691	0.9639	1.2535	0.969	0.9691	0.9691	0.969	0.9691	0.9645	0.9636	0.9586	0.9693	0.9691	0.969	0.9691	0.969	0.9691	0.969	0.9689	0.969	0.9644	0.9692	0.9691	0.9692	0.9616	0.9652	0.9691	0.9691	0.9695	0.9687	0.9614	0.969	0.9692	0.9691	0.9664	0.9692	1.0894	0.959	0.9686
  B	0.9689	0	0.9657	0.9687	0.9679	0.9675	0.9662	0.9685	0.9389	0.9688	1.1229	0.9435	0.9687	0.9686	0.9687	0.9682	0.9687	0.96	0.9687	0.9681	0.9617	0.9685	0.9688	0.9685	0.9662	0.9686	0.9687	0.9643	0.9651	0.9686	0.9687	0.9687	0.9687	0.9687	0.9648	0.9639	0.9593	0.9689	0.9687	0.9687	0.9687	0.9686	0.9687	0.9687	0.9686	0.9687	0.9638	0.9688	0.9687	0.9688	0.9613	0.9654	0.9687	0.9687	0.9687	0.9677	0.9622	0.9687	0.9688	0.9687	0.9663	0.9688	1.7786	0.9598	0.9684
  C	0.9659	0.9657	0	0.9652	0.9643	0.9652	2.027	0.9653	0.9538	1.0096	1.1329	1.7301	0.965	0.9661	0.9649	1.116	0.9651	0.9626	0.9654	0.9719	1.7741	1.4408	0.9655	1.339	0.9639	0.9648	0.9652	1.1128	1.9953	0.9662	0.965	0.9649	0.9649	0.9669	0.9675	0.9661	2.8736	1.1199	1.3767	0.9649	0.965	0.9653	1.3181	0.9649	0.9649	0.9648	1.0909	0.966	1.7735	0.9663	1.5929	0.9631	0.965	0.9665	0.9657	1.0009	1.063	0.9648	0.9656	0.9652	0.9666	0.9656	6.1509	1.2681	1.1926
  D	0.969	0.9687	0.9652	0	0.968	0.9677	0.9656	0.9688	0.9329	0.9691	0.9691	1.1861	0.969	0.9695	0.9689	0.9682	0.969	3.3632	0.9689	0.968	0.961	0.9689	0.969	0.9688	0.966	0.9688	0.969	1.4232	0.9642	0.9688	0.9689	0.9689	0.9689	0.9688	0.9641	0.9633	0.9577	0.9693	0.969	0.9689	0.969	0.9689	0.9689	0.9689	0.9692	0.9689	0.9629	0.9689	0.9689	0.969	0.9599	0.9651	0.969	0.9688	0.9693	0.9676	0.9611	0.9689	0.969	0.969	0.9666	0.969	0.8922	0.9586	0.9686
  E	0.9682	0.9679	0.9643	0.968	0	0.9666	0.9649	0.9679	0.9297	0.9681	0.9684	0.9363	0.9681	0.968	1.2653	0.9674	0.9682	0.957	0.9681	0.9675	0.9593	0.9678	0.9681	0.9679	0.9648	0.9679	0.9681	0.9623	0.9639	0.9832	0.968	0.968	0.968	0.9681	0.9631	3.6417	0.9626	0.9684	0.9681	0.968	0.9681	0.968	0.9681	0.968	0.9679	0.968	3.7391	0.9682	0.9682	0.9683	0.9587	0.9638	0.968	0.9682	0.9681	0.9671	0.9599	0.968	0.9681	0.9681	0.9649	0.9681	0.886	0.9749	0.9676
  F	0.9676	0.9675	0.9652	0.9677	0.9666	0	0.9653	0.9673	0.935	0.9675	1.1199	0.9506	0.9699	1.0194	0.9675	1.4482	1.3539	3.7486	0.9676	0.9675	1.0387	1.4856	0.9678	0.9672	0.9647	0.9673	0.9675	1.4468	0.9644	0.9676	0.9675	0.9674	0.9674	0.9682	0.9636	0.9628	4.2432	0.968	0.9675	0.9674	0.9678	0.9675	0.9676	0.9674	0.9673	0.9674	2.6472	0.9678	0.9679	0.9682	0.9601	0.9841	0.9674	0.968	0.9677	0.967	1.0034	0.9674	0.9677	0.9675	0.9655	0.9676	1.1938	0.9587	0.9676
  G	0.9663	0.9662	2.027	0.9656	0.9649	0.9653	0	0.9656	0.956	0.9672	1.5451	1.2569	0.9655	0.966	0.9654	0.9666	0.9655	0.9627	0.9659	1.3494	1.0139	0.9654	0.9658	0.9654	0.9644	0.9654	0.9658	0.9692	0.9673	1.0164	0.9655	0.9654	0.9654	0.9665	0.9656	0.9648	0.9647	0.9666	1.1583	0.9654	0.9654	0.9658	0.9662	0.9654	0.9654	0.9654	0.9652	0.9664	1.386	0.9665	0.982	0.9639	0.9655	0.9669	0.9664	0.9664	0.9641	0.9654	0.9662	1.2312	1.0749	1.253	8.025	0.9626	0.974
  H	0.9688	0.9685	0.9653	0.9688	0.9679	0.9673	0.9656	0	0.934	0.9688	0.9689	1.7272	0.9688	0.9688	0.9687	0.968	0.9688	0.9587	0.9688	0.9679	0.9607	0.9686	0.9688	0.9686	0.9659	0.9686	0.9688	0.9637	0.9788	0.9686	0.9687	0.9687	0.9687	0.9687	0.9641	1.0202	0.9583	0.9692	0.9688	0.9687	0.9688	0.9687	0.9687	0.9687	0.9686	0.9687	1.03	0.9688	0.9687	0.9688	0.9601	0.965	0.9687	0.9687	0.9688	0.9795	0.9611	0.9687	0.9688	0.9688	0.9657	0.9688	0.8993	2.3988	0.9683
  I	0.9354	0.9389	0.9538	0.9329	0.9297	0.935	0.956	0.934	0	0.9319	1.0043	0.9629	0.9322	0.9361	0.9314	0.991	0.9321	0.9446	0.9358	0.9555	0.9555	0.9317	0.9337	0.9319	0.9325	0.9317	0.9343	0.9327	1.4442	0.938	0.932	0.9317	0.9317	0.9412	3.7325	0.9466	0.9632	0.9365	0.9328	0.9317	0.9315	0.9355	1.0454	0.9321	0.9317	0.9314	0.9498	0.94	0.9424	0.9417	1.8288	0.9318	0.9321	0.945	0.9374	0.9422	0.9366	0.9316	0.9368	0.9339	0.9532	0.9356	60.0847	1.4058	0.932
  J	0.9691	0.9688	1.0096	0.9691	0.9681	0.9675	0.9672	0.9688	0.9319	0	1.0507	0.9379	0.9691	0.9689	0.969	0.9682	0.969	0.9583	0.969	0.968	0.9602	0.9689	0.969	0.9689	0.966	0.9689	0.969	1.3455	0.9641	0.9689	0.969	0.969	0.969	0.9689	0.964	0.963	0.9574	0.9693	0.9691	0.969	0.9691	0.9689	0.9689	0.969	0.9689	0.969	0.9627	0.969	0.969	0.9691	0.9596	0.965	0.969	0.9689	0.969	0.9676	0.9609	0.969	0.969	0.969	0.9657	0.969	0.898	0.958	1.0211
  K	0.9696	1.1229	1.1329	0.9691	0.9684	1.1199	1.5451	0.9689	1.0043	1.0507	0	0.9578	0.9691	0.9697	0.969	0.9705	0.9691	0.9635	0.9695	0.9727	1.0115	0.969	0.9693	0.969	0.967	0.9689	0.9694	1.4844	0.9705	0.9696	0.969	0.969	0.969	0.9706	0.9687	0.9657	1.1951	0.9699	0.9692	1.4528	0.969	0.9694	0.9699	0.969	0.9689	0.969	0.9677	0.9701	0.9705	0.9705	0.9738	0.9664	0.969	0.971	0.9701	0.9698	1.2903	0.969	0.9697	0.9694	1.2359	0.9697	3.0978	0.9624	1.1925
  L	0.9417	0.9435	1.7301	1.1861	0.9363	0.9506	1.2569	1.7272	0.9629	0.9379	0.9578	0	0.9382	0.9465	0.9375	0.9478	0.9381	0.9474	0.9411	0.996	10.9327	0.9379	0.9397	0.9801	1.4043	0.9377	0.9398	1.1813	4.9344	2.26	0.938	0.9377	0.9377	0.9461	0.9519	9.2701	1.5664	1.2463	1.2341	0.9376	0.9376	0.9417	0.9433	0.938	0.9377	0.9374	4.2131	0.9446	1.8906	0.9456	8.1532	0.937	0.9382	0.9491	0.9423	3.9023	1.4109	0.9376	0.9415	0.9395	1.2826	0.9408	15.9226	8.2342	0.9381
  M	0.9691	0.9687	0.965	0.969	0.9681	0.9699	0.9655	0.9688	0.9322	0.9691	0.9691	0.9382	0	0.9691	0.969	0.9682	1.2606	0.9629	0.969	0.968	0.9606	0.9689	0.9691	0.9688	0.966	0.9689	0.969	0.9639	0.9641	0.9688	0.9691	0.969	0.969	0.969	0.964	0.9631	2.2257	0.9693	0.969	0.969	1.1273	0.9689	0.9689	0.969	0.9689	0.969	0.9844	0.969	0.9689	0.9691	0.9597	0.965	0.969	0.9689	0.969	0.9676	0.9611	0.969	0.9691	0.969	0.9657	0.969	0.8911	0.9583	0.9688
  N	0.969	0.9686	0.9661	0.9695	0.968	1.0194	0.966	0.9688	0.9361	0.9689	0.9697	0.9465	0.9691	0	0.9688	0.9686	0.9691	1.5141	0.9689	0.9681	1.1329	0.9692	0.969	0.9687	0.9662	0.9687	0.9689	0.9664	0.9653	0.9687	0.9689	0.9688	0.9688	0.9698	0.9645	0.9637	1.1968	0.9694	0.9689	0.9688	0.9689	0.9688	0.9688	0.9689	0.9687	0.9688	0.9655	0.9689	0.9689	0.9689	0.9608	0.9668	0.9689	0.9689	0.9689	0.9679	0.962	0.9688	0.969	0.9689	0.9663	0.9689	1.3475	1.1662	0.9686
  O	0.969	0.9687	0.9649	0.9689	1.2653	0.9675	0.9654	0.9687	0.9314	0.969	0.969	0.9375	0.969	0.9688	0	0.9681	0.969	0.958	0.9689	0.9679	0.96	0.9688	0.969	0.9688	0.9659	0.9688	0.969	0.9635	0.9641	0.9688	0.9689	0.9689	0.9689	0.9688	0.9639	0.9647	0.9641	0.9692	0.969	0.9689	0.969	0.9688	0.9688	0.9689	0.9688	0.9689	1.7371	0.9689	0.9689	0.969	0.9594	0.9649	0.9689	0.9688	0.9689	0.9676	0.9607	0.9689	0.969	0.9689	0.9655	0.9689	0.8892	0.9579	0.9685
  P	0.9685	0.9682	1.116	0.9682	0.9674	1.4482	0.9666	0.968	0.991	0.9682	0.9705	0.9478	0.9682	0.9686	0.9681	0	0.9682	2.4071	0.9682	0.9681	0.963	0.9682	0.9683	0.968	0.966	0.968	0.9682	0.9644	0.9666	0.9684	0.9681	0.9681	0.9681	0.9683	0.9651	0.9642	1.0063	0.9687	0.9682	0.9681	0.9682	0.9682	0.9683	0.9681	0.968	1.4522	0.9644	0.9684	0.9684	0.9684	0.9635	0.9653	0.9681	0.9685	1.2318	0.9675	0.9629	0.9683	0.9688	0.9682	2.9026	0.9683	2.8844	0.9607	0.9679
  Q	0.9691	0.9687	0.9651	0.969	0.9682	1.3539	0.9655	0.9688	0.9321	0.969	0.9691	0.9381	1.2606	0.9691	0.969	0.9682	0	0.9625	0.969	0.968	0.9607	0.9689	0.9691	0.9688	0.966	0.9689	0.969	0.9641	0.9642	0.9688	0.9691	0.9689	0.969	0.969	0.964	0.9631	1.6977	0.9693	0.969	0.969	1.3011	0.9689	0.9689	0.969	0.9688	0.969	1.7959	0.9689	0.9689	0.9691	0.9597	0.965	0.969	0.9689	0.969	0.9677	0.9611	0.969	0.9691	0.969	0.9657	0.969	0.8913	0.9583	0.9687
  R	0.9588	0.96	0.9626	3.3632	0.957	3.7486	0.9627	0.9587	0.9446	0.9583	0.9635	0.9474	0.9629	1.5141	0.958	2.4071	0.9625	0	0.9593	0.9642	1.0597	2.0092	0.9591	0.958	0.9565	0.958	0.9588	3.3589	0.9624	0.9598	0.9583	0.958	0.9581	0.9611	0.96	0.959	6.169	0.9597	0.9584	0.958	0.9598	0.9608	0.9599	0.9582	0.958	0.958	0.9882	0.9605	0.9611	0.9612	0.9593	6.5568	0.9582	0.9691	0.9597	0.9605	0.9549	0.958	0.9594	0.9587	1.4431	0.9591	2.2648	1.0545	0.9586
  S	0.9691	0.9687	0.9654	0.9689	0.9681	0.9676	0.9659	0.9688	0.9358	0.969	0.9695	0.9411	0.969	0.9689	0.9689	0.9682	0.969	0.9593	0	0.9681	0.961	0.9688	0.969	0.9688	0.9662	0.9688	0.969	0.9641	0.9646	0.9688	0.969	0.9689	0.9689	0.9688	0.9645	0.9636	0.9583	0.9692	0.969	0.9689	0.969	0.9689	0.9689	0.9689	0.9688	0.9689	0.9634	0.9689	0.9689	0.969	0.9606	0.9654	0.969	0.9689	0.969	0.9677	0.9618	0.9689	0.969	0.969	0.966	0.969	1.346	0.9592	0.9686
  T	0.9685	0.9681	0.9719	0.968	0.9675	0.9675	1.3494	0.9679	0.9555	0.968	0.9727	0.996	0.968	0.9681	0.9679	0.9681	0.968	0.9642	0.9681	0	0.9653	0.9679	0.9682	0.9679	0.9668	0.9679	0.9681	0.966	0.9673	0.9681	0.968	0.9679	0.9679	0.9682	0.9759	0.9661	0.9645	0.9682	0.9699	0.9679	0.968	0.968	0.979	0.968	0.9679	0.9679	0.9662	0.9683	0.9775	0.9682	0.9653	0.9664	0.968	0.9683	0.9681	0.9678	0.9653	0.9679	0.9684	0.968	0.9676	0.9683	7.1929	0.9641	0.9678
  U	0.9616	0.9617	1.7741	0.961	0.9593	1.0387	1.0139	0.9607	0.9555	0.9602	1.0115	10.9327	0.9606	1.1329	0.96	0.963	0.9607	1.0597	0.961	0.9653	0	0.9604	0.9612	0.9602	0.9596	0.96	0.9607	1.4393	3.0884	0.9616	0.9604	0.96	0.9601	2.76	0.9626	0.9619	5.3761	1.402	0.9605	0.96	0.9602	0.961	0.9616	0.9602	0.96	0.96	1.0199	0.9621	0.9627	0.9626	1.0186	0.9598	0.9947	0.9633	0.9614	1.3268	0.9664	0.96	0.9614	0.9606	1.4457	0.961	5.8826	2.2987	0.9605
  V	0.9689	0.9685	1.4408	0.9689	0.9678	1.4856	0.9654	0.9686	0.9317	0.9689	0.969	0.9379	0.9689	0.9692	0.9688	0.9682	0.9689	2.0092	0.9688	0.9679	0.9604	0	0.9688	0.9686	0.9657	0.9686	0.9688	0.9637	0.964	0.9686	0.9688	0.9687	0.9687	0.9687	0.9638	0.9628	1.4259	0.9692	0.9703	0.9688	0.9689	0.9687	0.9706	0.9687	0.9686	0.9688	0.9733	0.9688	0.9688	0.9689	0.9595	0.9772	0.9688	0.9687	0.9688	0.9674	0.9607	0.9688	0.9688	0.9688	0.9655	0.9688	0.8973	0.9579	0.9684
  W	0.9691	0.9688	0.9655	0.969	0.9681	0.9678	0.9658	0.9688	0.9337	0.969	0.9693	0.9397	0.9691	0.969	0.969	0.9683	0.9691	0.9591	0.969	0.9682	0.9612	0.9688	0	0.9688	0.966	0.9688	0.969	0.964	0.9653	0.9689	0.969	0.9689	0.9689	0.9691	0.9642	0.9632	1.3325	0.9693	0.969	0.969	0.9691	0.9689	0.9689	0.969	0.9688	0.969	0.9639	0.969	0.969	0.9691	0.9602	0.9651	0.969	0.969	0.969	0.9677	0.9613	0.969	0.9691	0.969	0.9662	0.969	1.0022	0.9585	0.9686
  X	0.9689	0.9685	1.339	0.9688	0.9679	0.9672	0.9654	0.9686	0.9319	0.9689	0.969	0.9801	0.9688	0.9687	0.9688	0.968	0.9688	0.958	0.9688	0.9679	0.9602	0.9686	0.9688	0	0.9657	0.9686	0.9688	0.9634	0.9642	0.9687	0.9688	0.9687	0.9687	0.9687	0.9638	1.8486	0.9571	0.9693	0.9688	0.9688	0.9688	0.9687	0.9687	0.9687	0.9686	0.9688	1.4457	0.9688	0.9688	0.9688	0.9596	0.9648	0.9688	0.9687	0.9688	0.9675	0.9607	0.9688	0.9688	0.9688	0.9655	0.9688	0.9592	1.0342	0.9684
  Y	0.9662	0.9662	0.9639	0.966	0.9648	0.9647	0.9644	0.9659	0.9325	0.966	0.967	1.4043	0.966	0.9662	0.9659	0.966	0.966	0.9565	0.9662	0.9668	0.9596	0.9657	0.966	0.9657	0	0.9658	0.9661	0.9608	0.9631	0.9663	0.9659	0.9659	0.9659	0.9665	0.9624	0.9617	0.9566	0.9668	0.9661	0.9659	0.966	0.9661	0.9663	0.9659	0.9658	0.9659	0.9613	0.9665	0.9667	0.9667	0.9589	0.9621	0.9659	0.9668	0.9663	0.9654	0.9584	0.9659	0.9662	0.9661	0.9642	0.9662	0.8914	0.9567	0.9655
  Z	0.9689	0.9686	0.9648	0.9688	0.9679	0.9673	0.9654	0.9686	0.9317	0.9689	0.9689	0.9377	0.9689	0.9687	0.9688	0.968	0.9689	0.958	0.9688	0.9679	0.96	0.9686	0.9688	0.9686	0.9658	0	0.9689	0.9634	0.964	0.9687	0.9688	0.9688	0.9688	0.9687	0.9638	0.9629	0.9569	0.9691	0.9689	0.9688	0.9689	0.9687	0.9688	0.9688	0.9687	0.9688	1.4439	0.9688	0.9688	0.9689	0.9594	0.9648	0.9688	0.9687	0.9688	0.9675	0.9607	0.9688	0.9689	0.9688	0.9655	0.9688	0.8897	0.9579	0.9684
  [	0.9691	0.9687	0.9652	0.969	0.9681	0.9675	0.9658	0.9688	0.9343	0.969	0.9694	0.9398	0.969	0.9689	0.969	0.9682	0.969	0.9588	0.969	0.9681	0.9607	0.9688	0.969	0.9688	0.9661	0.9689	0	0.9639	0.9644	0.9688	0.969	0.9689	0.969	0.9689	0.9643	0.9633	0.9578	0.9692	0.969	0.969	0.969	0.9689	0.9689	0.9689	0.9689	0.969	0.9632	1.2854	0.9689	0.969	0.9602	0.9652	0.969	0.9689	0.969	0.9676	0.9614	0.969	0.969	0.969	0.9659	0.969	1.1603	0.9587	0.9686
  \	0.9639	0.9643	1.1128	1.4232	0.9623	1.4468	0.9692	0.9637	0.9327	1.3455	1.4844	1.1813	0.9639	0.9664	0.9635	0.9644	0.9641	3.3589	0.9641	0.966	1.4393	0.9637	0.964	0.9634	0.9608	0.9634	0.9639	0	0.9637	0.9643	0.9637	0.9635	0.9635	0.965	0.9612	0.9602	4.3041	0.9647	0.9638	0.9635	0.9638	0.964	0.9644	0.9636	1.4443	0.9635	0.9605	0.9647	0.9651	0.9655	0.9583	0.96	0.9636	0.9654	1.4468	0.964	0.9568	0.9635	0.9643	0.9638	1.9268	0.964	0.9346	0.9553	1.1409
  ]	1.2535	0.9651	1.9953	0.9642	0.9639	0.9644	0.9673	0.9788	1.4442	0.9641	0.9705	4.9344	0.9641	0.9653	0.9641	0.9666	0.9642	0.9624	0.9646	0.9673	3.0884	0.964	0.9653	0.9642	0.9631	0.964	0.9644	0.9637	0	0.9675	0.9641	1.4464	0.964	0.9656	0.9652	1.0793	1.5314	0.9661	0.9643	0.964	0.964	0.9646	0.9651	0.964	0.9639	0.964	3.7787	0.9653	0.9658	0.9655	2.7047	0.9626	0.9641	0.9661	0.9655	3.6076	0.9623	0.964	0.9665	0.9644	1.4513	0.965	7.1213	3.6378	0.964
  ^	0.969	0.9686	0.9662	0.9688	0.9832	0.9676	1.0164	0.9686	0.938	0.9689	0.9696	2.26	0.9688	0.9687	0.9688	0.9684	0.9688	0.9598	0.9688	0.9681	0.9616	0.9686	0.9689	0.9687	0.9663	0.9687	0.9688	0.9643	0.9675	0	0.9688	0.9688	0.9688	0.9687	0.9647	1.7459	1.001	0.9696	0.9689	0.9688	0.9689	0.9688	0.9688	0.9688	0.9687	0.9688	1.25	0.9688	0.9688	0.9689	0.9612	0.9654	0.9688	0.9688	0.9688	0.9678	0.9622	0.9688	0.9691	0.9688	1.5682	0.9689	1.3634	0.9599	0.9684
  _	0.9691	0.9687	0.965	0.9689	0.968	0.9675	0.9655	0.9687	0.932	0.969	0.969	0.938	0.9691	0.9689	0.9689	0.9681	0.9691	0.9583	0.969	0.968	0.9604	0.9688	0.969	0.9688	0.9659	0.9688	0.969	0.9637	0.9641	0.9688	0	0.9689	0.9689	1.055	0.964	0.963	1.3698	0.9692	0.969	0.9689	0.9691	0.9689	0.9689	0.9689	0.9688	0.9689	0.9629	0.9689	0.9689	0.969	0.9596	0.965	0.969	0.9688	0.9689	0.9675	0.9609	0.9689	0.969	0.969	0.9656	0.969	0.8907	0.9582	0.9686
  `	0.9691	0.9687	0.9649	0.9689	0.968	0.9674	0.9654	0.9687	0.9317	0.969	0.969	0.9377	0.969	0.9688	0.9689	0.9681	0.9689	0.958	0.9689	0.9679	0.96	0.9687	0.9689	0.9687	0.9659	0.9688	0.9689	0.9635	1.4464	0.9688	0.9689	0	0.9689	0.9688	0.9639	0.9629	0.9569	0.9692	0.969	0.9689	0.969	0.9688	0.9688	0.9689	0.9688	0.9689	0.9627	0.9689	0.9689	0.9689	0.9595	0.9649	0.9689	0.9688	0.9689	0.9675	0.9608	0.9689	0.9689	0.9689	0.9655	0.9689	0.8897	0.9579	0.9685
  a	0.969	0.9687	0.9649	0.9689	0.968	0.9674	0.9654	0.9687	0.9317	0.969	0.969	0.9377	0.969	0.9688	0.9689	0.9681	0.969	0.9581	0.9689	0.9679	0.9601	0.9687	0.9689	0.9687	0.9659	0.9688	0.969	0.9635	0.964	0.9688	0.9689	0.9689	0	0.9688	0.9639	0.9629	0.957	0.9692	0.969	0.9689	0.969	0.9688	0.9688	0.9689	0.9688	0.9689	1.444	0.9689	0.9689	0.969	0.9595	0.9649	0.9689	0.9688	0.9689	0.9675	0.9608	0.9689	0.969	0.9689	0.9655	0.9689	0.8897	0.958	0.9685
  b	0.9691	0.9687	0.9669	0.9688	0.9681	0.9682	0.9665	0.9687	0.9412	0.9689	0.9706	0.9461	0.969	0.9698	0.9688	0.9683	0.969	0.9611	0.9688	0.9682	2.76	0.9687	0.9691	0.9687	0.9665	0.9687	0.9689	0.965	0.9656	0.9687	1.055	0.9688	0.9688	0	0.9659	0.9643	2.5773	1.1497	0.9689	0.9688	0.9689	0.9688	0.9688	0.9688	0.9687	0.9688	0.9645	0.9689	0.9688	0.97	0.962	0.9658	0.9691	0.9688	0.9688	0.9681	0.9629	0.9688	0.969	0.9688	0.9666	0.9689	2.2701	1.2459	0.9687
  c	0.9645	0.9648	0.9675	0.9641	0.9631	0.9636	0.9656	0.9641	3.7325	0.964	0.9687	0.9519	0.964	0.9645	0.9639	0.9651	0.964	0.96	0.9645	0.9759	0.9626	0.9638	0.9642	0.9638	0.9624	0.9638	0.9643	0.9612	0.9652	0.9647	0.964	0.9639	0.9639	0.9659	0	0.9629	0.9618	0.9648	0.9641	0.9639	0.9639	0.9644	0.9692	0.9639	0.9638	0.9639	0.9631	0.9651	1.0706	0.9653	1.0068	0.9618	0.964	0.9657	0.9647	0.9647	0.9604	0.9639	0.9646	0.9642	0.9651	0.9645	3.8362	0.9598	0.9638
  d	0.9636	0.9639	0.9661	0.9633	3.6417	0.9628	0.9648	1.0202	0.9466	0.963	0.9657	9.2701	0.9631	0.9637	0.9647	0.9642	0.9631	0.959	0.9636	0.9661	0.9619	0.9628	0.9632	1.8486	0.9617	0.9629	0.9633	0.9602	1.0793	1.7459	0.963	0.9629	0.9629	0.9643	0.9629	0	1.0163	0.9657	0.9632	0.9629	0.963	0.9635	0.9639	0.963	0.9629	0.9629	6.972	0.9642	0.9646	0.9645	1.518	0.9607	0.963	0.965	0.9638	0.9923	1.9178	0.9629	0.9636	0.9633	0.9643	0.9635	0.9388	3.1099	0.9627
  e	0.9586	0.9593	2.8736	0.9577	0.9626	4.2432	0.9647	0.9583	0.9632	0.9574	1.1951	1.5664	2.2257	1.1968	0.9641	1.0063	1.6977	6.169	0.9583	0.9645	5.3761	1.4259	1.3325	0.9571	0.9566	0.9569	0.9578	4.3041	1.5314	1.001	1.3698	0.9569	0.957	2.5773	0.9618	1.0163	0	1.6227	0.9574	0.9569	1.0635	1.0065	0.9593	1.4356	0.9569	0.9568	6.8958	0.9598	1.1315	1.1727	1.1211	0.9578	1.1082	1.4817	0.9589	1.0598	1.9153	0.9569	1.475	0.9577	1.9881	0.9583	16.2435	2.7301	1.3973
  f	0.9693	0.9689	1.1199	0.9693	0.9684	0.968	0.9666	0.9692	0.9365	0.9693	0.9699	1.2463	0.9693	0.9694	0.9692	0.9687	0.9693	0.9597	0.9692	0.9682	1.402	0.9692	0.9693	0.9693	0.9668	0.9691	0.9692	0.9647	0.9661	0.9696	0.9692	0.9692	0.9692	1.1497	0.9648	0.9657	1.6227	0	0.9696	0.9692	0.9693	0.9691	0.9692	0.9692	0.9691	0.9692	0.9646	0.9691	0.97	0.9693	0.9635	0.9657	0.9694	0.969	0.9692	0.9687	0.9626	0.9692	0.9693	0.9692	0.9663	0.9692	1.3641	1.2451	0.969
  g	0.9691	0.9687	1.3767	0.969	0.9681	0.9675	1.1583	0.9688	0.9328	0.9691	0.9692	1.2341	0.969	0.9689	0.969	0.9682	0.969	0.9584	0.969	0.9699	0.9605	0.9703	0.969	0.9688	0.9661	0.9689	0.969	0.9638	0.9643	0.9689	0.969	0.969	0.969	0.9689	0.9641	0.9632	0.9574	0.9696	0	0.969	0.9691	0.9689	1.1636	0.969	0.9689	0.969	0.963	0.969	0.9691	0.969	0.9599	0.9651	0.969	0.9689	0.969	0.9676	0.9611	0.969	0.969	0.969	0.9657	0.969	0.9431	0.9584	0.9686
  h	0.969	0.9687	0.9649	0.9689	0.968	0.9674	0.9654	0.9687	0.9317	0.969	1.4528	0.9376	0.969	0.9688	0.9689	0.9681	0.969	0.958	0.9689	0.9679	0.96	0.9688	0.969	0.9688	0.9659	0.9688	0.969	0.9635	0.964	0.9688	0.9689	0.9689	0.9689	0.9688	0.9639	0.9629	0.9569	0.9692	0.969	0	0.969	0.9688	0.9688	0.9689	0.9688	0.9689	0.9626	0.9689	0.9689	0.969	0.9595	0.9649	0.9689	0.9688	0.9689	0.9675	0.9608	0.9689	0.969	0.9689	0.9655	0.9689	0.8901	0.9579	0.9686
  i	0.9691	0.9687	0.965	0.969	0.9681	0.9678	0.9654	0.9688	0.9315	0.9691	0.969	0.9376	1.1273	0.9689	0.969	0.9682	1.3011	0.9598	0.969	0.968	0.9602	0.9689	0.9691	0.9688	0.966	0.9689	0.969	0.9638	0.964	0.9689	0.9691	0.969	0.969	0.9689	0.9639	0.963	1.0635	0.9693	0.9691	0.969	0	0.9689	0.9689	0.969	0.9689	0.969	0.9643	0.969	0.969	0.969	0.9595	0.965	0.969	0.9689	0.969	0.9676	0.9609	0.969	0.9691	0.969	0.9656	0.969	0.8895	0.958	0.9686
  j	0.969	0.9686	0.9653	0.9689	0.968	0.9675	0.9658	0.9687	0.9355	0.9689	0.9694	0.9417	0.9689	0.9688	0.9688	0.9682	0.9689	0.9608	0.9689	0.968	0.961	0.9687	0.9689	0.9687	0.9661	0.9687	0.9689	0.964	0.9646	0.9688	0.9689	0.9688	0.9688	0.9688	0.9644	0.9635	1.0065	0.9691	0.9689	0.9688	0.9689	0	0.9688	0.9688	0.9687	0.9688	0.9633	0.9689	0.9688	0.9689	0.9605	0.9652	0.9689	0.9701	0.9689	0.9676	0.9616	0.9688	0.9689	0.9689	0.9659	0.9689	1.2959	0.959	0.9685
  k	0.9691	0.9687	1.3181	0.9689	0.9681	0.9676	0.9662	0.9687	1.0454	0.9689	0.9699	0.9433	0.9689	0.9688	0.9688	0.9683	0.9689	0.9599	0.9689	0.979	0.9616	0.9706	0.9689	0.9687	0.9663	0.9688	0.9689	0.9644	0.9651	0.9688	0.9689	0.9688	0.9688	0.9688	0.9692	0.9639	0.9593	0.9692	1.1636	0.9688	0.9689	0.9688	0	0.9688	0.9688	0.9688	0.9638	0.9689	0.973	0.9689	0.9613	0.9655	0.9689	0.9688	0.9689	0.9677	0.9623	0.9689	0.969	0.9689	0.9662	0.9689	1.7122	0.9598	0.9685
  l	0.969	0.9687	0.9649	0.9689	0.968	0.9674	0.9654	0.9687	0.9321	0.969	0.969	0.938	0.969	0.9689	0.9689	0.9681	0.969	0.9582	0.9689	0.968	0.9602	0.9687	0.969	0.9687	0.9659	0.9688	0.9689	0.9636	0.964	0.9688	0.9689	0.9689	0.9689	0.9688	0.9639	0.963	1.4356	0.9692	0.969	0.9689	0.969	0.9688	0.9688	0	0.9688	0.9689	0.9628	0.9689	0.9689	0.969	0.9596	0.9649	0.9689	0.9688	0.9689	0.9675	0.9609	0.9689	0.969	0.9689	0.9656	0.9689	0.8905	0.9581	0.9686
  m	0.9689	0.9686	0.9649	0.9692	0.9679	0.9673	0.9654	0.9686	0.9317	0.9689	0.9689	0.9377	0.9689	0.9687	0.9688	0.968	0.9688	0.958	0.9688	0.9679	0.96	0.9686	0.9688	0.9686	0.9658	0.9687	0.9689	1.4443	0.9639	0.9687	0.9688	0.9688	0.9688	0.9687	0.9638	0.9629	0.9569	0.9691	0.9689	0.9688	0.9689	0.9687	0.9688	0.9688	0	0.9688	0.9626	0.9688	0.9688	0.9689	0.9594	0.9648	0.9688	0.9687	0.9692	0.9674	0.9607	0.9688	0.9689	0.9688	0.9657	0.9688	0.8895	0.9579	0.9684
  n	0.969	0.9687	0.9648	0.9689	0.968	0.9674	0.9654	0.9687	0.9314	0.969	0.969	0.9374	0.969	0.9688	0.9689	1.4522	0.969	0.958	0.9689	0.9679	0.96	0.9688	0.969	0.9688	0.9659	0.9688	0.969	0.9635	0.964	0.9688	0.9689	0.9689	0.9689	0.9688	0.9639	0.9629	0.9568	0.9692	0.969	0.9689	0.969	0.9688	0.9688	0.9689	0.9688	0	0.9626	0.9689	0.9689	0.969	0.9594	0.9649	0.9689	0.9688	0.9689	0.9675	0.9607	0.9689	0.969	0.9689	0.9655	0.9689	0.889	0.9578	0.9685
  o	0.9644	0.9638	1.0909	0.9629	3.7391	2.6472	0.9652	1.03	0.9498	0.9627	0.9677	4.2131	0.9844	0.9655	1.7371	0.9644	1.7959	0.9882	0.9634	0.9662	1.0199	0.9733	0.9639	1.4457	0.9613	1.4439	0.9632	0.9605	3.7787	1.25	0.9629	0.9627	1.444	0.9645	0.9631	6.972	6.8958	0.9646	0.963	0.9626	0.9643	0.9633	0.9638	0.9628	0.9626	0.9626	0	0.9642	0.9945	0.9649	1.1685	0.9607	0.9628	0.965	0.9637	1.461	0.9598	0.9626	0.9637	0.9631	0.9672	0.9634	3.9506	1.7994	0.9635
  p	0.9692	0.9688	0.966	0.9689	0.9682	0.9678	0.9664	0.9688	0.94	0.969	0.9701	0.9446	0.969	0.9689	0.9689	0.9684	0.9689	0.9605	0.9689	0.9683	0.9621	0.9688	0.969	0.9688	0.9665	0.9688	1.2854	0.9647	0.9653	0.9688	0.9689	0.9689	0.9689	0.9689	0.9651	0.9642	0.9598	0.9691	0.969	0.9689	0.969	0.9689	0.9689	0.9689	0.9688	0.9689	0.9642	0	0.9689	0.969	0.9617	0.9658	0.9689	1.3829	0.969	0.9679	0.9627	0.9689	0.9691	0.9689	0.9665	0.969	1.9451	0.9603	0.9686
  q	0.9691	0.9687	1.7735	0.9689	0.9682	0.9679	1.386	0.9687	0.9424	0.969	0.9705	1.8906	0.9689	0.9689	0.9689	0.9684	0.9689	0.9611	0.9689	0.9775	0.9627	0.9688	0.969	0.9688	0.9667	0.9688	0.9689	0.9651	0.9658	0.9688	0.9689	0.9689	0.9689	0.9688	1.0706	0.9646	1.1315	0.97	0.9691	0.9689	0.969	0.9688	0.973	0.9689	0.9688	0.9689	0.9945	0.9689	0	0.969	0.985	0.966	0.9689	0.9689	0.9689	0.968	0.9632	0.9689	0.969	0.9689	0.9667	0.969	2.2676	0.961	0.9687
  r	0.9692	0.9688	0.9663	0.969	0.9683	0.9682	0.9665	0.9688	0.9417	0.9691	0.9705	0.9456	0.9691	0.9689	0.969	0.9684	0.9691	0.9612	0.969	0.9682	0.9626	0.9689	0.9691	0.9688	0.9667	0.9689	0.969	0.9655	0.9655	0.9689	0.969	0.9689	0.969	0.97	0.9653	0.9645	1.1727	0.9693	0.969	0.969	0.969	0.9689	0.9689	0.969	0.9689	0.969	0.9649	0.969	0.969	0	0.962	0.966	0.969	0.9689	0.969	0.968	0.9631	0.969	0.9692	0.969	0.9667	0.969	2.2698	0.9609	1.5423
  s	0.9616	0.9613	1.5929	0.9599	0.9587	0.9601	0.982	0.9601	1.8288	0.9596	0.9738	8.1532	0.9597	0.9608	0.9594	0.9635	0.9597	0.9593	0.9606	0.9653	1.0186	0.9595	0.9602	0.9596	0.9589	0.9594	0.9602	0.9583	2.7047	0.9612	0.9596	0.9595	0.9595	0.962	1.0068	1.518	1.1211	0.9635	0.9599	0.9595	0.9595	0.9605	0.9613	0.9596	0.9594	0.9594	1.1685	0.9617	0.985	0.962	0	0.9582	0.9596	0.963	0.961	1.6354	0.9587	0.9594	0.9608	0.9601	0.964	0.9606	8.036	1.0405	0.9595
  t	0.9652	0.9654	0.9631	0.9651	0.9638	0.9841	0.9639	0.965	0.9318	0.965	0.9664	0.937	0.965	0.9668	0.9649	0.9653	0.965	6.5568	0.9654	0.9664	0.9598	0.9772	0.9651	0.9648	0.9621	0.9648	0.9652	0.96	0.9626	0.9654	0.965	0.9649	0.9649	0.9658	0.9618	0.9607	0.9578	0.9657	0.9651	0.9649	0.965	0.9652	0.9655	0.9649	0.9648	0.9649	0.9607	0.9658	0.966	0.966	0.9582	0	0.965	0.9662	0.9655	0.9646	0.9574	0.9649	0.9653	0.9652	0.9637	0.9653	0.8899	0.9559	0.9645
  u	0.9691	0.9687	0.965	0.969	0.968	0.9674	0.9655	0.9687	0.9321	0.969	0.969	0.9382	0.969	0.9689	0.9689	0.9681	0.969	0.9582	0.969	0.968	0.9947	0.9688	0.969	0.9688	0.9659	0.9688	0.969	0.9636	0.9641	0.9688	0.969	0.9689	0.9689	0.9691	0.964	0.963	1.1082	0.9694	0.969	0.9689	0.969	0.9689	0.9689	0.9689	0.9688	0.9689	0.9628	0.9689	0.9689	0.969	0.9596	0.965	0	0.9688	0.9689	0.9675	0.9609	0.969	0.969	0.969	0.9656	0.969	0.8905	1.3144	0.9685
  v	0.9691	0.9687	0.9665	0.9688	0.9682	0.968	0.9669	0.9687	0.945	0.9689	0.971	0.9491	0.9689	0.9689	0.9688	0.9685	0.9689	0.9691	0.9689	0.9683	0.9633	0.9687	0.969	0.9687	0.9668	0.9687	0.9689	0.9654	0.9661	0.9688	0.9688	0.9688	0.9688	0.9688	0.9657	0.965	1.4817	0.969	0.9689	0.9688	0.9689	0.9701	0.9688	0.9688	0.9687	0.9688	0.965	1.3829	0.9689	0.9689	0.963	0.9662	0.9688	0	0.9689	0.9681	0.9637	0.9688	0.9691	0.9689	1.0319	0.9689	3.0099	0.9617	0.9686
  w	0.9695	0.9687	0.9657	0.9693	0.9681	0.9677	0.9664	0.9688	0.9374	0.969	0.9701	0.9423	0.969	0.9689	0.9689	1.2318	0.969	0.9597	0.969	0.9681	0.9614	0.9688	0.969	0.9688	0.9663	0.9688	0.969	1.4468	0.9655	0.9688	0.9689	0.9689	0.9689	0.9688	0.9647	0.9638	0.9589	0.9692	0.969	0.9689	0.969	0.9689	0.9689	0.9689	0.9692	0.9689	0.9637	0.969	0.9689	0.969	0.961	0.9655	0.9689	0.9689	0	0.9678	0.9621	0.9689	0.9691	0.969	1.4497	0.9699	1.636	0.9595	0.9686
  x	0.9687	0.9677	1.0009	0.9676	0.9671	0.967	0.9664	0.9795	0.9422	0.9676	0.9698	3.9023	0.9676	0.9679	0.9676	0.9675	0.9677	0.9605	0.9677	0.9678	1.3268	0.9674	0.9677	0.9675	0.9654	0.9675	0.9676	0.964	3.6076	0.9678	0.9675	0.9675	0.9675	0.9681	0.9647	0.9923	1.0598	0.9687	0.9676	0.9675	0.9676	0.9676	0.9677	0.9675	0.9674	0.9675	1.461	0.9679	0.968	0.968	1.6354	0.9646	0.9675	0.9681	0.9678	0	0.962	0.9675	0.9678	0.9676	0.9662	0.9677	1.9324	1.1452	0.9673
  y	0.9614	0.9622	1.063	0.9611	0.9599	1.0034	0.9641	0.9611	0.9366	0.9609	1.2903	1.4109	0.9611	0.962	0.9607	0.9629	0.9611	0.9549	0.9618	0.9653	0.9664	0.9607	0.9613	0.9607	0.9584	0.9607	0.9614	0.9568	0.9623	0.9622	0.9609	0.9608	0.9608	0.9629	0.9604	1.9178	1.9153	0.9626	0.9611	0.9608	0.9609	0.9616	0.9623	0.9609	0.9607	0.9607	0.9598	0.9627	0.9632	0.9631	0.9587	0.9574	0.9609	0.9637	0.9621	0.962	0	0.9608	0.9618	0.9613	1.4414	0.9616	1.49	0.9541	0.9607
  z	0.969	0.9687	0.9648	0.9689	0.968	0.9674	0.9654	0.9687	0.9316	0.969	0.969	0.9376	0.969	0.9688	0.9689	0.9683	0.969	0.958	0.9689	0.9679	0.96	0.9688	0.969	0.9688	0.9659	0.9688	0.969	0.9635	0.964	0.9688	0.9689	0.9689	0.9689	0.9688	0.9639	0.9629	0.9569	0.9692	0.969	0.9689	0.969	0.9688	0.9689	0.9689	0.9688	0.9689	0.9626	0.9689	0.9689	0.969	0.9594	0.9649	0.969	0.9688	0.9689	0.9675	0.9608	0	0.969	0.969	1.4484	0.969	0.8894	0.9579	0.9685
  {	0.9692	0.9688	0.9656	0.969	0.9681	0.9677	0.9662	0.9688	0.9368	0.969	0.9697	0.9415	0.9691	0.969	0.969	0.9688	0.9691	0.9594	0.969	0.9684	0.9614	0.9688	0.9691	0.9688	0.9662	0.9689	0.969	0.9643	0.9665	0.9691	0.969	0.9689	0.969	0.969	0.9646	0.9636	1.475	0.9693	0.969	0.969	0.9691	0.9689	0.969	0.969	0.9689	0.969	0.9637	0.9691	0.969	0.9692	0.9608	0.9653	0.969	0.9691	0.9691	0.9678	0.9618	0.969	0	0.969	1.0567	0.9691	1.2498	0.959	0.9687
  |	0.9691	0.9687	0.9652	0.969	0.9681	0.9675	1.2312	0.9688	0.9339	0.969	0.9694	0.9395	0.969	0.9689	0.9689	0.9682	0.969	0.9587	0.969	0.968	0.9606	0.9688	0.969	0.9688	0.9661	0.9688	0.969	0.9638	0.9644	0.9688	0.969	0.9689	0.9689	0.9688	0.9642	0.9633	0.9577	0.9692	0.969	0.9689	0.969	0.9689	0.9689	0.9689	0.9688	0.9689	0.9631	0.9689	0.9689	0.969	0.9601	0.9652	0.969	0.9689	0.969	0.9676	0.9613	0.969	0.969	0	0.9658	0.969	1.1224	0.9586	0.9686
  }	0.9664	0.9663	0.9666	0.9666	0.9649	0.9655	1.0749	0.9657	0.9532	0.9657	1.2359	1.2826	0.9657	0.9663	0.9655	2.9026	0.9657	1.4431	0.966	0.9676	1.4457	0.9655	0.9662	0.9655	0.9642	0.9655	0.9659	1.9268	1.4513	1.5682	0.9656	0.9655	0.9655	0.9666	0.9651	0.9643	1.9881	0.9663	0.9657	0.9655	0.9656	0.9659	0.9662	0.9656	0.9657	0.9655	0.9672	0.9665	0.9667	0.9667	0.964	0.9637	0.9656	1.0319	1.4497	0.9662	1.4414	1.4484	1.0567	0.9658	0	0.9661	5.666	0.9628	0.9656
  ~	0.9692	0.9688	0.9656	0.969	0.9681	0.9676	1.253	0.9688	0.9356	0.969	0.9697	0.9408	0.969	0.9689	0.9689	0.9683	0.969	0.9591	0.969	0.9683	0.961	0.9688	0.969	0.9688	0.9662	0.9688	0.969	0.964	0.965	0.9689	0.969	0.9689	0.9689	0.9689	0.9645	0.9635	0.9583	0.9692	0.969	0.9689	0.969	0.9689	0.9689	0.9689	0.9688	0.9689	0.9634	0.969	0.969	0.969	0.9606	0.9653	0.969	0.9689	0.9699	0.9677	0.9616	0.969	0.9691	0.969	0.9661	0	1.2397	0.9589	0.9686
  	1.0894	1.7786	6.1509	0.8922	0.886	1.1938	8.025	0.8993	60.0847	0.898	3.0978	15.9226	0.8911	1.3475	0.8892	2.8844	0.8913	2.2648	1.346	7.1929	5.8826	0.8973	1.0022	0.9592	0.8914	0.8897	1.1603	0.9346	7.1213	1.3634	0.8907	0.8897	0.8897	2.2701	3.8362	0.9388	16.2435	1.3641	0.9431	0.8901	0.8895	1.2959	1.7122	0.8905	0.8895	0.889	3.9506	1.9451	2.2676	2.2698	8.036	0.8899	0.8905	3.0099	1.636	1.9324	1.49	0.8894	1.2498	1.1224	5.666	1.2397	0	0.9311	0.9326
  	0.959	0.9598	1.2681	0.9586	0.9749	0.9587	0.9626	2.3988	1.4058	0.958	0.9624	8.2342	0.9583	1.1662	0.9579	0.9607	0.9583	1.0545	0.9592	0.9641	2.2987	0.9579	0.9585	1.0342	0.9567	0.9579	0.9587	0.9553	3.6378	0.9599	0.9582	0.9579	0.958	1.2459	0.9598	3.1099	2.7301	1.2451	0.9584	0.9579	0.958	0.959	0.9598	0.9581	0.9579	0.9578	1.7994	0.9603	0.961	0.9609	1.0405	0.9559	1.3144	0.9617	0.9595	1.1452	0.9541	0.9579	0.959	0.9586	0.9628	0.9589	0.9311	0	0.9579
  	0.9686	0.9684	1.1926	0.9686	0.9676	0.9676	0.974	0.9683	0.932	1.0211	1.1925	0.9381	0.9688	0.9686	0.9685	0.9679	0.9687	0.9586	0.9686	0.9678	0.9605	0.9684	0.9686	0.9684	0.9655	0.9684	0.9686	1.1409	0.964	0.9684	0.9686	0.9685	0.9685	0.9687	0.9638	0.9627	1.3973	0.969	0.9686	0.9686	0.9686	0.9685	0.9685	0.9686	0.9684	0.9685	0.9635	0.9686	0.9687	1.5423	0.9595	0.9645	0.9685	0.9686	0.9686	0.9673	0.9607	0.9685	0.9687	0.9686	0.9656	0.9686	0.9326	0.9579	0

Actual rates from j->i (Q_ij):
	A	B	C	D	E	F	G	H	I	J	K	L	M	N	O	P	Q	R	S	T	U	V	W	X	Y	Z	[	\	]	^	_	`	a	b	c	d	e	f	g	h	i	j	k	l	m	n	o	p	q	r	s	t	u	v	w	x	y	z	{	|	}	~			
  A	0	0.0178	0.0178	0.0178	0.0178	0.0178	0.0178	0.0178	0.0172	0.0178	0.0178	0.0173	0.0178	0.0178	0.0178	0.0178	0.0178	0.0176	0.0178	0.0178	0.0177	0.0178	0.0178	0.0178	0.0178	0.0178	0.0178	0.0177	0.0231	0.0178	0.0178	0.0178	0.0178	0.0178	0.0178	0.0177	0.0176	0.0178	0.0178	0.0178	0.0178	0.0178	0.0178	0.0178	0.0178	0.0178	0.0177	0.0178	0.0178	0.0178	0.0177	0.0178	0.0178	0.0178	0.0178	0.0178	0.0177	0.0178	0.0178	0.0178	0.0178	0.0178	0.0201	0.0177	0.0178
  B	0.0152	0	0.0152	0.0152	0.0152	0.0152	0.0152	0.0152	0.0148	0.0152	0.0177	0.0148	0.0152	0.0152	0.0152	0.0152	0.0152	0.0151	0.0152	0.0152	0.0151	0.0152	0.0152	0.0152	0.0152	0.0152	0.0152	0.0152	0.0152	0.0152	0.0152	0.0152	0.0152	0.0152	0.0152	0.0152	0.0151	0.0152	0.0152	0.0152	0.0152	0.0152	0.0152	0.0152	0.0152	0.0152	0.0152	0.0152	0.0152	0.0152	0.0151	0.0152	0.0152	0.0152	0.0152	0.0152	0.0151	0.0152	0.0152	0.0152	0.0152	0.0152	0.028	0.0151	0.0152
  C	0.0084	0.0084	0	0.0084	0.0084	0.0084	0.0176	0.0084	0.0083	0.0088	0.0099	0.0151	0.0084	0.0084	0.0084	0.0097	0.0084	0.0084	0.0084	0.0085	0.0154	0.0125	0.0084	0.0117	0.0084	0.0084	0.0084	0.0097	0.0174	0.0084	0.0084	0.0084	0.0084	0.0084	0.0084	0.0084	0.025	0.0097	0.012	0.0084	0.0084	0.0084	0.0115	0.0084	0.0084	0.0084	0.0095	0.0084	0.0154	0.0084	0.0139	0.0084	0.0084	0.0084	0.0084	0.0087	0.0092	0.0084	0.0084	0.0084	0.0084	0.0084	0.0535	0.011	0.0104
  D	0.0182	0.0182	0.0181	0	0.0182	0.0182	0.0181	0.0182	0.0175	0.0182	0.0182	0.0223	0.0182	0.0182	0.0182	0.0182	0.0182	0.0632	0.0182	0.0182	0.0181	0.0182	0.0182	0.0182	0.0182	0.0182	0.0182	0.0267	0.0181	0.0182	0.0182	0.0182	0.0182	0.0182	0.0181	0.0181	0.018	0.0182	0.0182	0.0182	0.0182	0.0182	0.0182	0.0182	0.0182	0.0182	0.0181	0.0182	0.0182	0.0182	0.018	0.0181	0.0182	0.0182	0.0182	0.0182	0.0181	0.0182	0.0182	0.0182	0.0182	0.0182	0.0168	0.018	0.0182
  E	0.0198	0.0198	0.0197	0.0198	0	0.0198	0.0197	0.0198	0.019	0.0198	0.0198	0.0191	0.0198	0.0198	0.0259	0.0198	0.0198	0.0196	0.0198	0.0198	0.0196	0.0198	0.0198	0.0198	0.0197	0.0198	0.0198	0.0197	0.0197	0.0201	0.0198	0.0198	0.0198	0.0198	0.0197	0.0745	0.0197	0.0198	0.0198	0.0198	0.0198	0.0198	0.0198	0.0198	0.0198	0.0198	0.0765	0.0198	0.0198	0.0198	0.0196	0.0197	0.0198	0.0198	0.0198	0.0198	0.0196	0.0198	0.0198	0.0198	0.0197	0.0198	0.0181	0.0199	0.0198
  F	0.0172	0.0172	0.0171	0.0172	0.0172	0	0.0171	0.0172	0.0166	0.0172	0.0199	0.0169	0.0172	0.0181	0.0172	0.0257	0.024	0.0665	0.0172	0.0172	0.0184	0.0264	0.0172	0.0172	0.0171	0.0172	0.0172	0.0257	0.0171	0.0172	0.0172	0.0172	0.0172	0.0172	0.0171	0.0171	0.0753	0.0172	0.0172	0.0172	0.0172	0.0172	0.0172	0.0172	0.0172	0.0172	0.047	0.0172	0.0172	0.0172	0.017	0.0175	0.0172	0.0172	0.0172	0.0172	0.0178	0.0172	0.0172	0.0172	0.0171	0.0172	0.0212	0.017	0.0172
  G	0.0074	0.0074	0.0154	0.0073	0.0073	0.0073	0	0.0073	0.0073	0.0074	0.0118	0.0096	0.0073	0.0074	0.0073	0.0074	0.0073	0.0073	0.0074	0.0103	0.0077	0.0073	0.0074	0.0073	0.0073	0.0073	0.0074	0.0074	0.0074	0.0077	0.0073	0.0073	0.0073	0.0074	0.0073	0.0073	0.0073	0.0074	0.0088	0.0073	0.0073	0.0074	0.0074	0.0073	0.0073	0.0073	0.0073	0.0074	0.0105	0.0074	0.0075	0.0073	0.0073	0.0074	0.0074	0.0074	0.0073	0.0073	0.0074	0.0094	0.0082	0.0095	0.0611	0.0073	0.0074
  H	0.0177	0.0177	0.0176	0.0177	0.0176	0.0176	0.0176	0	0.017	0.0177	0.0177	0.0315	0.0177	0.0177	0.0177	0.0176	0.0177	0.0175	0.0177	0.0176	0.0175	0.0177	0.0177	0.0177	0.0176	0.0177	0.0177	0.0176	0.0178	0.0177	0.0177	0.0177	0.0177	0.0177	0.0176	0.0186	0.0175	0.0177	0.0177	0.0177	0.0177	0.0177	0.0177	0.0177	0.0177	0.0177	0.0188	0.0177	0.0177	0.0177	0.0175	0.0176	0.0177	0.0177	0.0177	0.0179	0.0175	0.0177	0.0177	0.0177	0.0176	0.0177	0.0164	0.0437	0.0176
  I	0.0018	0.0018	0.0019	0.0018	0.0018	0.0018	0.0019	0.0018	0	0.0018	0.002	0.0019	0.0018	0.0018	0.0018	0.002	0.0018	0.0019	0.0018	0.0019	0.0019	0.0018	0.0018	0.0018	0.0018	0.0018	0.0018	0.0018	0.0028	0.0018	0.0018	0.0018	0.0018	0.0019	0.0073	0.0019	0.0019	0.0018	0.0018	0.0018	0.0018	0.0018	0.0021	0.0018	0.0018	0.0018	0.0019	0.0019	0.0019	0.0019	0.0036	0.0018	0.0018	0.0019	0.0018	0.0019	0.0018	0.0018	0.0018	0.0018	0.0019	0.0018	0.1183	0.0028	0.0018
  J	0.0188	0.0188	0.0196	0.0188	0.0188	0.0188	0.0188	0.0188	0.0181	0	0.0204	0.0182	0.0188	0.0188	0.0188	0.0188	0.0188	0.0186	0.0188	0.0188	0.0186	0.0188	0.0188	0.0188	0.0187	0.0188	0.0188	0.0261	0.0187	0.0188	0.0188	0.0188	0.0188	0.0188	0.0187	0.0187	0.0186	0.0188	0.0188	0.0188	0.0188	0.0188	0.0188	0.0188	0.0188	0.0188	0.0187	0.0188	0.0188	0.0188	0.0186	0.0187	0.0188	0.0188	0.0188	0.0188	0.0186	0.0188	0.0188	0.0188	0.0187	0.0188	0.0174	0.0186	0.0198
  K	0.0126	0.0145	0.0147	0.0126	0.0125	0.0145	0.02	0.0126	0.013	0.0136	0	0.0124	0.0126	0.0126	0.0126	0.0126	0.0126	0.0125	0.0126	0.0126	0.0131	0.0126	0.0126	0.0126	0.0125	0.0126	0.0126	0.0192	0.0126	0.0126	0.0126	0.0126	0.0126	0.0126	0.0126	0.0125	0.0155	0.0126	0.0126	0.0188	0.0126	0.0126	0.0126	0.0126	0.0126	0.0126	0.0125	0.0126	0.0126	0.0126	0.0126	0.0125	0.0126	0.0126	0.0126	0.0126	0.0167	0.0126	0.0126	0.0126	0.016	0.0126	0.0401	0.0125	0.0155
  L	0.0055	0.0055	0.0101	0.0069	0.0055	0.0055	0.0073	0.0101	0.0056	0.0055	0.0056	0	0.0055	0.0055	0.0055	0.0055	0.0055	0.0055	0.0055	0.0058	0.0637	0.0055	0.0055	0.0057	0.0082	0.0055	0.0055	0.0069	0.0288	0.0132	0.0055	0.0055	0.0055	0.0055	0.0055	0.054	0.0091	0.0073	0.0072	0.0055	0.0055	0.0055	0.0055	0.0055	0.0055	0.0055	0.0246	0.0055	0.011	0.0055	0.0475	0.0055	0.0055	0.0055	0.0055	0.0227	0.0082	0.0055	0.0055	0.0055	0.0075	0.0055	0.0928	0.048	0.0055
  M	0.0186	0.0186	0.0185	0.0186	0.0186	0.0186	0.0185	0.0186	0.0179	0.0186	0.0186	0.018	0	0.0186	0.0186	0.0186	0.0242	0.0185	0.0186	0.0185	0.0184	0.0186	0.0186	0.0186	0.0185	0.0186	0.0186	0.0185	0.0185	0.0186	0.0186	0.0186	0.0186	0.0186	0.0185	0.0185	0.0427	0.0186	0.0186	0.0186	0.0216	0.0186	0.0186	0.0186	0.0186	0.0186	0.0189	0.0186	0.0186	0.0186	0.0184	0.0185	0.0186	0.0186	0.0186	0.0185	0.0184	0.0186	0.0186	0.0186	0.0185	0.0186	0.0171	0.0184	0.0186
  N	0.0166	0.0166	0.0166	0.0166	0.0166	0.0175	0.0166	0.0166	0.0161	0.0166	0.0166	0.0162	0.0166	0	0.0166	0.0166	0.0166	0.026	0.0166	0.0166	0.0194	0.0166	0.0166	0.0166	0.0166	0.0166	0.0166	0.0166	0.0166	0.0166	0.0166	0.0166	0.0166	0.0166	0.0165	0.0165	0.0205	0.0166	0.0166	0.0166	0.0166	0.0166	0.0166	0.0166	0.0166	0.0166	0.0166	0.0166	0.0166	0.0166	0.0165	0.0166	0.0166	0.0166	0.0166	0.0166	0.0165	0.0166	0.0166	0.0166	0.0166	0.0166	0.0231	0.02	0.0166
  O	0.019	0.0189	0.0189	0.019	0.0248	0.0189	0.0189	0.0189	0.0182	0.019	0.019	0.0183	0.019	0.019	0	0.0189	0.019	0.0187	0.019	0.0189	0.0188	0.019	0.019	0.019	0.0189	0.019	0.019	0.0188	0.0189	0.019	0.019	0.019	0.019	0.019	0.0189	0.0189	0.0189	0.019	0.019	0.019	0.019	0.019	0.019	0.019	0.019	0.019	0.034	0.019	0.019	0.019	0.0188	0.0189	0.019	0.019	0.019	0.0189	0.0188	0.019	0.019	0.019	0.0189	0.019	0.0174	0.0187	0.0189
  P	0.0134	0.0134	0.0154	0.0134	0.0134	0.02	0.0134	0.0134	0.0137	0.0134	0.0134	0.0131	0.0134	0.0134	0.0134	0	0.0134	0.0333	0.0134	0.0134	0.0133	0.0134	0.0134	0.0134	0.0134	0.0134	0.0134	0.0133	0.0134	0.0134	0.0134	0.0134	0.0134	0.0134	0.0134	0.0133	0.0139	0.0134	0.0134	0.0134	0.0134	0.0134	0.0134	0.0134	0.0134	0.0201	0.0133	0.0134	0.0134	0.0134	0.0133	0.0134	0.0134	0.0134	0.0171	0.0134	0.0133	0.0134	0.0134	0.0134	0.0402	0.0134	0.0399	0.0133	0.0134
  Q	0.0186	0.0186	0.0185	0.0186	0.0186	0.026	0.0186	0.0186	0.0179	0.0186	0.0186	0.018	0.0242	0.0186	0.0186	0.0186	0	0.0185	0.0186	0.0186	0.0185	0.0186	0.0186	0.0186	0.0186	0.0186	0.0186	0.0185	0.0185	0.0186	0.0186	0.0186	0.0186	0.0186	0.0185	0.0185	0.0326	0.0186	0.0186	0.0186	0.025	0.0186	0.0186	0.0186	0.0186	0.0186	0.0345	0.0186	0.0186	0.0186	0.0184	0.0185	0.0186	0.0186	0.0186	0.0186	0.0185	0.0186	0.0186	0.0186	0.0186	0.0186	0.0171	0.0184	0.0186
  R	0.0118	0.0118	0.0118	0.0414	0.0118	0.0461	0.0118	0.0118	0.0116	0.0118	0.0119	0.0117	0.0118	0.0186	0.0118	0.0296	0.0118	0	0.0118	0.0119	0.013	0.0247	0.0118	0.0118	0.0118	0.0118	0.0118	0.0413	0.0118	0.0118	0.0118	0.0118	0.0118	0.0118	0.0118	0.0118	0.0759	0.0118	0.0118	0.0118	0.0118	0.0118	0.0118	0.0118	0.0118	0.0118	0.0122	0.0118	0.0118	0.0118	0.0118	0.0807	0.0118	0.0119	0.0118	0.0118	0.0118	0.0118	0.0118	0.0118	0.0178	0.0118	0.0279	0.013	0.0118
  S	0.0167	0.0167	0.0167	0.0167	0.0167	0.0167	0.0167	0.0167	0.0162	0.0167	0.0167	0.0162	0.0167	0.0167	0.0167	0.0167	0.0167	0.0166	0	0.0167	0.0166	0.0167	0.0167	0.0167	0.0167	0.0167	0.0167	0.0166	0.0166	0.0167	0.0167	0.0167	0.0167	0.0167	0.0166	0.0166	0.0165	0.0167	0.0167	0.0167	0.0167	0.0167	0.0167	0.0167	0.0167	0.0167	0.0166	0.0167	0.0167	0.0167	0.0166	0.0167	0.0167	0.0167	0.0167	0.0167	0.0166	0.0167	0.0167	0.0167	0.0167	0.0167	0.0232	0.0166	0.0167
  T	0.0072	0.0072	0.0072	0.0072	0.0072	0.0072	0.01	0.0072	0.0071	0.0072	0.0072	0.0074	0.0072	0.0072	0.0072	0.0072	0.0072	0.0071	0.0072	0	0.0072	0.0072	0.0072	0.0072	0.0072	0.0072	0.0072	0.0072	0.0072	0.0072	0.0072	0.0072	0.0072	0.0072	0.0072	0.0072	0.0071	0.0072	0.0072	0.0072	0.0072	0.0072	0.0073	0.0072	0.0072	0.0072	0.0072	0.0072	0.0072	0.0072	0.0071	0.0072	0.0072	0.0072	0.0072	0.0072	0.0071	0.0072	0.0072	0.0072	0.0072	0.0072	0.0533	0.0071	0.0072
