Map from character to field name
A:	Algeria
B:	Argentina
C:	Australia
D:	Austria
E:	Bangladesh
F:	Belgium
G:	Brazil
H:	Cambodia
I:	Canada
J:	Chad
K:	Chile
L:	China
M:	Czech Republic
N:	Denmark
O:	Egypt
P:	France
Q:	Georgia
R:	Germany
S:	Guam
T:	Guatemala
U:	Hong Kong
V:	Hungary
W:	Iceland
X:	India
Y:	Indonesia
Z:	Iran
[:	Ireland
\:	Italy
]:	Japan
^:	Kazakhstan
_:	Kuwait
`:	Laos
a:	Luxembourg
b:	Malaysia
c:	Mexico
d:	Mongolia
e:	Netherlands
f:	New Zealand
g:	Nicaragua
h:	Nigeria
i:	Norway
j:	Pakistan
k:	Peru
l:	Philippines
m:	Poland
n:	Romania
o:	Russia
p:	Saudi Arabia
q:	Singapore
r:	South Africa
s:	South Korea
t:	Spain
u:	Sri Lanka
v:	Sweden
w:	Switzerland
x:	Taiwan
y:	Thailand
z:	Turkey
{:	Ukraine
|:	United Arab Emirates
}:	United Kingdom
~:	Uruguay
:	Usa
:	Vietnam
:	Zambia
:	?


Substitution rate (mu): 16.733796

Equilibrium frequencies (pi_i):
  A: 0.0184
  B: 0.0157
  C: 0.009
  D: 0.0187
  E: 0.0204
  F: 0.0183
  G: 0.0078
  H: 0.0181
  I: 0.0019
  J: 0.0194
  K: 0.0129
  L: 0.0058
  M: 0.0191
  N: 0.0171
  O: 0.0195
  P: 0.0141
  Q: 0.0191
  R: 0.0123
  S: 0.0172
  T: 0.0071
  U: 0.0068
  V: 0.0189
  W: 0.0186
  X: 0.0183
  Y: 0.0188
  Z: 0.0194
  [: 0.0186
  \: 0.0185
  ]: 0.0072
  ^: 0.0162
  _: 0.0192
  `: 0.0194
  a: 0.0194
  b: 0.0142
  c: 0.0107
  d: 0.0112
  e: 0.0047
  f: 0.0166
  g: 0.0179
  h: 0.0195
  i: 0.0195
  j: 0.0174
  k: 0.0158
  l: 0.0192
  m: 0.0194
  n: 0.0189
  o: 0.0111
  p: 0.0164
  q: 0.0148
  r: 0.0144
  s: 0.0071
  t: 0.0191
  u: 0.0192
  v: 0.0144
  w: 0.0163
  x: 0.0138
  y: 0.0168
  z: 0.0194
  {: 0.0175
  |: 0.0194
  }: 0.0094
  ~: 0.0176
  : 0.0051
  : 0.0126
  : 0.0195

Symmetrized rates from j->i (W_ij):
	A	B	C	D	E	F	G	H	I	J	K	L	M	N	O	P	Q	R	S	T	U	V	W	X	Y	Z	[	\	]	^	_	`	a	b	c	d	e	f	g	h	i	j	k	l	m	n	o	p	q	r	s	t	u	v	w	x	y	z	{	|	}	~			
  A	0	0.9684	0.9656	0.9685	0.9676	0.9671	0.9658	0.9683	0.9348	0.9686	0.9691	0.9415	0.9686	0.9685	0.9685	0.968	0.9685	0.9584	0.9686	0.968	0.9611	0.9684	0.9686	0.9684	0.9656	0.9684	0.9686	0.9635	1.2531	0.9685	0.9685	0.9686	0.9685	0.9686	0.964	0.963	0.9582	0.9688	0.9685	0.9685	0.9686	0.9685	0.9685	0.9685	0.9684	0.9686	0.964	0.9686	0.9686	0.9687	0.9608	0.9647	0.9685	0.9685	0.969	0.9681	0.9609	0.9685	0.9686	0.9685	0.9659	0.9687	1.0879	0.9585	0.9681
  B	0.9684	0	0.9654	0.9682	0.9674	0.967	0.9657	0.968	0.9384	0.9682	1.1219	0.9432	0.9682	0.9681	0.9681	0.9677	0.9682	0.9595	0.9682	0.9676	0.9612	0.968	0.9682	0.9681	0.9657	0.968	0.9682	0.9639	0.9648	0.9681	0.9682	0.9681	0.9681	0.9682	0.9643	0.9634	0.9589	0.9684	0.9682	0.9682	0.9682	0.9681	0.9682	0.9681	0.9681	0.9682	0.9635	0.9682	0.9682	0.9683	0.9608	0.9649	0.9682	0.9681	0.9683	0.9671	0.9618	0.9681	0.9683	0.9681	0.9658	0.9682	1.7805	0.9593	0.9678
  C	0.9656	0.9654	0	0.9649	0.9641	0.9648	1.5987	0.9651	0.9529	0.9961	1.146	1.5063	0.9648	0.9658	0.9646	1.123	0.9648	0.9622	0.9651	1.0626	1.8226	1.3129	0.9653	1.1232	0.9636	0.9645	0.9648	1.0764	1.6813	0.9659	0.965	0.9646	0.9646	1.2247	1.0064	0.966	3.2155	1.2462	1.2279	0.9646	0.9647	0.965	1.1801	0.9646	0.9646	0.9648	1.1863	0.9653	1.6219	0.966	1.5176	0.9628	0.9647	0.9657	0.9654	0.9774	1.0626	0.9646	0.9654	0.9646	0.9663	0.9653	6.0087	1.1271	1.096
  D	0.9685	0.9682	0.9649	0	0.9675	0.9672	0.9651	0.9682	0.9324	0.9685	0.9686	1.1857	0.9685	0.969	0.9684	0.9677	0.9684	3.3616	0.9684	0.9675	0.9604	0.9684	0.9684	0.9683	0.9655	0.9683	0.9684	1.4225	0.964	0.9683	0.9684	0.9684	0.9684	0.9683	0.9636	0.9627	0.9572	0.9688	0.9684	0.9684	0.9685	0.9683	0.9683	0.9684	0.9684	0.9684	0.9626	0.9684	0.9684	0.9684	0.9594	0.9646	0.9684	0.9682	0.9686	0.9671	0.9606	0.9684	0.9684	0.9684	0.9659	0.9684	0.8915	0.9581	0.9681
  E	0.9676	0.9674	0.9641	0.9675	0	0.9661	0.9644	0.9674	0.9292	0.9676	0.9679	0.936	0.9676	0.9675	1.2699	0.9669	0.9677	0.9565	0.9676	0.9671	0.9588	0.9673	0.9675	0.9676	0.9643	0.9674	0.9675	0.9619	0.9637	0.9816	0.9675	0.9674	0.9675	0.9676	0.9626	3.7337	0.9614	0.9679	0.9676	0.9675	0.9676	0.9675	0.9676	0.9675	0.9674	0.9675	3.6499	0.9676	0.9678	0.9677	0.9583	0.9633	0.9675	0.9675	0.9677	0.9666	0.9595	0.9675	0.9676	0.9675	0.9644	0.9676	0.8852	0.9727	0.9671
  F	0.9671	0.967	0.9648	0.9672	0.9661	0	0.9647	0.9668	0.9334	0.967	1.1322	0.9399	0.9692	1.0174	0.967	1.4474	1.1379	3.7695	0.9671	0.9671	1.038	1.4822	0.9673	0.9877	0.9641	0.9668	0.967	1.4463	0.9641	0.9671	0.967	0.9668	0.9669	0.9678	0.9629	0.9622	3.9799	0.9676	0.967	0.9669	0.9672	0.967	0.9671	0.9669	0.9668	0.967	3.0537	0.9671	0.9674	0.9677	0.9593	0.9699	0.9669	0.9672	0.9672	0.9665	1.1902	0.9669	0.9672	0.9669	0.9649	0.9671	1.0389	0.9579	0.967
  G	0.9658	0.9657	1.5987	0.9651	0.9644	0.9647	0	0.9651	0.9551	0.9854	1.6678	1.3025	0.965	0.9656	0.9649	0.9661	0.965	0.9622	0.9654	1.3199	0.9857	0.9652	0.9653	0.9652	0.9638	0.9649	0.9652	1.0331	0.9667	1.0185	0.965	0.9649	0.9649	0.9704	0.965	0.9641	0.9643	0.9662	1.2243	0.965	0.9649	0.9653	0.9658	0.965	0.9649	0.9651	0.9646	0.9656	1.3655	0.966	0.9788	0.9634	0.965	0.966	0.966	0.9658	0.9634	0.9649	0.9658	1.4474	1.0785	1.2547	7.7615	0.9619	1.046
  H	0.9683	0.968	0.9651	0.9682	0.9674	0.9668	0.9651	0	0.9336	0.9683	0.9684	1.7853	0.9682	0.9682	0.9682	0.9675	0.9682	0.9583	0.9682	0.9675	0.9601	0.9681	0.9682	0.9681	0.9654	0.9681	0.9682	0.9633	0.9729	0.9681	0.9682	0.9682	0.9682	0.9682	0.9636	0.9971	0.9575	0.9688	0.9682	0.9682	0.9683	0.9681	0.9682	0.9682	0.9681	0.9682	1.0022	0.9682	0.9682	0.9683	0.9597	0.9644	0.9682	0.9681	0.9683	0.9759	0.9607	0.9682	0.9683	0.9682	0.9652	0.9682	0.8976	2.3975	0.9678
  I	0.9348	0.9384	0.9529	0.9324	0.9292	0.9334	0.9551	0.9336	0	0.9312	1.0008	0.9962	0.9317	0.9356	0.9309	0.9915	0.9317	0.9441	0.9353	0.9554	0.9553	0.9322	0.9332	0.9333	0.932	0.9312	0.9329	0.9325	1.44	0.9374	0.9315	0.9311	0.9312	0.9418	3.8244	0.9462	0.9624	0.9366	0.9342	0.9312	0.931	0.9351	1.0448	0.9316	0.9311	0.9323	0.9478	0.9371	0.9402	0.9412	1.823	0.9313	0.9315	0.941	0.9373	0.9422	0.9365	0.9311	0.9363	0.9311	0.9521	0.9351	60.1023	1.403	0.931
  J	0.9686	0.9682	0.9961	0.9685	0.9676	0.967	0.9854	0.9683	0.9312	0	1.0276	0.9374	0.9685	0.9684	0.9685	0.9677	0.9685	0.9578	0.9685	0.9675	0.9596	0.9683	0.9685	0.9684	0.9654	0.9684	0.9685	1.3478	0.9639	0.9683	0.9685	0.9684	0.9685	0.9684	0.9635	0.9624	0.9568	0.9688	0.9685	0.9685	0.9686	0.9684	0.9684	0.9685	0.9685	0.9685	0.9624	0.9684	0.9685	0.9685	0.959	0.9645	0.9685	0.9683	0.9686	0.967	0.9604	0.9685	0.9685	0.9685	0.9652	0.9685	0.8899	0.9574	1.0481
  K	0.9691	1.1219	1.146	0.9686	0.9679	1.1322	1.6678	0.9684	1.0008	1.0276	0	0.9572	0.9686	0.969	0.9684	0.97	0.9685	0.9629	0.969	0.9724	0.9844	0.9686	0.9688	0.9686	0.9664	0.9683	0.9687	1.4198	0.9701	0.9691	0.9685	0.9684	0.9684	0.9735	0.968	0.9652	1.1973	0.9695	0.9689	1.452	0.9685	0.9689	0.9694	0.9684	0.9684	0.9686	0.9672	0.9693	0.9698	0.9699	0.9726	0.9659	0.9684	0.9698	0.9697	0.9692	1.1679	0.9684	0.9692	0.9697	1.2382	0.9692	3.1054	0.9619	1.1975
  L	0.9415	0.9432	1.5063	1.1857	0.936	0.9399	1.3025	1.7853	0.9962	0.9374	0.9572	0	0.9377	0.9466	0.9371	0.9469	0.9378	0.9469	0.9407	1.031	11.104	0.9384	0.9391	1.1843	1.4037	0.9373	0.9387	1.1822	5.0025	2.2601	0.9376	0.9373	0.9373	0.9475	0.9511	9.3418	1.0373	1.245	1.0151	0.9372	0.9372	0.9411	0.9432	0.9376	0.9372	0.9382	4.3435	0.9422	1.903	0.9452	8.2002	0.9366	0.9376	0.9457	0.9423	4.0503	1.411	0.9372	0.9413	0.9372	1.4303	0.9405	16.2808	8.1142	0.9372
  M	0.9686	0.9682	0.9648	0.9685	0.9676	0.9692	0.965	0.9682	0.9317	0.9685	0.9686	0.9377	0	0.9686	0.9685	0.9677	1.2571	0.9623	0.9685	0.9675	0.96	0.9684	0.9686	0.9683	0.9655	0.9683	0.9685	0.9635	0.9639	0.9683	0.9685	0.9684	0.9684	0.9685	0.9635	0.9625	2.2184	0.9688	0.9685	0.9685	1.1223	0.9684	0.9684	0.9685	0.9684	0.9685	0.9839	0.9684	0.9685	0.9686	0.9592	0.9645	0.9685	0.9683	0.9685	0.9671	0.9606	0.9685	0.9685	0.9685	0.9652	0.9685	0.8904	0.9577	0.9683
  N	0.9685	0.9681	0.9658	0.969	0.9675	1.0174	0.9656	0.9682	0.9356	0.9684	0.969	0.9466	0.9686	0	0.9683	0.9681	0.9685	1.5137	0.9683	0.9676	1.1353	0.9687	0.9684	0.9683	0.9656	0.9682	0.9683	0.9656	0.9651	0.9682	0.9684	0.9683	0.9683	0.9693	0.964	0.9632	1.1429	0.9689	0.9684	0.9683	0.9684	0.9682	0.9683	0.9684	0.9682	0.9683	0.9644	0.9683	0.9684	0.9684	0.9603	0.9663	0.9683	0.9683	0.9684	0.9673	0.9615	0.9683	0.9685	0.9683	0.9659	0.9683	1.3461	1.2615	0.968
  O	0.9685	0.9681	0.9646	0.9684	1.2699	0.967	0.9649	0.9682	0.9309	0.9685	0.9684	0.9371	0.9685	0.9683	0	0.9676	0.9685	0.9575	0.9684	0.9675	0.9595	0.9682	0.9684	0.9683	0.9653	0.9683	0.9684	0.9631	0.9639	0.9683	0.9684	0.9684	0.9684	0.9683	0.9634	0.9827	0.9619	0.9687	0.9684	0.9684	0.9685	0.9683	0.9683	0.9684	0.9683	0.9684	1.7138	0.9684	0.9684	0.9684	0.9589	0.9644	0.9684	0.9682	0.9684	0.9671	0.9603	0.9684	0.9684	0.9684	0.965	0.9684	0.8885	0.9574	0.968
  P	0.968	0.9677	1.123	0.9677	0.9669	1.4474	0.9661	0.9675	0.9915	0.9677	0.97	0.9469	0.9677	0.9681	0.9676	0	0.9677	2.4056	0.9677	0.9677	0.9624	0.9677	0.9678	0.9676	0.9654	0.9675	0.9678	0.9639	0.966	0.9678	0.9676	0.9676	0.9676	0.968	0.9646	0.9636	0.9957	0.9681	0.9677	0.9676	0.9677	0.9677	0.9678	0.9676	0.9676	1.3022	0.964	0.9678	0.9679	0.9679	0.9629	0.9648	0.9676	0.9678	1.1714	0.967	0.9623	0.9678	0.9684	0.9676	3.0804	0.9678	2.7518	0.96	0.9674
  Q	0.9685	0.9682	0.9648	0.9684	0.9677	1.1379	0.965	0.9682	0.9317	0.9685	0.9685	0.9378	1.2571	0.9685	0.9685	0.9677	0	0.9616	0.9684	0.9675	0.9601	0.9683	0.9685	0.9683	0.9654	0.9683	0.9684	0.9635	0.9641	0.9683	0.9685	0.9684	0.9684	0.9685	0.9635	0.9627	1.8671	0.9687	0.9684	0.9684	1.3003	0.9683	0.9683	0.9684	0.9683	0.9684	1.7446	0.9684	0.9685	0.9685	0.9592	0.9645	0.9684	0.9683	0.9684	0.9672	0.9606	0.9684	0.9685	0.9684	0.9652	0.9684	0.8908	0.9577	0.9682
  R	0.9584	0.9595	0.9622	3.3616	0.9565	3.7695	0.9622	0.9583	0.9441	0.9578	0.9629	0.9469	0.9623	1.5137	0.9575	2.4056	0.9616	0	0.9588	0.9639	1.0619	2.0121	0.9586	0.9582	0.956	0.9575	0.9581	3.3366	0.9621	0.9593	0.9578	0.9576	0.9576	0.9611	0.9594	0.9585	6.0758	0.9595	0.9585	0.9575	0.9593	0.9603	0.9595	0.9577	0.9576	0.9579	0.986	0.9593	0.9602	0.9608	0.9589	6.5243	0.9577	0.967	0.9595	0.9601	0.9547	0.9576	0.9589	0.9576	1.4424	0.9586	2.2683	1.0948	0.958
  S	0.9686	0.9682	0.9651	0.9684	0.9676	0.9671	0.9654	0.9682	0.9353	0.9685	0.969	0.9407	0.9685	0.9683	0.9684	0.9677	0.9684	0.9588	0	0.9676	0.9605	0.9683	0.9685	0.9683	0.9657	0.9683	0.9684	0.9637	0.9644	0.9683	0.9684	0.9684	0.9684	0.9683	0.964	0.9631	0.9579	0.9687	0.9684	0.9684	0.9685	0.9683	0.9683	0.9684	0.9683	0.9684	0.9631	0.9684	0.9684	0.9684	0.9601	0.9648	0.9684	0.9683	0.9685	0.9672	0.9613	0.9684	0.9685	0.9684	0.9655	0.9685	1.3451	0.9586	0.9681
  T	0.968	0.9676	1.0626	0.9675	0.9671	0.9671	1.3199	0.9675	0.9554	0.9675	0.9724	1.031	0.9675	0.9676	0.9675	0.9677	0.9675	0.9639	0.9676	0	0.965	0.9679	0.9677	0.9675	0.9664	0.9674	0.9676	0.9656	0.967	0.9676	0.9675	0.9675	0.9675	0.9678	1.0518	0.9657	0.9643	0.9678	0.9714	0.9675	0.9675	0.9676	1.0561	0.9675	0.9674	0.9676	0.9659	0.9677	1.0258	0.9677	0.9649	0.966	0.9675	0.9677	0.9677	0.9674	0.965	0.9675	0.9679	0.9675	0.9672	0.9678	7.7841	0.9638	0.9673
  U	0.9611	0.9612	1.8226	0.9604	0.9588	1.038	0.9857	0.9601	0.9553	0.9596	0.9844	11.104	0.96	1.1353	0.9595	0.9624	0.9601	1.0619	0.9605	0.965	0	0.9602	0.9607	0.9603	0.9591	0.9595	0.96	1.351	2.9652	0.9611	0.9599	0.9595	0.9595	2.5635	0.962	0.9615	5.3678	1.4531	0.9603	0.9595	0.9596	0.9605	0.9612	0.9597	0.9595	0.9598	1.0154	0.961	0.9619	0.9621	0.9881	0.9594	0.9684	0.9619	0.961	1.3227	0.9629	0.9595	0.9609	0.9595	1.4446	0.9605	6.2436	2.5595	0.9598
  V	0.9684	0.968	1.3129	0.9684	0.9673	1.4822	0.9652	0.9681	0.9322	0.9683	0.9686	0.9384	0.9684	0.9687	0.9682	0.9677	0.9683	2.0121	0.9683	0.9679	0.9602	0	0.9683	0.9682	0.9653	0.9681	0.9683	0.9634	0.964	0.9682	0.9683	0.9682	0.9682	0.9683	0.9636	0.9625	1.4266	0.9688	0.9968	0.9682	0.9684	0.9682	0.9753	0.9682	0.9682	0.9683	0.9727	0.9683	0.9895	0.9684	0.9595	0.9647	0.9683	0.9681	0.9683	0.967	0.9605	0.9682	0.9683	0.9682	0.9651	0.9683	0.9935	0.9577	0.968
  W	0.9686	0.9682	0.9653	0.9684	0.9675	0.9673	0.9653	0.9682	0.9332	0.9685	0.9688	0.9391	0.9686	0.9684	0.9684	0.9678	0.9685	0.9586	0.9685	0.9677	0.9607	0.9683	0	0.9683	0.9655	0.9683	0.9685	0.9636	0.9649	0.9684	0.9685	0.9684	0.9684	0.9686	0.9637	0.9627	1.3279	0.9688	0.9684	0.9684	0.9685	0.9684	0.9684	0.9684	0.9684	0.9685	0.9636	0.9684	0.9685	0.9685	0.9597	0.9646	0.9684	0.9684	0.9685	0.9672	0.9608	0.9684	0.9686	0.9684	0.9657	0.9685	1.0048	0.958	0.9681
  X	0.9684	0.9681	1.1232	0.9683	0.9676	0.9877	0.9652	0.9681	0.9333	0.9684	0.9686	1.1843	0.9683	0.9683	0.9683	0.9676	0.9683	0.9582	0.9683	0.9675	0.9603	0.9682	0.9683	0	0.9655	0.9682	0.9683	0.9633	0.9644	0.9683	0.9683	0.9682	0.9683	0.9683	0.9637	1.8346	0.9575	0.969	0.9683	0.9683	0.9684	0.9682	0.9683	0.9683	0.9682	0.9683	1.8525	0.9683	0.9684	0.9684	0.9598	0.9645	0.9683	0.9682	0.9684	0.9672	0.9607	0.9683	0.9683	0.9683	0.9652	0.9683	1.1045	1.0593	0.968
  Y	0.9656	0.9657	0.9636	0.9655	0.9643	0.9641	0.9638	0.9654	0.932	0.9654	0.9664	1.4037	0.9655	0.9656	0.9653	0.9654	0.9654	0.956	0.9657	0.9664	0.9591	0.9653	0.9655	0.9655	0	0.9653	0.9655	0.9604	0.963	0.9658	0.9654	0.9653	0.9654	0.9661	0.9619	0.9612	0.9562	0.9663	0.9656	0.9653	0.9654	0.9656	0.9658	0.9654	0.9653	0.9655	0.9609	0.9658	0.9661	0.9662	0.9584	0.9615	0.9654	0.966	0.9659	0.965	0.958	0.9654	0.9657	0.9654	0.9637	0.9657	0.8907	0.9561	0.965
  Z	0.9684	0.968	0.9645	0.9683	0.9674	0.9668	0.9649	0.9681	0.9312	0.9684	0.9683	0.9373	0.9683	0.9682	0.9683	0.9675	0.9683	0.9575	0.9683	0.9674	0.9595	0.9681	0.9683	0.9682	0.9653	0	0.9683	0.963	0.9638	0.9682	0.9683	0.9682	0.9683	0.9682	0.9633	0.9624	0.9565	0.9686	0.9683	0.9683	0.9684	0.9682	0.9682	0.9683	0.9682	0.9683	1.4434	0.9683	0.9683	0.9683	0.959	0.9643	0.9683	0.9681	0.9683	0.9669	0.9602	0.9683	0.9683	0.9683	0.965	0.9683	0.889	0.9573	0.9679
  [	0.9686	0.9682	0.9648	0.9684	0.9675	0.967	0.9652	0.9682	0.9329	0.9685	0.9687	0.9387	0.9685	0.9683	0.9684	0.9678	0.9684	0.9581	0.9684	0.9676	0.96	0.9683	0.9685	0.9683	0.9655	0.9683	0	0.9634	0.9641	0.9683	0.9684	0.9684	0.9684	0.9684	0.9637	0.9627	0.9572	0.9687	0.9684	0.9684	0.9685	0.9683	0.9684	0.9684	0.9684	0.9685	0.9627	1.3403	0.9684	0.9685	0.9595	0.9646	0.9684	0.9683	0.9685	0.9671	0.9607	0.9684	0.9685	0.9684	1.0313	0.9685	1.0679	0.9579	0.9681
  \	0.9635	0.9639	1.0764	1.4225	0.9619	1.4463	1.0331	0.9633	0.9325	1.3478	1.4198	1.1822	0.9635	0.9656	0.9631	0.9639	0.9635	3.3366	0.9637	0.9656	1.351	0.9634	0.9636	0.9633	0.9604	0.963	0.9634	0	0.9636	0.9639	0.9633	0.9631	0.9631	0.9878	0.9608	0.9598	4.3017	0.9645	0.9636	0.9631	0.9634	0.9636	0.964	0.9631	1.3409	0.9633	0.9601	0.9639	0.9645	0.9651	0.9587	1.0126	0.9632	0.9644	1.4356	0.9636	0.9566	0.9631	0.9638	0.9631	1.9258	0.9636	0.9893	0.9551	1.2175
  ]	1.2531	0.9648	1.6813	0.964	0.9637	0.9641	0.9667	0.9729	1.44	0.9639	0.9701	5.0025	0.9639	0.9651	0.9639	0.966	0.9641	0.9621	0.9644	0.967	2.9652	0.964	0.9649	0.9644	0.963	0.9638	0.9641	0.9636	0	0.9668	0.9639	1.4461	0.9639	0.9659	0.9647	1.087	1.5052	0.966	0.9643	0.9638	0.9639	0.9644	0.9649	0.9639	0.9638	0.964	3.4525	0.9647	0.9654	0.9653	2.4152	0.9624	0.9639	0.9652	0.9654	3.5438	0.9621	0.9638	0.9658	0.9638	1.4498	0.9648	7.1735	3.6052	0.9637
  ^	0.9685	0.9681	0.9659	0.9683	0.9816	0.9671	1.0185	0.9681	0.9374	0.9683	0.9691	2.2601	0.9683	0.9682	0.9683	0.9678	0.9683	0.9593	0.9683	0.9676	0.9611	0.9682	0.9684	0.9683	0.9658	0.9682	0.9683	0.9639	0.9668	0	0.9683	0.9682	0.9683	0.9683	0.9642	1.7775	0.9886	0.9691	0.9683	0.9683	0.9683	0.9682	0.9682	0.9683	0.9682	0.9683	1.2184	0.9683	0.9683	0.9683	0.9607	0.9649	0.9683	0.9682	0.9684	0.9673	0.9616	0.9683	0.9685	0.9683	1.4201	0.9683	1.3771	0.9593	0.9679
  _	0.9685	0.9682	0.965	0.9684	0.9675	0.967	0.965	0.9682	0.9315	0.9685	0.9685	0.9376	0.9685	0.9684	0.9684	0.9676	0.9685	0.9578	0.9684	0.9675	0.9599	0.9683	0.9685	0.9683	0.9654	0.9683	0.9684	0.9633	0.9639	0.9683	0	0.9684	0.9684	1.0554	0.9635	0.9625	1.3692	0.9687	0.9684	0.9684	0.9685	0.9683	0.9683	0.9684	0.9683	0.9684	0.9625	0.9684	0.9684	0.9685	0.9591	0.9644	0.9684	0.9683	0.9685	0.967	0.9604	0.9684	0.9685	0.9684	0.9651	0.9684	0.89	0.9576	0.9681
  `	0.9686	0.9681	0.9646	0.9684	0.9674	0.9668	0.9649	0.9682	0.9311	0.9684	0.9684	0.9373	0.9684	0.9683	0.9684	0.9676	0.9684	0.9576	0.9684	0.9675	0.9595	0.9682	0.9684	0.9682	0.9653	0.9682	0.9684	0.9631	1.4461	0.9682	0.9684	0	0.9684	0.9683	0.9634	0.9624	0.9565	0.9686	0.9684	0.9684	0.9684	0.9683	0.9683	0.9683	0.9683	0.9684	0.9624	0.9683	0.9684	0.9684	0.959	0.9643	0.9684	0.9682	0.9684	0.967	0.9603	0.9684	0.9684	0.9684	0.965	0.9684	0.8889	0.9574	0.968
  a	0.9685	0.9681	0.9646	0.9684	0.9675	0.9669	0.9649	0.9682	0.9312	0.9685	0.9684	0.9373	0.9684	0.9683	0.9684	0.9676	0.9684	0.9576	0.9684	0.9675	0.9595	0.9682	0.9684	0.9683	0.9654	0.9683	0.9684	0.9631	0.9639	0.9683	0.9684	0.9684	0	0.9683	0.9634	0.9624	0.9566	0.9687	0.9684	0.9684	0.9685	0.9683	0.9683	0.9684	0.9683	0.9684	1.4436	0.9684	0.9684	0.9684	0.959	0.9644	0.9684	0.9682	0.9684	0.967	0.9603	0.9684	0.9684	0.9684	0.965	0.9684	0.889	0.9574	0.968
  b	0.9686	0.9682	1.2247	0.9683	0.9676	0.9678	0.9704	0.9682	0.9418	0.9684	0.9735	0.9475	0.9685	0.9693	0.9683	0.968	0.9685	0.9611	0.9683	0.9678	2.5635	0.9683	0.9686	0.9683	0.9661	0.9682	0.9684	0.9878	0.9659	0.9683	1.0554	0.9683	0.9683	0	0.9657	0.9641	2.4653	1.2846	0.9684	0.9683	0.9684	0.9683	0.9684	0.9683	0.9683	0.9684	0.9647	0.9684	0.9685	0.9696	0.966	0.9654	0.9685	0.9683	0.9684	0.9677	0.9633	0.9683	0.9686	0.9683	0.9663	0.9685	2.4381	1.325	0.9683
  c	0.964	0.9643	1.0064	0.9636	0.9626	0.9629	0.965	0.9636	3.8244	0.9635	0.968	0.9511	0.9635	0.964	0.9634	0.9646	0.9635	0.9594	0.964	1.0518	0.962	0.9636	0.9637	0.9637	0.9619	0.9633	0.9637	0.9608	0.9647	0.9642	0.9635	0.9634	0.9634	0.9657	0	0.9623	0.9613	0.9644	0.964	0.9634	0.9634	0.9639	1.1081	0.9635	0.9634	0.9636	0.9625	0.9642	1.0638	0.9648	1.0078	0.9613	0.9635	0.9647	0.9643	0.9643	0.9599	0.9634	0.9641	0.9634	0.9645	0.964	3.577	0.9592	0.9632
  d	0.963	0.9634	0.966	0.9627	3.7337	0.9622	0.9641	0.9971	0.9462	0.9624	0.9652	9.3418	0.9625	0.9632	0.9827	0.9636	0.9627	0.9585	0.9631	0.9657	0.9615	0.9625	0.9627	1.8346	0.9612	0.9624	0.9627	0.9598	1.087	1.7775	0.9625	0.9624	0.9624	0.9641	0.9623	0	1.0475	0.9654	0.9629	0.9624	0.9624	0.963	0.9635	0.9625	0.9624	0.9626	7.0088	0.9633	0.964	0.964	1.5043	0.9602	0.9625	0.9639	0.9634	0.9877	1.917	0.9624	0.9631	0.9624	0.9637	0.963	0.9348	3.0754	0.9622
  e	0.9582	0.9589	3.2155	0.9572	0.9614	3.9799	0.9643	0.9575	0.9624	0.9568	1.1973	1.0373	2.2184	1.1429	0.9619	0.9957	1.8671	6.0758	0.9579	0.9643	5.3678	1.4266	1.3279	0.9575	0.9562	0.9565	0.9572	4.3017	1.5052	0.9886	1.3692	0.9565	0.9566	2.4653	0.9613	1.0475	0	1.4313	0.958	0.9565	1.0631	0.9969	0.9695	1.435	0.9565	0.9569	7.2391	0.9586	1.2846	1.1742	1.1651	0.9573	0.9884	1.4744	0.9587	1.0576	1.9124	0.9565	1.4646	0.9565	2.2242	0.9579	16.7645	2.5476	1.396
  f	0.9688	0.9684	1.2462	0.9688	0.9679	0.9676	0.9662	0.9688	0.9366	0.9688	0.9695	1.245	0.9688	0.9689	0.9687	0.9681	0.9687	0.9595	0.9687	0.9678	1.4531	0.9688	0.9688	0.969	0.9663	0.9686	0.9687	0.9645	0.966	0.9691	0.9687	0.9686	0.9687	1.2846	0.9644	0.9654	1.4313	0	0.9689	0.9687	0.9688	0.9686	0.9688	0.9687	0.9686	0.9687	0.9646	0.9686	0.9696	0.9687	0.9628	0.9652	0.9687	0.9685	0.9687	0.9684	0.9622	0.9687	0.9688	0.9687	0.966	0.9687	1.4699	1.1333	0.9685
  g	0.9685	0.9682	1.2279	0.9684	0.9676	0.967	1.2243	0.9682	0.9342	0.9685	0.9689	1.0151	0.9685	0.9684	0.9684	0.9677	0.9684	0.9585	0.9684	0.9714	0.9603	0.9968	0.9684	0.9683	0.9656	0.9683	0.9684	0.9636	0.9643	0.9683	0.9684	0.9684	0.9684	0.9684	0.964	0.9629	0.958	0.9689	0	0.9684	0.9685	0.9683	0.9802	0.9684	0.9684	0.9684	0.9629	0.9684	0.9747	0.9685	0.9599	0.9647	0.9684	0.9683	0.9685	0.9671	0.961	0.9684	0.9685	0.9684	0.9654	0.9685	1.2108	0.9583	0.9681
  h	0.9685	0.9682	0.9646	0.9684	0.9675	0.9669	0.965	0.9682	0.9312	0.9685	1.452	0.9372	0.9685	0.9683	0.9684	0.9676	0.9684	0.9575	0.9684	0.9675	0.9595	0.9682	0.9684	0.9683	0.9653	0.9683	0.9684	0.9631	0.9638	0.9683	0.9684	0.9684	0.9684	0.9683	0.9634	0.9624	0.9565	0.9687	0.9684	0	0.9685	0.9683	0.9683	0.9684	0.9683	0.9684	0.9623	0.9684	0.9684	0.9684	0.959	0.9644	0.9684	0.9682	0.9684	0.967	0.9603	0.9684	0.9684	0.9684	0.965	0.9684	0.8894	0.9573	0.968
  i	0.9686	0.9682	0.9647	0.9685	0.9676	0.9672	0.9649	0.9683	0.931	0.9686	0.9685	0.9372	1.1223	0.9684	0.9685	0.9677	1.3003	0.9593	0.9685	0.9675	0.9596	0.9684	0.9685	0.9684	0.9654	0.9684	0.9685	0.9634	0.9639	0.9683	0.9685	0.9684	0.9685	0.9684	0.9634	0.9624	1.0631	0.9688	0.9685	0.9685	0	0.9684	0.9684	0.9685	0.9684	0.9685	0.9639	0.9684	0.9685	0.9685	0.959	0.9644	0.9685	0.9683	0.9685	0.967	0.9604	0.9685	0.9685	0.9685	0.9651	0.9685	0.8888	0.9574	0.9681
  j	0.9685	0.9681	0.965	0.9683	0.9675	0.967	0.9653	0.9681	0.9351	0.9684	0.9689	0.9411	0.9684	0.9682	0.9683	0.9677	0.9683	0.9603	0.9683	0.9676	0.9605	0.9682	0.9684	0.9682	0.9656	0.9682	0.9683	0.9636	0.9644	0.9682	0.9683	0.9683	0.9683	0.9683	0.9639	0.963	0.9969	0.9686	0.9683	0.9683	0.9684	0	0.9683	0.9683	0.9682	0.9683	0.963	0.9683	0.9683	0.9684	0.96	0.9647	0.9683	0.9693	0.9684	0.9671	0.9611	0.9683	0.9684	0.9683	0.9654	0.9684	1.3043	0.9585	0.968
  k	0.9685	0.9682	1.1801	0.9683	0.9676	0.9671	0.9658	0.9682	1.0448	0.9684	0.9694	0.9432	0.9684	0.9683	0.9683	0.9678	0.9683	0.9595	0.9683	1.0561	0.9612	0.9753	0.9684	0.9683	0.9658	0.9682	0.9684	0.964	0.9649	0.9682	0.9683	0.9683	0.9683	0.9684	1.1081	0.9635	0.9695	0.9688	0.9802	0.9683	0.9684	0.9683	0	0.9683	0.9683	0.9684	0.9636	0.9684	1.2388	0.9684	0.9609	0.965	0.9683	0.9682	0.9684	0.9673	0.9619	0.9683	0.9685	0.9683	0.9658	0.9684	1.7257	0.9594	0.968
  l	0.9685	0.9681	0.9646	0.9684	0.9675	0.9669	0.965	0.9682	0.9316	0.9685	0.9684	0.9376	0.9685	0.9684	0.9684	0.9676	0.9684	0.9577	0.9684	0.9675	0.9597	0.9682	0.9684	0.9683	0.9654	0.9683	0.9684	0.9631	0.9639	0.9683	0.9684	0.9683	0.9684	0.9683	0.9635	0.9625	1.435	0.9687	0.9684	0.9684	0.9685	0.9683	0.9683	0	0.9683	0.9684	0.9624	0.9684	0.9684	0.9685	0.9591	0.9644	0.9684	0.9682	0.9684	0.967	0.9604	0.9684	0.9684	0.9684	0.9651	0.9684	0.8898	0.9575	0.9681
  m	0.9684	0.9681	0.9646	0.9684	0.9674	0.9668	0.9649	0.9681	0.9311	0.9685	0.9684	0.9372	0.9684	0.9682	0.9683	0.9676	0.9683	0.9576	0.9683	0.9674	0.9595	0.9682	0.9684	0.9682	0.9653	0.9682	0.9684	1.3409	0.9638	0.9682	0.9683	0.9683	0.9683	0.9683	0.9634	0.9624	0.9565	0.9686	0.9684	0.9683	0.9684	0.9682	0.9683	0.9683	0	0.9684	0.9623	0.9683	0.9683	0.9684	0.9589	0.9643	0.9683	0.9682	1.0827	0.9669	0.9602	0.9683	0.9684	0.9683	0.9652	0.9684	0.8887	0.9573	0.968
  n	0.9686	0.9682	0.9648	0.9684	0.9675	0.967	0.9651	0.9682	0.9323	0.9685	0.9686	0.9382	0.9685	0.9683	0.9684	1.3022	0.9684	0.9579	0.9684	0.9676	0.9598	0.9683	0.9685	0.9683	0.9655	0.9683	0.9685	0.9633	0.964	0.9683	0.9684	0.9684	0.9684	0.9684	0.9636	0.9626	0.9569	0.9687	0.9684	0.9684	0.9685	0.9683	0.9684	0.9684	0.9684	0	0.9626	0.9684	0.9684	0.9685	0.9593	0.9645	0.9684	0.9683	1.0509	0.9671	0.9606	0.9684	0.9685	0.9684	0.9654	0.9685	1.005	0.9577	0.968
  o	0.964	0.9635	1.1863	0.9626	3.6499	3.0537	0.9646	1.0022	0.9478	0.9624	0.9672	4.3435	0.9839	0.9644	1.7138	0.964	1.7446	0.986	0.9631	0.9659	1.0154	0.9727	0.9636	1.8525	0.9609	1.4434	0.9627	0.9601	3.4525	1.2184	0.9625	0.9624	1.4436	0.9647	0.9625	7.0088	7.2391	0.9646	0.9629	0.9623	0.9639	0.963	0.9636	0.9624	0.9623	0.9626	0	0.9634	1.1614	0.9644	1.3164	0.9602	0.9624	0.964	0.9634	1.3776	0.9594	0.9623	0.9633	0.9623	0.9658	0.9631	3.4277	1.7753	0.9626
  p	0.9686	0.9682	0.9653	0.9684	0.9676	0.9671	0.9656	0.9682	0.9371	0.9684	0.9693	0.9422	0.9684	0.9683	0.9684	0.9678	0.9684	0.9593	0.9684	0.9677	0.961	0.9683	0.9684	0.9683	0.9658	0.9683	1.3403	0.9639	0.9647	0.9683	0.9684	0.9683	0.9684	0.9684	0.9642	0.9633	0.9586	0.9686	0.9684	0.9684	0.9684	0.9683	0.9684	0.9684	0.9683	0.9684	0.9634	0	0.9684	0.9684	0.9606	0.965	0.9684	1.9379	0.9685	0.9672	0.9617	0.9684	0.9686	0.9684	1.0972	0.9685	1.6523	0.9591	0.968
  q	0.9686	0.9682	1.6219	0.9684	0.9678	0.9674	1.3655	0.9682	0.9402	0.9685	0.9698	1.903	0.9685	0.9684	0.9684	0.9679	0.9685	0.9602	0.9684	1.0258	0.9619	0.9895	0.9685	0.9684	0.9661	0.9683	0.9684	0.9645	0.9654	0.9683	0.9684	0.9684	0.9684	0.9685	1.0638	0.964	1.2846	0.9696	0.9747	0.9684	0.9685	0.9683	1.2388	0.9684	0.9683	0.9684	1.1614	0.9684	0	0.9685	1.0331	0.9653	0.9684	0.9683	0.9685	0.9675	0.9624	0.9684	0.9685	0.9684	0.9661	0.9685	1.9397	0.9601	0.9682
  r	0.9687	0.9683	0.966	0.9684	0.9677	0.9677	0.966	0.9683	0.9412	0.9685	0.9699	0.9452	0.9686	0.9684	0.9684	0.9679	0.9685	0.9608	0.9684	0.9677	0.9621	0.9684	0.9685	0.9684	0.9662	0.9683	0.9685	0.9651	0.9653	0.9683	0.9685	0.9684	0.9684	0.9696	0.9648	0.964	1.1742	0.9687	0.9685	0.9684	0.9685	0.9684	0.9684	0.9685	0.9684	0.9685	0.9644	0.9684	0.9685	0	0.9615	0.9654	0.9684	0.9683	0.9685	0.9675	0.9627	0.9684	0.9686	0.9684	0.9662	0.9685	2.2685	0.9603	1.5423
  s	0.9608	0.9608	1.5176	0.9594	0.9583	0.9593	0.9788	0.9597	1.823	0.959	0.9726	8.2002	0.9592	0.9603	0.9589	0.9629	0.9592	0.9589	0.9601	0.9649	0.9881	0.9595	0.9597	0.9598	0.9584	0.959	0.9595	0.9587	2.4152	0.9607	0.9591	0.959	0.959	0.966	1.0078	1.5043	1.1651	0.9628	0.9599	0.959	0.959	0.96	0.9609	0.9591	0.9589	0.9593	1.3164	0.9606	1.0331	0.9615	0	0.9577	0.9591	0.9615	0.9606	1.5547	0.9583	0.959	0.9604	0.959	0.9635	0.9601	7.9616	1.157	0.9589
  t	0.9647	0.9649	0.9628	0.9646	0.9633	0.9699	0.9634	0.9644	0.9313	0.9645	0.9659	0.9366	0.9645	0.9663	0.9644	0.9648	0.9645	6.5243	0.9648	0.966	0.9594	0.9647	0.9646	0.9645	0.9615	0.9643	0.9646	1.0126	0.9624	0.9649	0.9644	0.9643	0.9644	0.9654	0.9613	0.9602	0.9573	0.9652	0.9647	0.9644	0.9644	0.9647	0.965	0.9644	0.9643	0.9645	0.9602	0.965	0.9653	0.9654	0.9577	0	0.9644	0.9653	0.9651	0.9641	0.957	0.9644	0.9648	0.9644	0.9632	0.9648	0.8892	0.9555	0.964
  u	0.9685	0.9682	0.9647	0.9684	0.9675	0.9669	0.965	0.9682	0.9315	0.9685	0.9684	0.9376	0.9685	0.9683	0.9684	0.9676	0.9684	0.9577	0.9684	0.9675	0.9684	0.9683	0.9684	0.9683	0.9654	0.9683	0.9684	0.9632	0.9639	0.9683	0.9684	0.9684	0.9684	0.9685	0.9635	0.9625	0.9884	0.9687	0.9684	0.9684	0.9685	0.9683	0.9683	0.9684	0.9683	0.9684	0.9624	0.9684	0.9684	0.9684	0.9591	0.9644	0	0.9682	0.9684	0.967	0.9604	0.9684	0.9684	0.9684	0.9651	0.9684	0.8896	1.4119	0.968
  v	0.9685	0.9681	0.9657	0.9682	0.9675	0.9672	0.966	0.9681	0.941	0.9683	0.9698	0.9457	0.9683	0.9683	0.9682	0.9678	0.9683	0.967	0.9683	0.9677	0.9619	0.9681	0.9684	0.9682	0.966	0.9681	0.9683	0.9644	0.9652	0.9682	0.9683	0.9682	0.9682	0.9683	0.9647	0.9639	1.4744	0.9685	0.9683	0.9682	0.9683	0.9693	0.9682	0.9682	0.9682	0.9683	0.964	1.9379	0.9683	0.9683	0.9615	0.9653	0.9682	0	0.9683	0.9673	0.9624	0.9682	0.9684	0.9682	0.9661	0.9683	2.2341	0.9601	0.968
  w	0.969	0.9683	0.9654	0.9686	0.9677	0.9672	0.966	0.9683	0.9373	0.9686	0.9697	0.9423	0.9685	0.9684	0.9684	1.1714	0.9684	0.9595	0.9685	0.9677	0.961	0.9683	0.9685	0.9684	0.9659	0.9683	0.9685	1.4356	0.9654	0.9684	0.9685	0.9684	0.9684	0.9684	0.9643	0.9634	0.9587	0.9687	0.9685	0.9684	0.9685	0.9684	0.9684	0.9684	1.0827	1.0509	0.9634	0.9685	0.9685	0.9685	0.9606	0.9651	0.9684	0.9683	0	0.9673	0.9618	0.9684	0.9687	0.9684	1.4493	0.9694	1.6957	0.9592	0.9682
  x	0.9681	0.9671	0.9774	0.9671	0.9666	0.9665	0.9658	0.9759	0.9422	0.967	0.9692	4.0503	0.9671	0.9673	0.9671	0.967	0.9672	0.9601	0.9672	0.9674	1.3227	0.967	0.9672	0.9672	0.965	0.9669	0.9671	0.9636	3.5438	0.9673	0.967	0.967	0.967	0.9677	0.9643	0.9877	1.0576	0.9684	0.9671	0.967	0.967	0.9671	0.9673	0.967	0.9669	0.9671	1.3776	0.9672	0.9675	0.9675	1.5547	0.9641	0.967	0.9673	0.9673	0	0.9617	0.967	0.9673	0.967	0.9658	0.9672	2.0239	1.1289	0.9667
  y	0.9609	0.9618	1.0626	0.9606	0.9595	1.1902	0.9634	0.9607	0.9365	0.9604	1.1679	1.411	0.9606	0.9615	0.9603	0.9623	0.9606	0.9547	0.9613	0.965	0.9629	0.9605	0.9608	0.9607	0.958	0.9602	0.9607	0.9566	0.9621	0.9616	0.9604	0.9603	0.9603	0.9633	0.9599	1.917	1.9124	0.9622	0.961	0.9603	0.9604	0.9611	0.9619	0.9604	0.9602	0.9606	0.9594	0.9617	0.9624	0.9627	0.9583	0.957	0.9604	0.9624	0.9618	0.9617	0	0.9603	0.9613	0.9603	1.4402	0.9611	1.5405	0.9538	0.9601
  z	0.9685	0.9681	0.9646	0.9684	0.9675	0.9669	0.9649	0.9682	0.9311	0.9685	0.9684	0.9372	0.9685	0.9683	0.9684	0.9678	0.9684	0.9576	0.9684	0.9675	0.9595	0.9682	0.9684	0.9683	0.9654	0.9683	0.9684	0.9631	0.9638	0.9683	0.9684	0.9684	0.9684	0.9683	0.9634	0.9624	0.9565	0.9687	0.9684	0.9684	0.9685	0.9683	0.9683	0.9684	0.9683	0.9684	0.9623	0.9684	0.9684	0.9684	0.959	0.9644	0.9684	0.9682	0.9684	0.967	0.9603	0	0.9685	0.9684	1.4477	0.9684	0.8887	0.9573	0.968
  {	0.9686	0.9683	0.9654	0.9684	0.9676	0.9672	0.9658	0.9683	0.9363	0.9685	0.9692	0.9413	0.9685	0.9685	0.9684	0.9684	0.9685	0.9589	0.9685	0.9679	0.9609	0.9683	0.9686	0.9683	0.9657	0.9683	0.9685	0.9638	0.9658	0.9685	0.9685	0.9684	0.9684	0.9686	0.9641	0.9631	1.4646	0.9688	0.9685	0.9684	0.9685	0.9684	0.9685	0.9684	0.9684	0.9685	0.9633	0.9686	0.9685	0.9686	0.9604	0.9648	0.9684	0.9684	0.9687	0.9673	0.9613	0.9685	0	0.9684	1.0561	0.9685	1.2583	0.9585	0.9682
  |	0.9685	0.9681	0.9646	0.9684	0.9675	0.9669	1.4474	0.9682	0.9311	0.9685	0.9697	0.9372	0.9685	0.9683	0.9684	0.9676	0.9684	0.9576	0.9684	0.9675	0.9595	0.9682	0.9684	0.9683	0.9654	0.9683	0.9684	0.9631	0.9638	0.9683	0.9684	0.9684	0.9684	0.9683	0.9634	0.9624	0.9565	0.9687	0.9684	0.9684	0.9685	0.9683	0.9683	0.9684	0.9683	0.9684	0.9623	0.9684	0.9684	0.9684	0.959	0.9644	0.9684	0.9682	0.9684	0.967	0.9603	0.9684	0.9684	0	0.965	0.9685	0.8888	0.9573	0.968
  }	0.9659	0.9658	0.9663	0.9659	0.9644	0.9649	1.0785	0.9652	0.9521	0.9652	1.2382	1.4303	0.9652	0.9659	0.965	3.0804	0.9652	1.4424	0.9655	0.9672	1.4446	0.9651	0.9657	0.9652	0.9637	0.965	1.0313	1.9258	1.4498	1.4201	0.9651	0.965	0.965	0.9663	0.9645	0.9637	2.2242	0.966	0.9654	0.965	0.9651	0.9654	0.9658	0.9651	0.9652	0.9654	0.9658	1.0972	0.9661	0.9662	0.9635	0.9632	0.9651	0.9661	1.4493	0.9658	1.4402	1.4477	1.0561	0.965	0	0.9656	5.2861	0.9625	0.9651
  ~	0.9687	0.9682	0.9653	0.9684	0.9676	0.9671	1.2547	0.9682	0.9351	0.9685	0.9692	0.9405	0.9685	0.9683	0.9684	0.9678	0.9684	0.9586	0.9685	0.9678	0.9605	0.9683	0.9685	0.9683	0.9657	0.9683	0.9685	0.9636	0.9648	0.9683	0.9684	0.9684	0.9684	0.9685	0.964	0.963	0.9579	0.9687	0.9685	0.9684	0.9685	0.9684	0.9684	0.9684	0.9684	0.9685	0.9631	0.9685	0.9685	0.9685	0.9601	0.9648	0.9684	0.9683	0.9694	0.9672	0.9611	0.9684	0.9685	0.9685	0.9656	0	1.2403	0.9584	0.9681
  	1.0879	1.7805	6.0087	0.8915	0.8852	1.0389	7.7615	0.8976	60.1023	0.8899	3.1054	16.2808	0.8904	1.3461	0.8885	2.7518	0.8908	2.2683	1.3451	7.7841	6.2436	0.9935	1.0048	1.1045	0.8907	0.889	1.0679	0.9893	7.1735	1.3771	0.89	0.8889	0.889	2.4381	3.577	0.9348	16.7645	1.4699	1.2108	0.8894	0.8888	1.3043	1.7257	0.8898	0.8887	1.005	3.4277	1.6523	1.9397	2.2685	7.9616	0.8892	0.8896	2.2341	1.6957	2.0239	1.5405	0.8887	1.2583	0.8888	5.2861	1.2403	0	1.0016	0.893
  	0.9585	0.9593	1.1271	0.9581	0.9727	0.9579	0.9619	2.3975	1.403	0.9574	0.9619	8.1142	0.9577	1.2615	0.9574	0.96	0.9577	1.0948	0.9586	0.9638	2.5595	0.9577	0.958	1.0593	0.9561	0.9573	0.9579	0.9551	3.6052	0.9593	0.9576	0.9574	0.9574	1.325	0.9592	3.0754	2.5476	1.1333	0.9583	0.9573	0.9574	0.9585	0.9594	0.9575	0.9573	0.9577	1.7753	0.9591	0.9601	0.9603	1.157	0.9555	1.4119	0.9601	0.9592	1.1289	0.9538	0.9573	0.9585	0.9573	0.9625	0.9584	1.0016	0	0.9572
  	0.9681	0.9678	1.096	0.9681	0.9671	0.967	1.046	0.9678	0.931	1.0481	1.1975	0.9372	0.9683	0.968	0.968	0.9674	0.9682	0.958	0.9681	0.9673	0.9598	0.968	0.9681	0.968	0.965	0.9679	0.9681	1.2175	0.9637	0.9679	0.9681	0.968	0.968	0.9683	0.9632	0.9622	1.396	0.9685	0.9681	0.968	0.9681	0.968	0.968	0.9681	0.968	0.968	0.9626	0.968	0.9682	1.5423	0.9589	0.964	0.968	0.968	0.9682	0.9667	0.9601	0.968	0.9682	0.968	0.9651	0.9681	0.893	0.9572	0

Actual rates from j->i (Q_ij):
	A	B	C	D	E	F	G	H	I	J	K	L	M	N	O	P	Q	R	S	T	U	V	W	X	Y	Z	[	\	]	^	_	`	a	b	c	d	e	f	g	h	i	j	k	l	m	n	o	p	q	r	s	t	u	v	w	x	y	z	{	|	}	~			
  A	0	0.0178	0.0177	0.0178	0.0178	0.0178	0.0177	0.0178	0.0172	0.0178	0.0178	0.0173	0.0178	0.0178	0.0178	0.0178	0.0178	0.0176	0.0178	0.0178	0.0177	0.0178	0.0178	0.0178	0.0177	0.0178	0.0178	0.0177	0.023	0.0178	0.0178	0.0178	0.0178	0.0178	0.0177	0.0177	0.0176	0.0178	0.0178	0.0178	0.0178	0.0178	0.0178	0.0178	0.0178	0.0178	0.0177	0.0178	0.0178	0.0178	0.0176	0.0177	0.0178	0.0178	0.0178	0.0178	0.0176	0.0178	0.0178	0.0178	0.0177	0.0178	0.02	0.0176	0.0178
  B	0.0152	0	0.0151	0.0152	0.0152	0.0151	0.0151	0.0152	0.0147	0.0152	0.0176	0.0148	0.0152	0.0152	0.0152	0.0152	0.0152	0.015	0.0152	0.0152	0.0151	0.0152	0.0152	0.0152	0.0151	0.0152	0.0152	0.0151	0.0151	0.0152	0.0152	0.0152	0.0152	0.0152	0.0151	0.0151	0.015	0.0152	0.0152	0.0152	0.0152	0.0152	0.0152	0.0152	0.0152	0.0152	0.0151	0.0152	0.0152	0.0152	0.0151	0.0151	0.0152	0.0152	0.0152	0.0152	0.0151	0.0152	0.0152	0.0152	0.0151	0.0152	0.0279	0.015	0.0152
  C	0.0087	0.0087	0	0.0087	0.0087	0.0087	0.0144	0.0087	0.0086	0.0089	0.0103	0.0135	0.0087	0.0087	0.0087	0.0101	0.0087	0.0086	0.0087	0.0095	0.0164	0.0118	0.0087	0.0101	0.0087	0.0087	0.0087	0.0097	0.0151	0.0087	0.0087	0.0087	0.0087	0.011	0.009	0.0087	0.0289	0.0112	0.011	0.0087	0.0087	0.0087	0.0106	0.0087	0.0087	0.0087	0.0107	0.0087	0.0146	0.0087	0.0136	0.0086	0.0087	0.0087	0.0087	0.0088	0.0095	0.0087	0.0087	0.0087	0.0087	0.0087	0.054	0.0101	0.0098
  D	0.0182	0.0182	0.0181	0	0.0181	0.0181	0.0181	0.0182	0.0175	0.0182	0.0182	0.0222	0.0182	0.0182	0.0182	0.0181	0.0182	0.063	0.0182	0.0181	0.018	0.0182	0.0182	0.0182	0.0181	0.0182	0.0182	0.0267	0.0181	0.0182	0.0182	0.0182	0.0182	0.0182	0.0181	0.0181	0.0179	0.0182	0.0182	0.0182	0.0182	0.0182	0.0182	0.0182	0.0182	0.0182	0.018	0.0182	0.0182	0.0182	0.018	0.0181	0.0182	0.0182	0.0182	0.0181	0.018	0.0182	0.0182	0.0182	0.0181	0.0182	0.0167	0.018	0.0182
  E	0.0198	0.0198	0.0197	0.0198	0	0.0197	0.0197	0.0198	0.019	0.0198	0.0198	0.0191	0.0198	0.0198	0.0259	0.0197	0.0198	0.0195	0.0198	0.0197	0.0196	0.0198	0.0198	0.0198	0.0197	0.0198	0.0198	0.0196	0.0197	0.02	0.0198	0.0198	0.0198	0.0198	0.0197	0.0762	0.0196	0.0198	0.0198	0.0198	0.0198	0.0198	0.0198	0.0198	0.0198	0.0198	0.0745	0.0198	0.0198	0.0198	0.0196	0.0197	0.0198	0.0198	0.0198	0.0197	0.0196	0.0198	0.0198	0.0198	0.0197	0.0198	0.0181	0.0199	0.0197
  F	0.0177	0.0177	0.0177	0.0177	0.0177	0	0.0177	0.0177	0.0171	0.0177	0.0207	0.0172	0.0177	0.0186	0.0177	0.0265	0.0208	0.069	0.0177	0.0177	0.019	0.0271	0.0177	0.0181	0.0176	0.0177	0.0177	0.0265	0.0176	0.0177	0.0177	0.0177	0.0177	0.0177	0.0176	0.0176	0.0728	0.0177	0.0177	0.0177	0.0177	0.0177	0.0177	0.0177	0.0177	0.0177	0.0559	0.0177	0.0177	0.0177	0.0176	0.0177	0.0177	0.0177	0.0177	0.0177	0.0218	0.0177	0.0177	0.0177	0.0177	0.0177	0.019	0.0175	0.0177
  G	0.0075	0.0075	0.0124	0.0075	0.0075	0.0075	0	0.0075	0.0074	0.0076	0.0129	0.0101	0.0075	0.0075	0.0075	0.0075	0.0075	0.0075	0.0075	0.0102	0.0076	0.0075	0.0075	0.0075	0.0075	0.0075	0.0075	0.008	0.0075	0.0079	0.0075	0.0075	0.0075	0.0075	0.0075	0.0075	0.0075	0.0075	0.0095	0.0075	0.0075	0.0075	0.0075	0.0075	0.0075	0.0075	0.0075	0.0075	0.0106	0.0075	0.0076	0.0075	0.0075	0.0075	0.0075	0.0075	0.0075	0.0075	0.0075	0.0112	0.0084	0.0097	0.0602	0.0075	0.0081
  H	0.0175	0.0175	0.0175	0.0175	0.0175	0.0175	0.0175	0	0.0169	0.0175	0.0175	0.0323	0.0175	0.0175	0.0175	0.0175	0.0175	0.0173	0.0175	0.0175	0.0174	0.0175	0.0175	0.0175	0.0175	0.0175	0.0175	0.0174	0.0176	0.0175	0.0175	0.0175	0.0175	0.0175	0.0174	0.018	0.0173	0.0175	0.0175	0.0175	0.0175	0.0175	0.0175	0.0175	0.0175	0.0175	0.0181	0.0175	0.0175	0.0175	0.0174	0.0174	0.0175	0.0175	0.0175	0.0177	0.0174	0.0175	0.0175	0.0175	0.0175	0.0175	0.0162	0.0434	0.0175
  I	0.0018	0.0018	0.0018	0.0018	0.0018	0.0018	0.0018	0.0018	0	0.0018	0.0019	0.0019	0.0018	0.0018	0.0018	0.0019	0.0018	0.0018	0.0018	0.0018	0.0018	0.0018	0.0018	0.0018	0.0018	0.0018	0.0018	0.0018	0.0028	0.0018	0.0018	0.0018	0.0018	0.0018	0.0073	0.0018	0.0018	0.0018	0.0018	0.0018	0.0018	0.0018	0.002	0.0018	0.0018	0.0018	0.0018	0.0018	0.0018	0.0018	0.0035	0.0018	0.0018	0.0018	0.0018	0.0018	0.0018	0.0018	0.0018	0.0018	0.0018	0.0018	0.1149	0.0027	0.0018
  J	0.0188	0.0188	0.0193	0.0188	0.0188	0.0187	0.0191	0.0188	0.0181	0	0.0199	0.0182	0.0188	0.0188	0.0188	0.0188	0.0188	0.0186	0.0188	0.0188	0.0186	0.0188	0.0188	0.0188	0.0187	0.0188	0.0188	0.0261	0.0187	0.0188	0.0188	0.0188	0.0188	0.0188	0.0187	0.0187	0.0186	0.0188	0.0188	0.0188	0.0188	0.0188	0.0188	0.0188	0.0188	0.0188	0.0187	0.0188	0.0188	0.0188	0.0186	0.0187	0.0188	0.0188	0.0188	0.0187	0.0186	0.0188	0.0188	0.0188	0.0187	0.0188	0.0173	0.0186	0.0203
  K	0.0125	0.0145	0.0148	0.0125	0.0125	0.0146	0.0215	0.0125	0.0129	0.0133	0	0.0123	0.0125	0.0125	0.0125	0.0125	0.0125	0.0124	0.0125	0.0125	0.0127	0.0125	0.0125	0.0125	0.0125	0.0125	0.0125	0.0183	0.0125	0.0125	0.0125	0.0125	0.0125	0.0126	0.0125	0.0125	0.0154	0.0125	0.0125	0.0187	0.0125	0.0125	0.0125	0.0125	0.0125	0.0125	0.0125	0.0125	0.0125	0.0125	0.0125	0.0125	0.0125	0.0125	0.0125	0.0125	0.0151	0.0125	0.0125	0.0125	0.016	0.0125	0.0401	0.0124	0.0155
  L	0.0054	0.0054	0.0087	0.0068	0.0054	0.0054	0.0075	0.0103	0.0057	0.0054	0.0055	0	0.0054	0.0055	0.0054	0.0055	0.0054	0.0055	0.0054	0.006	0.0641	0.0054	0.0054	0.0068	0.0081	0.0054	0.0054	0.0068	0.0289	0.013	0.0054	0.0054	0.0054	0.0055	0.0055	0.0539	0.006	0.0072	0.0059	0.0054	0.0054	0.0054	0.0054	0.0054	0.0054	0.0054	0.0251	0.0054	0.011	0.0055	0.0473	0.0054	0.0054	0.0055	0.0054	0.0234	0.0081	0.0054	0.0054	0.0054	0.0083	0.0054	0.094	0.0468	0.0054
  M	0.0185	0.0185	0.0185	0.0185	0.0185	0.0185	0.0185	0.0185	0.0178	0.0185	0.0185	0.0179	0	0.0185	0.0185	0.0185	0.024	0.0184	0.0185	0.0185	0.0184	0.0185	0.0185	0.0185	0.0185	0.0185	0.0185	0.0184	0.0184	0.0185	0.0185	0.0185	0.0185	0.0185	0.0184	0.0184	0.0424	0.0185	0.0185	0.0185	0.0215	0.0185	0.0185	0.0185	0.0185	0.0185	0.0188	0.0185	0.0185	0.0185	0.0184	0.0185	0.0185	0.0185	0.0185	0.0185	0.0184	0.0185	0.0185	0.0185	0.0185	0.0185	0.017	0.0183	0.0185
  N	0.0165	0.0165	0.0165	0.0166	0.0165	0.0174	0.0165	0.0165	0.016	0.0165	0.0166	0.0162	0.0165	0	0.0165	0.0165	0.0165	0.0259	0.0165	0.0165	0.0194	0.0165	0.0165	0.0165	0.0165	0.0165	0.0165	0.0165	0.0165	0.0165	0.0165	0.0165	0.0165	0.0166	0.0165	0.0165	0.0195	0.0166	0.0165	0.0165	0.0165	0.0165	0.0165	0.0165	0.0165	0.0165	0.0165	0.0165	0.0165	0.0165	0.0164	0.0165	0.0165	0.0165	0.0165	0.0165	0.0164	0.0165	0.0165	0.0165	0.0165	0.0165	0.023	0.0216	0.0165
  O	0.0189	0.0189	0.0188	0.0189	0.0248	0.0189	0.0188	0.0189	0.0182	0.0189	0.0189	0.0183	0.0189	0.0189	0	0.0189	0.0189	0.0187	0.0189	0.0189	0.0187	0.0189	0.0189	0.0189	0.0188	0.0189	0.0189	0.0188	0.0188	0.0189	0.0189	0.0189	0.0189	0.0189	0.0188	0.0192	0.0188	0.0189	0.0189	0.0189	0.0189	0.0189	0.0189	0.0189	0.0189	0.0189	0.0335	0.0189	0.0189	0.0189	0.0187	0.0188	0.0189	0.0189	0.0189	0.0189	0.0188	0.0189	0.0189	0.0189	0.0188	0.0189	0.0173	0.0187	0.0189
  P	0.0136	0.0136	0.0158	0.0136	0.0136	0.0204	0.0136	0.0136	0.014	0.0136	0.0137	0.0133	0.0136	0.0136	0.0136	0	0.0136	0.0339	0.0136	0.0136	0.0136	0.0136	0.0136	0.0136	0.0136	0.0136	0.0136	0.0136	0.0136	0.0136	0.0136	0.0136	0.0136	0.0136	0.0136	0.0136	0.014	0.0136	0.0136	0.0136	0.0136	0.0136	0.0136	0.0136	0.0136	0.0184	0.0136	0.0136	0.0136	0.0136	0.0136	0.0136	0.0136	0.0136	0.0165	0.0136	0.0136	0.0136	0.0136	0.0136	0.0434	0.0136	0.0388	0.0135	0.0136
  Q	0.0185	0.0185	0.0184	0.0185	0.0185	0.0217	0.0184	0.0185	0.0178	0.0185	0.0185	0.0179	0.024	0.0185	0.0185	0.0185	0	0.0184	0.0185	0.0185	0.0183	0.0185	0.0185	0.0185	0.0184	0.0185	0.0185	0.0184	0.0184	0.0185	0.0185	0.0185	0.0185	0.0185	0.0184	0.0184	0.0357	0.0185	0.0185	0.0185	0.0248	0.0185	0.0185	0.0185	0.0185	0.0185	0.0333	0.0185	0.0185	0.0185	0.0183	0.0184	0.0185	0.0185	0.0185	0.0185	0.0183	0.0185	0.0185	0.0185	0.0184	0.0185	0.017	0.0183	0.0185
  R	0.0118	0.0118	0.0118	0.0413	0.0118	0.0463	0.0118	0.0118	0.0116	0.0118	0.0118	0.0116	0.0118	0.0186	0.0118	0.0296	0.0118	0	0.0118	0.0118	0.0131	0.0247	0.0118	0.0118	0.0118	0.0118	0.0118	0.041	0.0118	0.0118	0.0118	0.0118	0.0118	0.0118	0.0118	0.0118	0.0747	0.0118	0.0118	0.0118	0.0118	0.0118	0.0118	0.0118	0.0118	0.0118	0.0121	0.0118	0.0118	0.0118	0.0118	0.0802	0.0118	0.0119	0.0118	0.0118	0.0117	0.0118	0.0118	0.0118	0.0177	0.0118	0.0279	0.0135	0.0118
  S	0.0167	0.0167	0.0166	0.0167	0.0166	0.0166	0.0166	0.0167	0.0161	0.0167	0.0167	0.0162	0.0167	0.0167	0.0167	0.0167	0.0167	0.0165	0	0.0166	0.0165	0.0167	0.0167	0.0167	0.0166	0.0167	0.0167	0.0166	0.0166	0.0167	0.0167	0.0167	0.0167	0.0167	0.0166	0.0166	0.0165	0.0167	0.0167	0.0167	0.0167	0.0167	0.0167	0.0167	0.0167	0.0167	0.0166	0.0167	0.0167	0.0167	0.0165	0.0166	0.0167	0.0167	0.0167	0.0166	0.0165	0.0167	0.0167	0.0167	0.0166	0.0167	0.0231	0.0165	0.0167
