Map from character to field name
A:	Algeria
B:	Argentina
C:	Australia
D:	Austria
E:	Bangladesh
F:	Belgium
G:	Brazil
H:	Cambodia
I:	Canada
J:	Chad
K:	Chile
L:	China
M:	Czech Republic
N:	Denmark
O:	Egypt
P:	France
Q:	Georgia
R:	Germany
S:	Guam
T:	Guatemala
U:	Hong Kong
V:	Hungary
W:	Iceland
X:	India
Y:	Indonesia
Z:	Iran
[:	Ireland
\:	Italy
]:	Japan
^:	Kazakhstan
_:	Kuwait
`:	Laos
a:	Luxembourg
b:	Malaysia
c:	Mexico
d:	Mongolia
e:	Netherlands
f:	New Zealand
g:	Nicaragua
h:	Nigeria
i:	Norway
j:	Pakistan
k:	Peru
l:	Philippines
m:	Poland
n:	Romania
o:	Russia
p:	Saudi Arabia
q:	Singapore
r:	South Africa
s:	South Korea
t:	Spain
u:	Sri Lanka
v:	Sweden
w:	Switzerland
x:	Taiwan
y:	Thailand
z:	Turkey
{:	Ukraine
|:	United Arab Emirates
}:	United Kingdom
~:	Uruguay
:	Usa
:	Vietnam
:	Zambia
:	?


Substitution rate (mu): 15.547988

Equilibrium frequencies (pi_i):
  A: 0.0185
  B: 0.0161
  C: 0.0082
  D: 0.0194
  E: 0.0182
  F: 0.017
  G: 0.0094
  H: 0.0182
  I: 0.0018
  J: 0.0174
  K: 0.0108
  L: 0.0064
  M: 0.019
  N: 0.017
  O: 0.0195
  P: 0.0151
  Q: 0.019
  R: 0.0123
  S: 0.0174
  T: 0.0076
  U: 0.0063
  V: 0.0193
  W: 0.0193
  X: 0.0174
  Y: 0.0184
  Z: 0.0194
  [: 0.0188
  \: 0.0172
  ]: 0.0084
  ^: 0.0172
  _: 0.0194
  `: 0.0196
  a: 0.0195
  b: 0.0142
  c: 0.0126
  d: 0.0127
  e: 0.0043
  f: 0.016
  g: 0.0176
  h: 0.0196
  i: 0.0193
  j: 0.0195
  k: 0.016
  l: 0.0188
  m: 0.0196
  n: 0.0197
  o: 0.0091
  p: 0.0172
  q: 0.0128
  r: 0.0161
  s: 0.0059
  t: 0.0178
  u: 0.0193
  v: 0.0174
  w: 0.0165
  x: 0.0127
  y: 0.0152
  z: 0.0197
  {: 0.0191
  |: 0.0196
  }: 0.01
  ~: 0.0176
  : 0.0054
  : 0.011
  : 0.0191

Symmetrized rates from j->i (W_ij):
	A	B	C	D	E	F	G	H	I	J	K	L	M	N	O	P	Q	R	S	T	U	V	W	X	Y	Z	[	\	]	^	_	`	a	b	c	d	e	f	g	h	i	j	k	l	m	n	o	p	q	r	s	t	u	v	w	x	y	z	{	|	}	~			
  A	0	0.9657	0.9649	0.9661	0.9665	0.9648	0.9624	0.9659	0.9399	0.9659	0.969	0.9405	0.9661	0.9652	0.9661	0.9656	0.966	0.953	0.966	0.9641	0.9587	0.9661	0.9661	0.9657	0.9665	0.966	0.9661	0.9611	1.2229	0.9659	0.9662	0.9662	0.9661	0.9658	0.9614	0.9581	0.9542	0.9657	0.9662	0.9662	0.9661	0.9661	0.9658	0.9661	0.9662	0.9662	0.9584	0.9659	0.9656	0.9659	0.9615	0.9621	0.9662	0.9658	0.9665	0.9675	0.9581	0.9662	0.966	0.9662	0.9629	0.966	1.11	0.9528	0.9657
  B	0.9657	0	0.9647	0.9658	0.9661	0.9646	0.9624	0.9656	1.0766	0.9656	0.9691	0.9427	0.9657	0.965	0.9658	0.9653	0.9657	0.9544	0.9656	0.9639	0.9591	0.9658	0.9658	0.9654	0.9663	0.9657	0.9658	0.9614	0.9628	0.9656	0.9658	0.9658	0.9658	0.9654	0.9616	0.9587	0.957	0.9656	0.9658	0.9658	0.9658	0.9658	0.9655	0.9657	0.9658	0.9658	0.9588	0.9655	0.9653	0.9655	0.9617	0.9622	0.9658	0.9655	0.9656	0.9671	0.9588	0.9658	0.9656	0.9658	0.9628	0.9656	1.6579	0.9541	0.9654
  C	0.9649	0.9647	0	0.9644	1.136	0.9667	0.9941	0.9644	1.1037	0.9645	0.9811	1.806	0.9651	0.9647	0.9647	1.1969	0.9651	0.9618	0.9645	1.0342	1.9687	0.9938	0.9647	0.988	0.9666	0.9644	0.9645	0.9642	1.5503	0.9649	1.2854	0.9645	0.9644	1.1052	0.9666	1.7087	3.2314	0.9654	1.1709	0.9644	0.9646	0.9644	0.9676	0.9646	0.9644	0.9644	1.2904	0.9645	1.5193	0.9764	1.1613	0.963	0.9645	0.965	0.9648	0.9683	0.9853	0.9644	0.9649	0.9644	0.9657	0.9646	7.8526	0.963	0.9648
  D	0.9661	0.9658	0.9644	0	0.9665	0.9651	0.9621	0.966	0.9383	0.966	0.9689	0.9404	0.9662	0.9655	0.9662	0.9657	0.9661	2.8626	0.966	0.9639	0.9584	0.9663	0.9662	0.9658	0.9666	0.9661	0.9662	1.3863	0.9624	0.966	0.9663	0.9662	0.9662	0.9657	0.9612	0.9576	0.9533	0.9657	0.9662	0.9663	0.9662	0.9662	0.9659	0.9661	0.9665	0.9663	0.9578	0.9659	0.9656	0.9659	0.9609	0.9622	0.9663	0.9659	0.9682	0.9674	0.958	0.9663	0.9661	0.9663	1.0203	0.966	0.8933	0.9521	0.9657
  E	0.9665	0.9661	1.136	0.9665	0	0.9666	0.9629	0.9664	0.9516	0.9663	0.97	2.192	0.967	0.9657	0.9668	0.9665	0.967	0.9549	0.9663	0.9645	0.9619	0.9668	0.9668	0.9666	0.9677	0.9669	0.9665	0.9627	1.0659	0.9666	0.9669	0.9667	0.9666	0.9668	0.9621	1.7814	1.2323	0.9665	0.9669	0.9666	0.9667	0.9666	0.9664	0.9666	0.9666	0.9666	3.0356	0.9662	0.9671	0.9663	1.0428	0.9626	0.9667	0.9666	0.9664	0.9784	0.9591	0.9666	0.9668	0.9666	0.964	0.9664	0.9325	1.0982	0.9665
  F	0.9648	0.9646	0.9667	0.9651	0.9666	0	0.9619	0.9646	0.9442	0.9647	0.9691	0.9442	0.9648	0.985	0.965	1.4422	0.9651	4.8113	0.9647	0.9635	0.9924	1.7826	0.965	0.9647	0.9664	0.9647	0.9648	1.3215	0.9632	0.9649	0.9649	0.9648	0.9649	0.9648	0.9608	1.933	4.382	0.9646	0.9649	0.9648	0.9648	0.9915	0.9647	0.9648	0.9648	0.9648	1.9556	0.9646	0.9648	0.9648	0.9678	1.1334	0.9649	0.9646	0.9648	0.9671	0.9585	0.9648	0.9648	0.9648	0.9637	0.9647	1.3456	0.9536	0.9645
  G	0.9624	0.9624	0.9941	0.9621	0.9629	0.9619	0	0.9622	0.9554	0.9623	1.5667	0.9556	0.9622	0.9622	0.9621	0.9627	0.9622	0.9571	0.9624	1.1677	0.9634	0.9927	0.9621	0.9623	0.9634	0.9621	0.9623	1.0181	0.9628	0.995	0.9622	0.9621	0.9621	0.9628	0.9625	0.9593	0.9896	0.9625	0.9636	0.9621	0.9621	0.9621	0.9647	0.9622	0.9621	0.9621	0.9601	0.9623	1.644	0.9626	0.9653	0.9604	0.9622	0.9634	0.963	0.9653	0.959	0.9621	0.9621	1.4424	1.0165	1.1267	5.9617	0.9567	0.9854
  H	0.9659	0.9656	0.9644	0.966	0.9664	0.9646	0.9622	0	0.9409	0.9658	0.9689	1.8636	0.966	0.9651	0.966	0.9656	0.9659	0.9531	0.9658	0.9639	0.9587	0.966	0.966	0.9656	0.9668	0.9659	0.966	0.9611	0.9672	0.9658	0.966	0.966	0.966	0.9655	0.9613	0.9581	0.954	0.9655	0.966	0.9661	0.966	0.966	0.9657	0.9659	0.9661	0.966	0.9582	0.9657	0.9654	0.9657	0.9626	0.962	0.9661	0.9657	0.9658	0.9672	0.9581	0.9661	0.9659	0.966	0.9628	0.9658	0.8977	1.9054	0.9656
  I	0.9399	1.0766	1.1037	0.9383	0.9516	0.9442	0.9554	0.9409	0	0.9407	1.331	2.7902	0.9394	0.9415	0.9383	1.4014	0.9394	0.975	0.9407	1.4344	0.9704	0.9393	0.9384	0.9429	0.9699	0.9382	0.9388	0.9441	1.4436	0.9434	0.9386	0.9379	0.938	0.949	2.8247	0.9833	1.1911	0.9546	0.9433	0.9382	0.9385	0.938	1.1788	0.9387	0.9379	0.9377	1.1119	0.941	0.9518	0.9438	1.5461	0.9414	0.9383	0.9416	0.9426	0.9587	0.9571	0.9378	0.9397	0.9378	0.9547	0.9406	71.66	1.9102	0.9393
  J	0.9659	0.9656	0.9645	0.966	0.9663	0.9647	0.9623	0.9658	0.9407	0	0.9688	0.9403	0.9659	0.9651	0.966	0.9655	0.9659	0.9536	0.9658	0.9639	0.9586	0.966	0.966	0.9656	0.9664	0.9659	0.966	0.9612	0.9626	0.9658	0.966	0.966	0.966	0.9655	0.9615	0.9583	0.9541	0.9655	0.966	0.966	0.966	0.966	0.9657	0.9659	0.966	0.966	0.9584	0.9657	0.9654	0.9657	0.9611	0.9621	0.966	0.9657	0.9658	0.9672	0.9584	0.966	0.9658	0.966	0.9627	0.9658	1.3367	0.9533	0.9655
  K	0.969	0.9691	0.9811	0.9689	0.97	0.9691	1.5667	0.9689	1.331	0.9688	0	0.9848	0.9691	0.9685	0.969	0.9698	0.969	0.9627	0.9689	0.9697	0.9731	0.9692	0.9689	0.9691	1.0025	0.9688	0.9689	1.3766	0.9715	0.9693	0.969	0.9689	0.9689	0.9694	0.9686	0.9671	1.0164	0.9692	0.9695	1.4504	0.9689	0.9689	0.9692	0.9688	0.9689	0.9689	0.9685	0.9689	0.9709	0.9692	1.0837	0.9671	0.9689	0.9692	0.9692	1.027	0.9654	0.969	0.9689	0.9689	1.45	0.969	4.4353	0.9645	1.373
  L	0.9405	0.9427	1.806	0.9404	2.192	0.9442	0.9556	1.8636	2.7902	0.9403	0.9848	0	0.9389	0.9435	0.9385	1.7317	0.9388	1.3437	0.9403	1.2514	12.2861	0.9387	0.94	1.1675	1.5995	1.0199	0.9386	1.6451	4.9266	2.5248	0.938	0.9375	0.9377	0.9511	0.9484	7.0307	6.3544	1.3091	0.9473	0.9377	0.9381	0.938	0.943	0.9386	0.9724	0.9374	7.8817	0.9406	1.4977	0.9425	8.4261	0.9396	0.9388	0.9409	1.1267	4.5778	1.639	0.9376	0.9484	0.9375	1.6638	0.9401	14.1294	12.7246	0.9389
  M	0.9661	0.9657	0.9651	0.9662	0.967	0.9648	0.9622	0.966	0.9394	0.9659	0.9691	0.9389	0	0.9654	0.9662	0.9657	0.9661	0.9528	0.966	0.9639	0.9586	0.9662	0.9662	0.9658	0.967	0.9661	0.9661	0.961	0.9627	0.966	0.9662	0.9662	0.9662	0.9657	0.9613	0.9584	2.281	0.9657	0.9662	0.9662	0.9662	0.9662	0.9658	0.9661	0.9662	0.9662	1.0641	0.9659	0.9656	0.9659	0.9611	0.962	0.9662	0.9658	0.966	0.9675	0.958	0.9662	0.9661	0.9662	0.9628	0.966	0.8955	0.9525	0.9657
  N	0.9652	0.965	0.9647	0.9655	0.9657	0.985	0.9622	0.9651	0.9415	0.9651	0.9685	0.9435	0.9654	0	0.9653	0.9652	0.9653	1.5357	0.9651	0.9636	1.1648	0.9655	0.9653	0.965	0.9657	0.9651	0.9652	0.962	0.9626	0.9652	0.9653	0.9653	0.9652	0.9656	0.9611	0.9585	1.1274	0.965	0.9654	0.9653	0.9653	0.9652	0.9651	0.9652	0.9653	0.9653	1.4314	0.965	0.965	0.9651	0.9613	0.9628	0.9653	0.9651	0.9651	0.9668	0.9582	0.9653	0.9652	0.9653	0.9627	0.9652	1.3439	0.9536	0.9649
  O	0.9661	0.9658	0.9647	0.9662	0.9668	0.965	0.9621	0.966	0.9383	0.966	0.969	0.9385	0.9662	0.9653	0	0.9657	0.9662	0.9525	0.966	0.9639	0.9583	0.9662	0.9663	0.9658	0.9667	0.9661	0.9662	0.961	0.9696	0.9661	0.9663	0.9663	0.9662	0.9657	0.9612	1.1172	1.221	0.9657	0.9663	0.9663	0.9662	0.9663	0.9659	0.9662	0.9663	0.9663	1.526	0.9659	0.9656	0.9659	0.9608	0.9619	0.9663	0.9659	0.966	0.9675	0.9578	0.9663	0.9661	0.9663	0.9627	0.9661	0.8933	0.9522	0.9658
  P	0.9656	0.9653	1.1969	0.9657	0.9665	1.4422	0.9627	0.9656	1.4014	0.9655	0.9698	1.7317	0.9657	0.9652	0.9657	0	0.9656	2.3951	0.9655	0.964	1.0569	0.9669	0.9657	0.9654	0.9667	0.9656	0.9657	0.9624	0.9641	0.9658	0.9657	0.9657	0.9656	1.2343	0.9619	0.96	1.0646	0.9654	0.9658	0.9657	0.9656	0.9657	0.9654	0.9656	0.9659	1.4474	0.9603	0.9654	0.9654	1.0731	0.9631	0.9626	0.9657	0.9655	1.26	0.9674	0.9597	1.2129	0.9656	0.9657	2.8077	0.9655	2.037	0.9562	0.9653
  Q	0.966	0.9657	0.9651	0.9661	0.967	0.9651	0.9622	0.9659	0.9394	0.9659	0.969	0.9388	0.9661	0.9653	0.9662	0.9656	0	0.9528	0.966	0.9639	0.9586	0.9661	0.9662	0.9658	0.9669	0.966	0.9661	0.961	0.9627	0.966	0.9662	0.9662	0.9661	0.9657	0.9612	0.9586	2.285	0.9656	0.9662	0.9662	0.9661	0.9662	0.9658	0.9661	0.9662	0.9662	1.0685	0.9658	0.9656	0.9659	0.9611	0.962	0.9662	0.9658	0.9659	0.9675	0.9579	0.9662	0.966	0.9662	0.9628	0.966	0.8955	0.9525	0.9657
  R	0.953	0.9544	0.9618	2.8626	0.9549	4.8113	0.9571	0.9531	0.975	0.9536	0.9627	1.3437	0.9528	1.5357	0.9525	2.3951	0.9528	0	0.9536	0.9593	1.0853	1.7451	0.9526	0.9538	0.9553	0.9524	0.9528	3.9738	0.9594	0.9541	0.9525	0.9523	0.9524	0.9562	0.9561	0.9566	6.2124	0.9553	0.9538	0.9523	0.9525	0.9524	0.9546	0.9528	0.9525	0.9522	0.9775	0.9537	0.9569	0.9546	1.7861	7.6182	0.9526	0.9537	0.9551	0.9592	1.0326	0.9524	0.9527	0.9523	1.9143	0.9535	2.1538	0.9506	0.9526
  S	0.966	0.9656	0.9645	0.966	0.9663	0.9647	0.9624	0.9658	0.9407	0.9658	0.9689	0.9403	0.966	0.9651	0.966	0.9655	0.966	0.9536	0	0.9639	0.9586	0.966	0.966	0.9656	0.9664	0.9659	0.966	0.9613	0.9626	0.9658	0.9661	0.9661	0.966	0.9655	0.9615	0.9583	0.9542	0.9655	0.9661	0.9661	0.966	0.966	0.9657	0.966	0.9661	0.9661	0.9584	0.9658	0.9655	0.9658	0.9611	0.9622	0.9661	0.9657	0.9658	0.9672	0.9585	0.9661	0.9659	0.9661	0.9628	0.9659	1.3369	0.9533	0.9656
  T	0.9641	0.9639	1.0342	0.9639	0.9645	0.9635	1.1677	0.9639	1.4344	0.9639	0.9697	1.2514	0.9639	0.9636	0.9639	0.964	0.9639	0.9593	0.9639	0	0.9618	0.9668	0.9639	0.9639	0.9651	0.9639	0.964	0.9621	0.9638	0.964	0.9639	0.9639	0.9639	0.9641	0.9785	0.9612	0.9929	0.964	0.9708	0.9639	0.9639	0.9639	0.9814	0.9639	0.9639	0.9639	0.9617	0.9639	1.3384	0.964	0.9994	0.9623	0.9639	0.9639	0.964	0.9661	0.9612	0.9639	0.9639	0.9639	0.9632	0.9641	7.5841	0.959	0.9638
  U	0.9587	0.9591	1.9687	0.9584	0.9619	0.9924	0.9634	0.9587	0.9704	0.9586	0.9731	12.2861	0.9586	1.1648	0.9583	1.0569	0.9586	1.0853	0.9586	0.9618	0	0.9586	0.9583	0.9591	0.9627	0.9581	0.9583	1.2346	2.356	0.9597	0.9583	0.958	0.9581	2.5817	0.9632	0.9616	7.5972	1.0457	0.9592	0.958	0.9583	0.9581	0.9593	0.9584	0.9582	0.958	1.4497	0.9587	0.9608	0.9595	0.9676	0.959	0.9751	0.9589	0.9593	1.4428	0.9621	0.9581	0.9586	0.958	1.1078	0.9587	7.4225	2.0297	0.9584
  V	0.9661	0.9658	0.9938	0.9663	0.9668	1.7826	0.9927	0.966	0.9393	0.966	0.9692	0.9387	0.9662	0.9655	0.9662	0.9669	0.9661	1.7451	0.966	0.9668	0.9586	0	0.9662	0.9658	0.9668	0.9661	0.9662	0.9832	0.9626	0.966	0.9663	0.9662	0.9662	0.9657	0.9613	0.9579	1.434	0.9657	0.9671	0.9663	0.9662	0.9662	0.9659	0.9661	0.9662	0.9662	0.958	0.9659	1.3469	0.9659	0.9631	0.9631	0.9663	0.9659	0.966	0.9675	0.958	0.9663	0.9661	0.9663	0.9628	0.966	0.9871	0.9523	0.9657
  W	0.9661	0.9658	0.9647	0.9662	0.9668	0.965	0.9621	0.966	0.9384	0.966	0.9689	0.94	0.9662	0.9653	0.9663	0.9657	0.9662	0.9526	0.966	0.9639	0.9583	0.9662	0	0.9659	0.9667	0.9661	0.9662	0.9611	0.9625	0.9661	0.9663	0.9663	0.9663	0.9657	0.9612	0.9592	1.2996	0.9657	0.9663	0.9663	0.9662	0.9662	0.9659	0.9662	0.9663	0.9663	1.1103	0.9659	0.9656	0.9659	0.9607	0.962	0.9663	0.9659	0.966	0.9675	0.9579	0.9663	0.9661	0.9663	0.9627	0.9661	0.8939	0.9523	0.9658
  X	0.9657	0.9654	0.988	0.9658	0.9666	0.9647	0.9623	0.9656	0.9429	0.9656	0.9691	1.1675	0.9658	0.965	0.9658	0.9654	0.9658	0.9538	0.9656	0.9639	0.9591	0.9658	0.9659	0	0.9665	0.9657	0.9658	0.9612	0.9637	0.9657	0.9658	0.9658	0.9658	0.9655	0.9614	0.9934	1.4114	0.9654	0.9658	0.9658	0.9658	0.9658	0.9655	0.9657	0.9658	0.9658	1.9248	0.9655	0.9654	0.9656	0.9617	0.962	0.9659	0.9655	0.9656	0.9674	0.9584	0.9659	0.967	0.9658	0.9628	0.9657	1.3208	1.1775	0.9654
  Y	0.9665	0.9663	0.9666	0.9666	0.9677	0.9664	0.9634	0.9668	0.9699	0.9664	1.0025	1.5995	0.967	0.9657	0.9667	0.9667	0.9669	0.9553	0.9664	0.9651	0.9627	0.9668	0.9667	0.9665	0	0.9665	0.9665	0.9631	0.9654	0.9681	0.9667	0.9666	0.9666	0.9667	0.9628	0.964	1.047	0.9666	0.967	0.9669	0.9667	0.9666	0.9665	0.9666	0.9666	0.9666	0.9637	0.9663	0.967	0.9664	1.0812	0.9627	0.9667	0.9666	0.9665	0.97	0.9594	0.9667	0.9667	0.9666	0.9642	0.9664	0.9536	0.9628	0.9666
  Z	0.966	0.9657	0.9644	0.9661	0.9669	0.9647	0.9621	0.9659	0.9382	0.9659	0.9688	1.0199	0.9661	0.9651	0.9661	0.9656	0.966	0.9524	0.9659	0.9639	0.9581	0.9661	0.9661	0.9657	0.9665	0	0.9661	0.9608	0.9624	0.9659	0.9661	0.9661	0.9661	0.9656	0.9611	1.0625	0.9531	0.9656	0.9661	0.9662	0.9661	0.9661	0.9658	0.966	0.9661	0.9661	1.2455	0.9658	0.9655	0.9658	0.9606	0.9618	0.9661	0.9658	0.9659	0.9673	0.9577	0.9662	0.9659	0.9661	0.9626	0.9659	0.8929	0.9521	0.9656
  [	0.9661	0.9658	0.9645	0.9662	0.9665	0.9648	0.9623	0.966	0.9388	0.966	0.9689	0.9386	0.9661	0.9652	0.9662	0.9657	0.9661	0.9528	0.966	0.964	0.9583	0.9662	0.9662	0.9658	0.9665	0.9661	0	0.9611	0.9625	0.966	0.9662	0.9662	0.9662	0.9657	0.9613	0.9579	0.9534	0.9657	0.9662	0.9663	0.9662	0.9662	0.9658	0.9661	0.9663	0.9662	0.958	1.087	0.9656	0.9659	0.9607	0.9621	0.9662	1.2137	0.966	0.9674	0.958	0.9663	0.966	0.9662	1.1299	0.966	1.0528	0.9525	0.9657
  \	0.9611	0.9614	0.9642	1.3863	0.9627	1.3215	1.0181	0.9611	0.9441	0.9612	1.3766	1.6451	0.961	0.962	0.961	0.9624	0.961	3.9738	0.9613	0.9621	1.2346	0.9832	0.9611	0.9612	0.9631	0.9608	0.9611	0	0.9614	0.9616	0.961	0.9609	0.9609	0.962	0.9584	0.9562	3.9052	0.9622	0.9615	0.961	0.961	0.9609	0.9615	0.961	1.0458	0.9609	0.9609	0.9613	0.9622	0.9616	0.9629	1.4426	0.9611	0.9612	1.2994	0.9646	0.9598	0.961	0.961	0.9609	2.0481	0.9613	1.2113	0.9514	1.0299
  ]	1.2229	0.9628	1.5503	0.9624	1.0659	0.9632	0.9628	0.9672	1.4436	0.9626	0.9715	4.9266	0.9627	0.9626	0.9696	0.9641	0.9627	0.9594	0.9626	0.9638	2.356	0.9626	0.9625	0.9637	0.9654	0.9624	0.9625	0.9614	0	0.9631	0.9626	1.4424	0.9624	0.9669	0.9616	2.9841	2.4057	1.2163	0.963	0.9624	0.9625	0.9624	0.963	0.9625	0.9624	0.9623	1.4421	0.9626	0.964	0.9629	1.6357	0.9609	0.9625	0.9628	0.9642	1.5772	0.9625	0.9624	0.9663	0.9624	1.4449	0.9628	6.3335	1.4561	0.9625
  ^	0.9659	0.9656	0.9649	0.966	0.9666	0.9649	0.995	0.9658	0.9434	0.9658	0.9693	2.5248	0.966	0.9652	0.9661	0.9658	0.966	0.9541	0.9658	0.964	0.9597	0.966	0.9661	0.9657	0.9681	0.9659	0.966	0.9616	0.9631	0	0.966	0.966	0.966	0.9656	0.9616	1.4558	1.2281	0.9656	0.966	0.9661	0.966	0.966	0.9657	0.9659	0.9661	0.966	1.4405	0.9657	0.9655	0.9657	0.9729	0.9622	0.966	0.9657	0.9659	0.973	0.9587	0.9661	0.9659	0.966	1.347	0.9659	1.0478	0.9548	0.9656
  _	0.9662	0.9658	1.2854	0.9663	0.9669	0.9649	0.9622	0.966	0.9386	0.966	0.969	0.938	0.9662	0.9653	0.9663	0.9657	0.9662	0.9525	0.9661	0.9639	0.9583	0.9663	0.9663	0.9658	0.9667	0.9661	0.9662	0.961	0.9626	0.966	0	0.9663	0.9663	0.9864	0.9612	0.9578	1.1095	0.9657	0.9663	0.9663	0.9663	0.9663	0.9659	0.9662	0.9663	0.9663	0.9579	0.966	0.9657	0.966	0.9607	0.962	0.9663	0.9659	0.966	0.9675	0.9578	0.9663	0.9661	0.9663	0.9627	0.9661	0.9136	0.9523	0.9658
  `	0.9662	0.9658	0.9645	0.9662	0.9667	0.9648	0.9621	0.966	0.9379	0.966	0.9689	0.9375	0.9662	0.9653	0.9663	0.9657	0.9662	0.9523	0.9661	0.9639	0.958	0.9662	0.9663	0.9658	0.9666	0.9661	0.9662	0.9609	1.4424	0.966	0.9663	0	0.9663	0.9657	0.9612	0.9576	0.9529	0.9657	0.9663	0.9663	0.9662	0.9663	0.9659	0.9662	0.9663	0.9663	0.9577	0.9659	0.9656	0.9659	0.9605	0.9619	0.9663	0.9659	0.966	0.9674	0.9577	0.9663	0.9661	0.9663	0.9626	0.9661	0.8923	0.952	0.9658
  a	0.9661	0.9658	0.9644	0.9662	0.9666	0.9649	0.9621	0.966	0.938	0.966	0.9689	0.9377	0.9662	0.9652	0.9662	0.9656	0.9661	0.9524	0.966	0.9639	0.9581	0.9662	0.9663	0.9658	0.9666	0.9661	0.9662	0.9609	0.9624	0.966	0.9663	0.9663	0	0.9657	0.9612	0.9577	0.9529	0.9657	0.9662	0.9663	0.9662	0.9662	0.9659	0.9661	0.9663	0.9663	1.4356	0.9659	0.9656	0.9659	0.9606	0.9619	0.9663	0.9659	0.966	0.9674	0.9577	0.9663	0.9661	0.9663	0.9626	0.9661	0.8925	0.9521	0.9657
  b	0.9658	0.9654	1.1052	0.9657	0.9668	0.9648	0.9628	0.9655	0.949	0.9655	0.9694	0.9511	0.9657	0.9656	0.9657	1.2343	0.9657	0.9562	0.9655	0.9641	2.5817	0.9657	0.9657	0.9655	0.9667	0.9656	0.9657	0.962	0.9669	0.9656	0.9864	0.9657	0.9657	0	0.962	0.9599	2.7145	1.0005	0.9657	0.9657	0.9657	0.9657	0.9654	0.9656	0.9657	0.9657	0.96	0.9655	0.9653	1.3891	0.9627	0.9626	0.9902	0.9655	0.9656	0.9671	0.9597	0.9658	0.9656	0.9657	0.9638	0.9656	2.4752	1.1382	0.9654
  c	0.9614	0.9616	0.9666	0.9612	0.9621	0.9608	0.9625	0.9613	2.8247	0.9615	0.9686	0.9484	0.9613	0.9611	0.9612	0.9619	0.9612	0.9561	0.9615	0.9785	0.9632	0.9613	0.9612	0.9614	0.9628	0.9611	0.9613	0.9584	0.9616	0.9616	0.9612	0.9612	0.9612	0.962	0	0.9575	0.969	0.9616	0.9618	0.9612	0.9612	0.9612	1.1602	0.9613	0.9612	0.9612	0.9584	0.9615	1.2565	0.9618	1.4703	0.9588	0.9612	0.9615	0.9617	0.9643	0.9569	0.9612	0.9612	0.9612	0.9611	0.9615	2.7736	0.954	0.961
  d	0.9581	0.9587	1.7087	0.9576	1.7814	1.933	0.9593	0.9581	0.9833	0.9583	0.9671	7.0307	0.9584	0.9585	1.1172	0.96	0.9586	0.9566	0.9583	0.9612	0.9616	0.9579	0.9592	0.9934	0.964	1.0625	0.9579	0.9562	2.9841	1.4558	0.9578	0.9576	0.9577	0.9599	0.9575	0	3.974	0.9591	0.9586	0.9576	0.9578	1.4198	0.9589	0.9579	0.9577	0.9575	10.1505	0.9583	0.9607	0.9588	2.3514	0.9557	0.9579	0.9584	0.9588	2.3117	1.8923	0.9576	1.0026	0.9576	0.9613	0.9582	0.966	1.2751	0.9577
  e	0.9542	0.957	3.2314	0.9533	1.2323	4.382	0.9896	0.954	1.1911	0.9541	1.0164	6.3544	2.281	1.1274	1.221	1.0646	2.285	6.2124	0.9542	0.9929	7.5972	1.434	1.2996	1.4114	1.047	0.9531	0.9534	3.9052	2.4057	1.2281	1.1095	0.9529	0.9529	2.7145	0.969	3.974	0	2.0661	0.9631	0.9528	1.4237	0.9531	1.3651	1.322	0.953	0.9528	9.135	0.9544	1.0811	0.9894	1.394	0.9573	1.161	1.9037	0.9553	1.2175	1.833	0.9529	1.8383	0.9528	2.543	0.9541	18.19	2.6129	1.9001
  f	0.9657	0.9656	0.9654	0.9657	0.9665	0.9646	0.9625	0.9655	0.9546	0.9655	0.9692	1.3091	0.9657	0.965	0.9657	0.9654	0.9656	0.9553	0.9655	0.964	1.0457	0.9657	0.9657	0.9654	0.9666	0.9656	0.9657	0.9622	1.2163	0.9656	0.9657	0.9657	0.9657	1.0005	0.9616	0.9591	2.0661	0	0.9657	0.9657	0.9657	0.9657	0.9654	0.9656	0.9657	0.9657	0.9607	0.9654	0.9653	0.9655	0.9622	0.9622	1.0434	0.9654	0.9655	0.9671	0.9589	0.9657	0.9656	0.9657	0.9632	0.9656	1.5782	1.0758	0.9653
  g	0.9662	0.9658	1.1709	0.9662	0.9669	0.9649	0.9636	0.966	0.9433	0.966	0.9695	0.9473	0.9662	0.9654	0.9663	0.9658	0.9662	0.9538	0.9661	0.9708	0.9592	0.9671	0.9663	0.9658	0.967	0.9661	0.9662	0.9615	0.963	0.966	0.9663	0.9663	0.9662	0.9657	0.9618	0.9586	0.9631	0.9657	0	0.9663	0.9662	0.9663	0.9661	0.9662	0.9663	0.9663	0.9586	0.9659	1.1888	0.966	0.9679	0.9624	0.9663	0.9659	0.966	0.9677	0.9586	0.9663	0.9661	0.9663	0.963	0.9661	1.4136	0.9535	0.9658
  h	0.9662	0.9658	0.9644	0.9663	0.9666	0.9648	0.9621	0.9661	0.9382	0.966	1.4504	0.9377	0.9662	0.9653	0.9663	0.9657	0.9662	0.9523	0.9661	0.9639	0.958	0.9663	0.9663	0.9658	0.9669	0.9662	0.9663	0.961	0.9624	0.9661	0.9663	0.9663	0.9663	0.9657	0.9612	0.9576	0.9528	0.9657	0.9663	0	0.9663	0.9663	0.9659	0.9662	0.9663	0.9663	0.9577	0.966	0.9656	0.966	0.9608	0.962	0.9663	0.9659	0.9661	0.9677	0.9577	0.9664	0.9661	0.9663	0.9626	0.9661	0.8928	0.952	0.9658
  i	0.9661	0.9658	0.9646	0.9662	0.9667	0.9648	0.9621	0.966	0.9385	0.966	0.9689	0.9381	0.9662	0.9653	0.9662	0.9656	0.9661	0.9525	0.966	0.9639	0.9583	0.9662	0.9662	0.9658	0.9667	0.9661	0.9662	0.961	0.9625	0.966	0.9663	0.9662	0.9662	0.9657	0.9612	0.9578	1.4237	0.9657	0.9662	0.9663	0	0.9662	0.9658	0.9661	0.9662	0.9662	0.9607	0.9659	0.9656	0.9659	0.9607	0.962	0.9663	0.9659	0.966	0.9674	0.9578	0.9663	0.9661	0.9663	0.9627	0.966	0.8936	0.9523	0.9657
  j	0.9661	0.9658	0.9644	0.9662	0.9666	0.9915	0.9621	0.966	0.938	0.966	0.9689	0.938	0.9662	0.9652	0.9663	0.9657	0.9662	0.9524	0.966	0.9639	0.9581	0.9662	0.9662	0.9658	0.9666	0.9661	0.9662	0.9609	0.9624	0.966	0.9663	0.9663	0.9662	0.9657	0.9612	1.4198	0.9531	0.9657	0.9663	0.9663	0.9662	0	0.9659	0.9661	0.9663	0.9663	0.9584	0.9659	0.9656	0.9659	0.9652	0.962	0.9663	0.9659	0.966	0.9675	0.9578	0.9663	0.9661	0.9663	0.9626	0.9661	0.8924	0.9521	0.9657
  k	0.9658	0.9655	0.9676	0.9659	0.9664	0.9647	0.9647	0.9657	1.1788	0.9657	0.9692	0.943	0.9658	0.9651	0.9659	0.9654	0.9658	0.9546	0.9657	0.9814	0.9593	0.9659	0.9659	0.9655	0.9665	0.9658	0.9658	0.9615	0.963	0.9657	0.9659	0.9659	0.9659	0.9654	1.1602	0.9589	1.3651	0.9654	0.9661	0.9659	0.9658	0.9659	0	0.9658	0.9659	0.9659	0.959	0.9656	1.2608	0.9656	0.962	0.9623	0.9659	0.9656	0.9657	0.9672	0.959	0.9659	0.9657	0.9659	0.963	0.9657	1.7107	0.9543	0.9655
  l	0.9661	0.9657	0.9646	0.9661	0.9666	0.9648	0.9622	0.9659	0.9387	0.9659	0.9688	0.9386	0.9661	0.9652	0.9662	0.9656	0.9661	0.9528	0.966	0.9639	0.9584	0.9661	0.9662	0.9657	0.9666	0.966	0.9661	0.961	0.9625	0.9659	0.9662	0.9662	0.9661	0.9656	0.9613	0.9579	1.322	0.9656	0.9662	0.9662	0.9661	0.9661	0.9658	0	0.9662	0.9662	0.9581	0.9658	0.9655	0.9659	0.9607	0.962	0.9662	0.9658	0.9659	0.9673	0.958	0.9662	0.966	0.9662	0.9627	0.966	0.9955	0.9525	0.9657
  m	0.9662	0.9658	0.9644	0.9665	0.9666	0.9648	0.9621	0.9661	0.9379	0.966	0.9689	0.9724	0.9662	0.9653	0.9663	0.9659	0.9662	0.9525	0.9661	0.9639	0.9582	0.9662	0.9663	0.9658	0.9666	0.9661	0.9663	1.0458	0.9624	0.9661	0.9663	0.9663	0.9663	0.9657	0.9612	0.9577	0.953	0.9657	0.9663	0.9663	0.9662	0.9663	0.9659	0.9662	0	0.9663	0.9578	0.966	0.9656	0.9659	0.9606	0.962	0.9663	0.9659	1.1583	0.9675	0.9578	0.9664	0.9661	0.9663	1.4552	0.9661	0.8927	0.9522	0.9658
  n	0.9662	0.9658	0.9644	0.9663	0.9666	0.9648	0.9621	0.966	0.9377	0.966	0.9689	0.9374	0.9662	0.9653	0.9663	1.4474	0.9662	0.9522	0.9661	0.9639	0.958	0.9662	0.9663	0.9658	0.9666	0.9661	0.9662	0.9609	0.9623	0.966	0.9663	0.9663	0.9663	0.9657	0.9612	0.9575	0.9528	0.9657	0.9663	0.9663	0.9662	0.9663	0.9659	0.9662	0.9663	0	0.9576	0.9659	0.9656	0.966	0.9605	0.9619	0.9663	0.9659	0.966	0.9674	0.9577	0.9664	0.9661	0.9663	0.9627	0.9661	0.8917	0.9519	0.9658
  o	0.9584	0.9588	1.2904	0.9578	3.0356	1.9556	0.9601	0.9582	1.1119	0.9584	0.9685	7.8817	1.0641	1.4314	1.526	0.9603	1.0685	0.9775	0.9584	0.9617	1.4497	0.958	1.1103	1.9248	0.9637	1.2455	0.958	0.9609	1.4421	1.4405	0.9579	0.9577	1.4356	0.96	0.9584	10.1505	9.135	0.9607	0.9586	0.9577	0.9607	0.9584	0.959	0.9581	0.9578	0.9576	0	0.9585	1.081	0.959	1.5858	0.9568	0.9579	0.9585	0.9589	1.9611	0.958	0.9577	0.9621	0.9577	0.9622	0.9584	4.2767	1.0185	0.9579
  p	0.9659	0.9655	0.9645	0.9659	0.9662	0.9646	0.9623	0.9657	0.941	0.9657	0.9689	0.9406	0.9659	0.965	0.9659	0.9654	0.9658	0.9537	0.9658	0.9639	0.9587	0.9659	0.9659	0.9655	0.9663	0.9658	1.087	0.9613	0.9626	0.9657	0.966	0.9659	0.9659	0.9655	0.9615	0.9583	0.9544	0.9654	0.9659	0.966	0.9659	0.9659	0.9656	0.9658	0.966	0.9659	0.9585	0	0.9654	0.9657	0.9611	0.9621	0.9659	2.4769	0.9657	0.9671	0.9585	0.966	0.9658	0.966	1.0171	0.9658	1.4003	0.9534	0.9655
  q	0.9656	0.9653	1.5193	0.9656	0.9671	0.9648	1.644	0.9654	0.9518	0.9654	0.9709	1.4977	0.9656	0.965	0.9656	0.9654	0.9656	0.9569	0.9655	1.3384	0.9608	1.3469	0.9656	0.9654	0.967	0.9655	0.9656	0.9622	0.964	0.9655	0.9657	0.9656	0.9656	0.9653	1.2565	0.9607	1.0811	0.9653	1.1888	0.9656	0.9656	0.9656	1.2608	0.9655	0.9656	0.9656	1.081	0.9654	0	0.9654	1.2115	0.9628	0.9656	0.9654	0.9655	0.9673	0.9602	0.9656	0.9655	0.9656	0.9636	0.9656	2.7881	0.9565	0.9653
  r	0.9659	0.9655	0.9764	0.9659	0.9663	0.9648	0.9626	0.9657	0.9438	0.9657	0.9692	0.9425	0.9659	0.9651	0.9659	1.0731	0.9659	0.9546	0.9658	0.964	0.9595	0.9659	0.9659	0.9656	0.9664	0.9658	0.9659	0.9616	0.9629	0.9657	0.966	0.9659	0.9659	1.3891	0.9618	0.9588	0.9894	0.9655	0.966	0.966	0.9659	0.9659	0.9656	0.9659	0.9659	0.966	0.959	0.9657	0.9654	0	0.9617	0.9624	0.966	0.9657	0.9658	0.9672	0.959	0.966	0.9658	0.966	0.963	0.9658	1.8403	0.9542	1.4558
  s	0.9615	0.9617	1.1613	0.9609	1.0428	0.9678	0.9653	0.9626	1.5461	0.9611	1.0837	8.4261	0.9611	0.9613	0.9608	0.9631	0.9611	1.7861	0.9611	0.9994	0.9676	0.9631	0.9607	0.9617	1.0812	0.9606	0.9607	0.9629	1.6357	0.9729	0.9607	0.9605	0.9606	0.9627	1.4703	2.3514	1.394	0.9622	0.9679	0.9608	0.9607	0.9652	0.962	0.9607	0.9606	0.9605	1.5858	0.9611	1.2115	0.9617	0	0.9642	0.9607	0.9615	0.9616	2.9314	1.118	0.9605	0.961	0.9605	0.9648	0.9611	12.1339	1.2472	0.9611
  t	0.9621	0.9622	0.963	0.9622	0.9626	1.1334	0.9604	0.962	0.9414	0.9621	0.9671	0.9396	0.962	0.9628	0.9619	0.9626	0.962	7.6182	0.9622	0.9623	0.959	0.9631	0.962	0.962	0.9627	0.9618	0.9621	1.4426	0.9609	0.9622	0.962	0.9619	0.9619	0.9626	0.9588	0.9557	0.9573	0.9622	0.9624	0.962	0.962	0.962	0.9623	0.962	0.962	0.9619	0.9568	0.9621	0.9628	0.9624	0.9642	0	0.962	0.9621	0.9625	0.9647	0.9567	0.962	0.9619	0.9619	1.4405	0.9622	1.3395	0.9509	0.9616
  u	0.9662	0.9658	0.9645	0.9663	0.9667	0.9649	0.9622	0.9661	0.9383	0.966	0.9689	0.9388	0.9662	0.9653	0.9663	0.9657	0.9662	0.9526	0.9661	0.9639	0.9751	0.9663	0.9663	0.9659	0.9667	0.9661	0.9662	0.9611	0.9625	0.966	0.9663	0.9663	0.9663	0.9902	0.9612	0.9579	1.161	1.0434	0.9663	0.9663	0.9663	0.9663	0.9659	0.9662	0.9663	0.9663	0.9579	0.9659	0.9656	0.966	0.9607	0.962	0	0.9659	0.966	0.9674	0.9579	0.9663	0.9661	0.9663	0.9627	0.9661	0.8935	1.2418	0.9658
  v	0.9658	0.9655	0.965	0.9659	0.9666	0.9646	0.9634	0.9657	0.9416	0.9657	0.9692	0.9409	0.9658	0.9651	0.9659	0.9655	0.9658	0.9537	0.9657	0.9639	0.9589	0.9659	0.9659	0.9655	0.9666	0.9658	1.2137	0.9612	0.9628	0.9657	0.9659	0.9659	0.9659	0.9655	0.9615	0.9584	1.9037	0.9654	0.9659	0.9659	0.9659	0.9659	0.9656	0.9658	0.9659	0.9659	0.9585	2.4769	0.9654	0.9657	0.9615	0.9621	0.9659	0	0.9657	0.9673	0.9584	0.966	0.9658	0.9659	1.0737	0.9658	1.4622	0.9534	0.9655
  w	0.9665	0.9656	0.9648	0.9682	0.9664	0.9648	0.963	0.9658	0.9426	0.9658	0.9692	1.1267	0.966	0.9651	0.966	1.26	0.9659	0.9551	0.9658	0.964	0.9593	0.966	0.966	0.9656	0.9665	0.9659	0.966	1.2994	0.9642	0.9659	0.966	0.966	0.966	0.9656	0.9617	0.9588	0.9553	0.9655	0.966	0.9661	0.966	0.966	0.9657	0.9659	1.1583	0.966	0.9589	0.9657	0.9655	0.9658	0.9616	0.9625	0.966	0.9657	0	0.9673	0.9589	0.9661	0.9659	0.966	1.5992	0.9668	1.648	0.9542	0.9656
  x	0.9675	0.9671	0.9683	0.9674	0.9784	0.9671	0.9653	0.9672	0.9587	0.9672	1.027	4.5778	0.9675	0.9668	0.9675	0.9674	0.9675	0.9592	0.9672	0.9661	1.4428	0.9675	0.9675	0.9674	0.97	0.9673	0.9674	0.9646	1.5772	0.973	0.9675	0.9674	0.9674	0.9671	0.9643	2.3117	1.2175	0.9671	0.9677	0.9677	0.9674	0.9675	0.9672	0.9673	0.9675	0.9674	1.9611	0.9671	0.9673	0.9672	2.9314	0.9647	0.9674	0.9673	0.9673	0	0.9625	0.9675	0.9674	0.9674	0.9661	0.9672	2.3243	0.9829	0.9674
  y	0.9581	0.9588	0.9853	0.958	0.9591	0.9585	0.959	0.9581	0.9571	0.9584	0.9654	1.639	0.958	0.9582	0.9578	0.9597	0.9579	1.0326	0.9585	0.9612	0.9621	0.958	0.9579	0.9584	0.9594	0.9577	0.958	0.9598	0.9625	0.9587	0.9578	0.9577	0.9577	0.9597	0.9569	1.8923	1.833	0.9589	0.9586	0.9577	0.9578	0.9578	0.959	0.958	0.9578	0.9577	0.958	0.9585	0.9602	0.959	1.118	0.9567	0.9579	0.9584	0.9589	0.9625	0	0.9577	0.9579	0.9577	1.431	0.9584	2.0126	0.951	0.9576
  z	0.9662	0.9658	0.9644	0.9663	0.9666	0.9648	0.9621	0.9661	0.9378	0.966	0.969	0.9376	0.9662	0.9653	0.9663	1.2129	0.9662	0.9524	0.9661	0.9639	0.9581	0.9663	0.9663	0.9659	0.9667	0.9662	0.9663	0.961	0.9624	0.9661	0.9663	0.9663	0.9663	0.9658	0.9612	0.9576	0.9529	0.9657	0.9663	0.9664	0.9663	0.9663	0.9659	0.9662	0.9664	0.9664	0.9577	0.966	0.9656	0.966	0.9605	0.962	0.9663	0.966	0.9661	0.9675	0.9577	0	0.9661	0.9663	1.3114	0.9661	0.8921	0.952	0.9658
  {	0.966	0.9656	0.9649	0.9661	0.9668	0.9648	0.9621	0.9659	0.9397	0.9658	0.9689	0.9484	0.9661	0.9652	0.9661	0.9656	0.966	0.9527	0.9659	0.9639	0.9586	0.9661	0.9661	0.967	0.9667	0.9659	0.966	0.961	0.9663	0.9659	0.9661	0.9661	0.9661	0.9656	0.9612	1.0026	1.8383	0.9656	0.9661	0.9661	0.9661	0.9661	0.9657	0.966	0.9661	0.9661	0.9621	0.9658	0.9655	0.9658	0.961	0.9619	0.9661	0.9658	0.9659	0.9674	0.9579	0.9661	0	0.9661	0.9627	0.9659	0.8974	0.9525	0.9656
  |	0.9662	0.9658	0.9644	0.9663	0.9666	0.9648	1.4424	0.966	0.9378	0.966	0.9689	0.9375	0.9662	0.9653	0.9663	0.9657	0.9662	0.9523	0.9661	0.9639	0.958	0.9663	0.9663	0.9658	0.9666	0.9661	0.9662	0.9609	0.9624	0.966	0.9663	0.9663	0.9663	0.9657	0.9612	0.9576	0.9528	0.9657	0.9663	0.9663	0.9663	0.9663	0.9659	0.9662	0.9663	0.9663	0.9577	0.966	0.9656	0.966	0.9605	0.9619	0.9663	0.9659	0.966	0.9674	0.9577	0.9663	0.9661	0	0.9626	0.9661	0.8923	0.952	0.9658
  }	0.9629	0.9628	0.9657	1.0203	0.964	0.9637	1.0165	0.9628	0.9547	0.9627	1.45	1.6638	0.9628	0.9627	0.9627	2.8077	0.9628	1.9143	0.9628	0.9632	1.1078	0.9628	0.9627	0.9628	0.9642	0.9626	1.1299	2.0481	1.4449	1.347	0.9627	0.9626	0.9626	0.9638	0.9611	0.9613	2.543	0.9632	0.963	0.9626	0.9627	0.9626	0.963	0.9627	1.4552	0.9627	0.9622	1.0171	0.9636	0.963	0.9648	1.4405	0.9627	1.0737	1.5992	0.9661	1.431	1.3114	0.9627	0.9626	0	0.9628	4.987	0.9595	0.9627
  ~	0.966	0.9656	0.9646	0.966	0.9664	0.9647	1.1267	0.9658	0.9406	0.9658	0.969	0.9401	0.966	0.9652	0.9661	0.9655	0.966	0.9535	0.9659	0.9641	0.9587	0.966	0.9661	0.9657	0.9664	0.9659	0.966	0.9613	0.9628	0.9659	0.9661	0.9661	0.9661	0.9656	0.9615	0.9582	0.9541	0.9656	0.9661	0.9661	0.966	0.9661	0.9657	0.966	0.9661	0.9661	0.9584	0.9658	0.9656	0.9658	0.9611	0.9622	0.9661	0.9658	0.9668	0.9672	0.9584	0.9661	0.9659	0.9661	0.9628	0	1.287	0.9532	0.9656
  	1.11	1.6579	7.8526	0.8933	0.9325	1.3456	5.9617	0.8977	71.66	1.3367	4.4353	14.1294	0.8955	1.3439	0.8933	2.037	0.8955	2.1538	1.3369	7.5841	7.4225	0.9871	0.8939	1.3208	0.9536	0.8929	1.0528	1.2113	6.3335	1.0478	0.9136	0.8923	0.8925	2.4752	2.7736	0.966	18.19	1.5782	1.4136	0.8928	0.8936	0.8924	1.7107	0.9955	0.8927	0.8917	4.2767	1.4003	2.7881	1.8403	12.1339	1.3395	0.8935	1.4622	1.648	2.3243	2.0126	0.8921	0.8974	0.8923	4.987	1.287	0	1.2081	0.9328
  	0.9528	0.9541	0.963	0.9521	1.0982	0.9536	0.9567	1.9054	1.9102	0.9533	0.9645	12.7246	0.9525	0.9536	0.9522	0.9562	0.9525	0.9506	0.9533	0.959	2.0297	0.9523	0.9523	1.1775	0.9628	0.9521	0.9525	0.9514	1.4561	0.9548	0.9523	0.952	0.9521	1.1382	0.954	1.2751	2.6129	1.0758	0.9535	0.952	0.9523	0.9521	0.9543	0.9525	0.9522	0.9519	1.0185	0.9534	0.9565	0.9542	1.2472	0.9509	1.2418	0.9534	0.9542	0.9829	0.951	0.952	0.9525	0.952	0.9595	0.9532	1.2081	0	0.9522
  	0.9657	0.9654	0.9648	0.9657	0.9665	0.9645	0.9854	0.9656	0.9393	0.9655	1.373	0.9389	0.9657	0.9649	0.9658	0.9653	0.9657	0.9526	0.9656	0.9638	0.9584	0.9657	0.9658	0.9654	0.9666	0.9656	0.9657	1.0299	0.9625	0.9656	0.9658	0.9658	0.9657	0.9654	0.961	0.9577	1.9001	0.9653	0.9658	0.9658	0.9657	0.9657	0.9655	0.9657	0.9658	0.9658	0.9579	0.9655	0.9653	1.4558	0.9611	0.9616	0.9658	0.9655	0.9656	0.9674	0.9576	0.9658	0.9656	0.9658	0.9627	0.9656	0.9328	0.9522	0

Actual rates from j->i (Q_ij):
	A	B	C	D	E	F	G	H	I	J	K	L	M	N	O	P	Q	R	S	T	U	V	W	X	Y	Z	[	\	]	^	_	`	a	b	c	d	e	f	g	h	i	j	k	l	m	n	o	p	q	r	s	t	u	v	w	x	y	z	{	|	}	~			
  A	0	0.0179	0.0178	0.0179	0.0179	0.0178	0.0178	0.0179	0.0174	0.0179	0.0179	0.0174	0.0179	0.0178	0.0179	0.0179	0.0179	0.0176	0.0179	0.0178	0.0177	0.0179	0.0179	0.0179	0.0179	0.0179	0.0179	0.0178	0.0226	0.0179	0.0179	0.0179	0.0179	0.0179	0.0178	0.0177	0.0176	0.0179	0.0179	0.0179	0.0179	0.0179	0.0179	0.0179	0.0179	0.0179	0.0177	0.0179	0.0179	0.0179	0.0178	0.0178	0.0179	0.0179	0.0179	0.0179	0.0177	0.0179	0.0179	0.0179	0.0178	0.0179	0.0205	0.0176	0.0179
  B	0.0156	0	0.0156	0.0156	0.0156	0.0156	0.0155	0.0156	0.0174	0.0156	0.0156	0.0152	0.0156	0.0156	0.0156	0.0156	0.0156	0.0154	0.0156	0.0156	0.0155	0.0156	0.0156	0.0156	0.0156	0.0156	0.0156	0.0155	0.0155	0.0156	0.0156	0.0156	0.0156	0.0156	0.0155	0.0155	0.0154	0.0156	0.0156	0.0156	0.0156	0.0156	0.0156	0.0156	0.0156	0.0156	0.0155	0.0156	0.0156	0.0156	0.0155	0.0155	0.0156	0.0156	0.0156	0.0156	0.0155	0.0156	0.0156	0.0156	0.0155	0.0156	0.0268	0.0154	0.0156
  C	0.0079	0.0079	0	0.0079	0.0093	0.0079	0.0082	0.0079	0.0091	0.0079	0.0081	0.0148	0.0079	0.0079	0.0079	0.0098	0.0079	0.0079	0.0079	0.0085	0.0162	0.0082	0.0079	0.0081	0.0079	0.0079	0.0079	0.0079	0.0127	0.0079	0.0105	0.0079	0.0079	0.0091	0.0079	0.014	0.0265	0.0079	0.0096	0.0079	0.0079	0.0079	0.0079	0.0079	0.0079	0.0079	0.0106	0.0079	0.0125	0.008	0.0095	0.0079	0.0079	0.0079	0.0079	0.0079	0.0081	0.0079	0.0079	0.0079	0.0079	0.0079	0.0644	0.0079	0.0079
  D	0.0188	0.0188	0.0188	0	0.0188	0.0188	0.0187	0.0188	0.0182	0.0188	0.0188	0.0183	0.0188	0.0188	0.0188	0.0188	0.0188	0.0557	0.0188	0.0187	0.0186	0.0188	0.0188	0.0188	0.0188	0.0188	0.0188	0.027	0.0187	0.0188	0.0188	0.0188	0.0188	0.0188	0.0187	0.0186	0.0185	0.0188	0.0188	0.0188	0.0188	0.0188	0.0188	0.0188	0.0188	0.0188	0.0186	0.0188	0.0188	0.0188	0.0187	0.0187	0.0188	0.0188	0.0188	0.0188	0.0186	0.0188	0.0188	0.0188	0.0198	0.0188	0.0174	0.0185	0.0188
  E	0.0176	0.0176	0.0207	0.0176	0	0.0176	0.0175	0.0176	0.0173	0.0176	0.0177	0.0399	0.0176	0.0176	0.0176	0.0176	0.0176	0.0174	0.0176	0.0176	0.0175	0.0176	0.0176	0.0176	0.0176	0.0176	0.0176	0.0175	0.0194	0.0176	0.0176	0.0176	0.0176	0.0176	0.0175	0.0324	0.0224	0.0176	0.0176	0.0176	0.0176	0.0176	0.0176	0.0176	0.0176	0.0176	0.0553	0.0176	0.0176	0.0176	0.019	0.0175	0.0176	0.0176	0.0176	0.0178	0.0175	0.0176	0.0176	0.0176	0.0176	0.0176	0.017	0.02	0.0176
  F	0.0164	0.0164	0.0165	0.0164	0.0165	0	0.0164	0.0164	0.0161	0.0164	0.0165	0.0161	0.0164	0.0168	0.0164	0.0246	0.0164	0.0819	0.0164	0.0164	0.0169	0.0304	0.0164	0.0164	0.0165	0.0164	0.0164	0.0225	0.0164	0.0164	0.0164	0.0164	0.0164	0.0164	0.0164	0.0329	0.0746	0.0164	0.0164	0.0164	0.0164	0.0169	0.0164	0.0164	0.0164	0.0164	0.0333	0.0164	0.0164	0.0164	0.0165	0.0193	0.0164	0.0164	0.0164	0.0165	0.0163	0.0164	0.0164	0.0164	0.0164	0.0164	0.0229	0.0162	0.0164
  G	0.009	0.009	0.0093	0.009	0.009	0.009	0	0.009	0.009	0.009	0.0147	0.009	0.009	0.009	0.009	0.009	0.009	0.009	0.009	0.0109	0.009	0.0093	0.009	0.009	0.009	0.009	0.009	0.0095	0.009	0.0093	0.009	0.009	0.009	0.009	0.009	0.009	0.0093	0.009	0.009	0.009	0.009	0.009	0.009	0.009	0.009	0.009	0.009	0.009	0.0154	0.009	0.009	0.009	0.009	0.009	0.009	0.009	0.009	0.009	0.009	0.0135	0.0095	0.0106	0.0559	0.009	0.0092
  H	0.0176	0.0176	0.0175	0.0176	0.0176	0.0176	0.0175	0	0.0171	0.0176	0.0176	0.0339	0.0176	0.0176	0.0176	0.0176	0.0176	0.0173	0.0176	0.0175	0.0174	0.0176	0.0176	0.0176	0.0176	0.0176	0.0176	0.0175	0.0176	0.0176	0.0176	0.0176	0.0176	0.0176	0.0175	0.0174	0.0174	0.0176	0.0176	0.0176	0.0176	0.0176	0.0176	0.0176	0.0176	0.0176	0.0174	0.0176	0.0176	0.0176	0.0175	0.0175	0.0176	0.0176	0.0176	0.0176	0.0174	0.0176	0.0176	0.0176	0.0175	0.0176	0.0163	0.0347	0.0176
  I	0.0017	0.0019	0.002	0.0017	0.0017	0.0017	0.0017	0.0017	0	0.0017	0.0024	0.005	0.0017	0.0017	0.0017	0.0025	0.0017	0.0017	0.0017	0.0025	0.0017	0.0017	0.0017	0.0017	0.0017	0.0017	0.0017	0.0017	0.0026	0.0017	0.0017	0.0017	0.0017	0.0017	0.005	0.0017	0.0021	0.0017	0.0017	0.0017	0.0017	0.0017	0.0021	0.0017	0.0017	0.0017	0.002	0.0017	0.0017	0.0017	0.0027	0.0017	0.0017	0.0017	0.0017	0.0017	0.0017	0.0017	0.0017	0.0017	0.0017	0.0017	0.1273	0.0034	0.0017
  J	0.0169	0.0168	0.0168	0.0169	0.0169	0.0168	0.0168	0.0168	0.0164	0	0.0169	0.0164	0.0169	0.0168	0.0169	0.0168	0.0169	0.0166	0.0168	0.0168	0.0167	0.0169	0.0169	0.0168	0.0169	0.0168	0.0169	0.0168	0.0168	0.0168	0.0169	0.0169	0.0169	0.0168	0.0168	0.0167	0.0166	0.0168	0.0169	0.0169	0.0169	0.0169	0.0168	0.0169	0.0169	0.0169	0.0167	0.0168	0.0168	0.0168	0.0168	0.0168	0.0169	0.0168	0.0168	0.0169	0.0167	0.0169	0.0168	0.0169	0.0168	0.0168	0.0233	0.0166	0.0168
  K	0.0105	0.0105	0.0106	0.0105	0.0105	0.0105	0.0169	0.0105	0.0144	0.0105	0	0.0106	0.0105	0.0105	0.0105	0.0105	0.0105	0.0104	0.0105	0.0105	0.0105	0.0105	0.0105	0.0105	0.0108	0.0105	0.0105	0.0149	0.0105	0.0105	0.0105	0.0105	0.0105	0.0105	0.0105	0.0105	0.011	0.0105	0.0105	0.0157	0.0105	0.0105	0.0105	0.0105	0.0105	0.0105	0.0105	0.0105	0.0105	0.0105	0.0117	0.0105	0.0105	0.0105	0.0105	0.0111	0.0104	0.0105	0.0105	0.0105	0.0157	0.0105	0.0479	0.0104	0.0148
  L	0.006	0.0061	0.0116	0.006	0.0141	0.0061	0.0061	0.012	0.0179	0.006	0.0063	0	0.006	0.0061	0.006	0.0111	0.006	0.0086	0.006	0.008	0.0789	0.006	0.006	0.0075	0.0103	0.0065	0.006	0.0106	0.0316	0.0162	0.006	0.006	0.006	0.0061	0.0061	0.0451	0.0408	0.0084	0.0061	0.006	0.006	0.006	0.0061	0.006	0.0062	0.006	0.0506	0.006	0.0096	0.0061	0.0541	0.006	0.006	0.006	0.0072	0.0294	0.0105	0.006	0.0061	0.006	0.0107	0.006	0.0907	0.0817	0.006
  M	0.0184	0.0184	0.0184	0.0184	0.0184	0.0183	0.0183	0.0184	0.0179	0.0184	0.0184	0.0179	0	0.0184	0.0184	0.0184	0.0184	0.0181	0.0184	0.0183	0.0182	0.0184	0.0184	0.0184	0.0184	0.0184	0.0184	0.0183	0.0183	0.0184	0.0184	0.0184	0.0184	0.0184	0.0183	0.0182	0.0434	0.0184	0.0184	0.0184	0.0184	0.0184	0.0184	0.0184	0.0184	0.0184	0.0202	0.0184	0.0184	0.0184	0.0183	0.0183	0.0184	0.0184	0.0184	0.0184	0.0182	0.0184	0.0184	0.0184	0.0183	0.0184	0.017	0.0181	0.0184
  N	0.0164	0.0164	0.0164	0.0164	0.0164	0.0168	0.0164	0.0164	0.016	0.0164	0.0165	0.0161	0.0164	0	0.0164	0.0164	0.0164	0.0262	0.0164	0.0164	0.0198	0.0164	0.0164	0.0164	0.0164	0.0164	0.0164	0.0164	0.0164	0.0164	0.0164	0.0164	0.0164	0.0164	0.0164	0.0163	0.0192	0.0164	0.0164	0.0164	0.0164	0.0164	0.0164	0.0164	0.0164	0.0164	0.0244	0.0164	0.0164	0.0164	0.0164	0.0164	0.0164	0.0164	0.0164	0.0165	0.0163	0.0164	0.0164	0.0164	0.0164	0.0164	0.0229	0.0162	0.0164
  O	0.0188	0.0188	0.0188	0.0188	0.0188	0.0188	0.0187	0.0188	0.0183	0.0188	0.0188	0.0183	0.0188	0.0188	0	0.0188	0.0188	0.0185	0.0188	0.0188	0.0186	0.0188	0.0188	0.0188	0.0188	0.0188	0.0188	0.0187	0.0189	0.0188	0.0188	0.0188	0.0188	0.0188	0.0187	0.0217	0.0238	0.0188	0.0188	0.0188	0.0188	0.0188	0.0188	0.0188	0.0188	0.0188	0.0297	0.0188	0.0188	0.0188	0.0187	0.0187	0.0188	0.0188	0.0188	0.0188	0.0186	0.0188	0.0188	0.0188	0.0187	0.0188	0.0174	0.0185	0.0188
  P	0.0146	0.0146	0.0181	0.0146	0.0146	0.0218	0.0145	0.0146	0.0211	0.0146	0.0146	0.0261	0.0146	0.0146	0.0146	0	0.0146	0.0361	0.0146	0.0145	0.0159	0.0146	0.0146	0.0146	0.0146	0.0146	0.0146	0.0145	0.0145	0.0146	0.0146	0.0146	0.0146	0.0186	0.0145	0.0145	0.0161	0.0146	0.0146	0.0146	0.0146	0.0146	0.0146	0.0146	0.0146	0.0218	0.0145	0.0146	0.0146	0.0162	0.0145	0.0145	0.0146	0.0146	0.019	0.0146	0.0145	0.0183	0.0146	0.0146	0.0424	0.0146	0.0307	0.0144	0.0146
  Q	0.0184	0.0184	0.0183	0.0184	0.0184	0.0183	0.0183	0.0184	0.0179	0.0184	0.0184	0.0178	0.0184	0.0184	0.0184	0.0184	0	0.0181	0.0184	0.0183	0.0182	0.0184	0.0184	0.0184	0.0184	0.0184	0.0184	0.0183	0.0183	0.0184	0.0184	0.0184	0.0184	0.0184	0.0183	0.0182	0.0434	0.0184	0.0184	0.0184	0.0184	0.0184	0.0184	0.0184	0.0184	0.0184	0.0203	0.0184	0.0184	0.0184	0.0183	0.0183	0.0184	0.0184	0.0184	0.0184	0.0182	0.0184	0.0184	0.0184	0.0183	0.0184	0.017	0.0181	0.0184
  R	0.0117	0.0117	0.0118	0.0352	0.0117	0.0592	0.0118	0.0117	0.012	0.0117	0.0118	0.0165	0.0117	0.0189	0.0117	0.0295	0.0117	0	0.0117	0.0118	0.0134	0.0215	0.0117	0.0117	0.0118	0.0117	0.0117	0.0489	0.0118	0.0117	0.0117	0.0117	0.0117	0.0118	0.0118	0.0118	0.0764	0.0118	0.0117	0.0117	0.0117	0.0117	0.0117	0.0117	0.0117	0.0117	0.012	0.0117	0.0118	0.0117	0.022	0.0937	0.0117	0.0117	0.0117	0.0118	0.0127	0.0117	0.0117	0.0117	0.0235	0.0117	0.0265	0.0117	0.0117
  S	0.0168	0.0168	0.0168	0.0168	0.0169	0.0168	0.0168	0.0168	0.0164	0.0168	0.0169	0.0164	0.0168	0.0168	0.0168	0.0168	0.0168	0.0166	0	0.0168	0.0167	0.0168	0.0168	0.0168	0.0169	0.0168	0.0168	0.0168	0.0168	0.0168	0.0169	0.0168	0.0168	0.0168	0.0168	0.0167	0.0166	0.0168	0.0168	0.0169	0.0168	0.0168	0.0168	0.0168	0.0169	0.0169	0.0167	0.0168	0.0168	0.0168	0.0168	0.0168	0.0169	0.0168	0.0168	0.0169	0.0167	0.0169	0.0168	0.0169	0.0168	0.0168	0.0233	0.0166	0.0168
  T	0.0074	0.0074	0.0079	0.0074	0.0074	0.0074	0.0089	0.0074	0.011	0.0074	0.0074	0.0096	0.0074	0.0074	0.0074	0.0074	0.0074	0.0073	0.0074	0	0.0073	0.0074	0.0074	0.0074	0.0074	0.0074	0.0074	0.0073	0.0074	0.0074	0.0074	0.0074	0.0074	0.0074	0.0075	0.0073	0.0076	0.0074	0.0074	0.0074	0.0074	0.0074	0.0075	0.0074	0.0074	0.0074	0.0073	0.0074	0.0102	0.0074	0.0076	0.0073	0.0074	0.0074	0.0074	0.0074	0.0073	0.0074	0.0074	0.0074	0.0074	0.0074	0.0579	0.0073	0.0074
