Map from character to field name
A:	Canada
B:	China
C:	Singapore
D:	South Korea
E:	Thailand
F:	Usa
G:	?


Substitution rate (mu): 26.187501

Equilibrium frequencies (pi_i):
  A: 0.1862
  B: 0.1724
  C: 0.1567
  D: 0.168
  E: 0.1566
  F: 0.1602

Symmetrized rates from j->i (W_ij):
	A	B	C	D	E	F
  A	0	0.5846	0.5916	0.5883	0.5916	2.7938
  B	0.5846	0	0.8686	1.2035	0.8754	5.6827
  C	0.5916	0.8686	0	0.5901	0.5934	0.5809
  D	0.5883	1.2035	0.5901	0	0.5901	1.1675
  E	0.5916	0.8754	0.5934	0.5901	0	0.581
  F	2.7938	5.6827	0.5809	1.1675	0.581	0

Actual rates from j->i (Q_ij):
	A	B	C	D	E	F
  A	0	0.1088	0.1102	0.1095	0.1102	0.5202
  B	0.1008	0	0.1497	0.2075	0.1509	0.9796
  C	0.0927	0.1361	0	0.0925	0.093	0.091
  D	0.0988	0.2022	0.0991	0	0.0991	0.1961
  E	0.0926	0.1371	0.0929	0.0924	0	0.091
  F	0.4475	0.9102	0.093	0.187	0.0931	0
