Map from character to field name
A:	Algeria
B:	Argentina
C:	Australia
D:	Austria
E:	Bangladesh
F:	Belgium
G:	Brazil
H:	Cambodia
I:	Canada
J:	Chad
K:	Chile
L:	China
M:	Czech Republic
N:	Denmark
O:	Egypt
P:	France
Q:	Georgia
R:	Germany
S:	Guam
T:	Guatemala
U:	Hong Kong
V:	Hungary
W:	Iceland
X:	India
Y:	Indonesia
Z:	Iran
[:	Ireland
\:	Italy
]:	Japan
^:	Kazakhstan
_:	Kuwait
`:	Laos
a:	Luxembourg
b:	Malaysia
c:	Mexico
d:	Mongolia
e:	Netherlands
f:	New Zealand
g:	Nicaragua
h:	Nigeria
i:	Norway
j:	Pakistan
k:	Peru
l:	Philippines
m:	Poland
n:	Romania
o:	Russia
p:	Saudi Arabia
q:	Singapore
r:	South Africa
s:	South Korea
t:	Spain
u:	Sri Lanka
v:	Sweden
w:	Switzerland
x:	Taiwan
y:	Thailand
z:	Turkey
{:	Ukraine
|:	United Arab Emirates
}:	United Kingdom
~:	Uruguay
:	Usa
:	Vietnam
:	Zambia
:	?


Substitution rate (mu): 16.724296

Equilibrium frequencies (pi_i):
  A: 0.0184
  B: 0.0157
  C: 0.0083
  D: 0.0186
  E: 0.0204
  F: 0.0183
  G: 0.0083
  H: 0.0181
  I: 0.0019
  J: 0.0193
  K: 0.0118
  L: 0.0057
  M: 0.0191
  N: 0.0171
  O: 0.0195
  P: 0.014
  Q: 0.019
  R: 0.0124
  S: 0.0172
  T: 0.0073
  U: 0.0074
  V: 0.0192
  W: 0.0187
  X: 0.0192
  Y: 0.0188
  Z: 0.0194
  [: 0.018
  \: 0.0183
  ]: 0.0077
  ^: 0.0163
  _: 0.0192
  `: 0.0194
  a: 0.0193
  b: 0.0148
  c: 0.011
  d: 0.0112
  e: 0.0045
  f: 0.0169
  g: 0.0184
  h: 0.0194
  i: 0.0194
  j: 0.0176
  k: 0.0162
  l: 0.0191
  m: 0.0194
  n: 0.0195
  o: 0.0114
  p: 0.0132
  q: 0.0149
  r: 0.0145
  s: 0.0073
  t: 0.0191
  u: 0.0192
  v: 0.0128
  w: 0.0165
  x: 0.0142
  y: 0.0169
  z: 0.0194
  {: 0.0178
  |: 0.0194
  }: 0.0096
  ~: 0.0176
  : 0.0054
  : 0.0127
  : 0.0193

Symmetrized rates from j->i (W_ij):
	A	B	C	D	E	F	G	H	I	J	K	L	M	N	O	P	Q	R	S	T	U	V	W	X	Y	Z	[	\	]	^	_	`	a	b	c	d	e	f	g	h	i	j	k	l	m	n	o	p	q	r	s	t	u	v	w	x	y	z	{	|	}	~			
  A	0	0.9681	0.9651	0.9682	0.9673	0.9668	0.9655	0.968	0.9343	0.9683	0.9687	0.9412	0.9683	0.9681	0.9682	0.9677	0.9682	0.9581	0.9683	0.9677	0.961	0.968	0.9683	0.9681	0.9653	0.9681	0.9683	0.9631	1.2531	0.9682	0.9682	0.9683	0.9682	0.9682	0.9638	0.9627	0.9576	0.9684	0.9683	0.9682	0.9683	0.9682	0.9682	0.9682	0.9681	0.9682	0.9637	0.9684	0.9683	0.9684	0.9608	0.9644	0.9682	0.9683	0.9687	0.9678	0.9607	0.9682	0.9683	0.9682	0.9657	0.9684	1.0914	0.9582	0.9678
  B	0.9681	0	0.9648	0.9678	0.9671	0.9666	0.9653	0.9677	0.9377	0.9679	1.1053	0.9425	0.9679	0.9678	0.9678	0.9673	0.9678	0.9592	0.9679	0.9672	0.9608	0.9677	0.9679	0.9677	0.9654	0.9677	0.9679	0.9635	0.9643	0.9678	0.9678	0.9678	0.9678	0.9678	0.964	0.9631	0.958	0.968	0.9679	0.9678	0.9679	0.9678	0.9678	0.9678	0.9677	0.9678	0.963	0.9679	0.9679	0.9679	0.9605	0.9646	0.9678	0.9679	0.9679	0.9668	0.9614	0.9678	0.968	0.9678	0.9655	0.9679	1.7802	0.959	0.9675
  C	0.9651	0.9648	0	0.9643	0.9635	0.9642	1.6283	0.9644	0.9534	1.0089	1.1404	2.156	0.9642	0.9651	0.964	1.1188	0.9642	0.9621	0.9645	1.0409	1.364	1.4003	0.9646	1.3177	0.963	0.9639	0.9643	1.116	1.7972	0.9652	0.9651	0.964	0.964	1.1791	1.1299	0.9653	3.5098	1.1621	1.292	0.964	0.9641	0.9644	1.2667	0.964	0.9639	0.9639	1.1934	0.9655	1.7246	0.9655	1.6349	0.9623	0.9641	0.9656	0.9648	0.9946	1.0575	0.9639	0.9647	0.9639	0.9658	0.9647	6.4628	1.09	1.1974
  D	0.9682	0.9678	0.9643	0	0.9672	0.9668	0.9647	0.9679	0.9319	0.9682	0.9681	1.1856	0.9681	0.9686	0.9681	0.9673	0.968	3.3943	0.9681	0.9671	0.9602	0.9681	0.9681	0.9679	0.9652	0.968	0.9681	1.4221	0.9636	0.968	0.9681	0.968	0.9681	0.968	0.9633	0.9625	0.9563	0.9684	0.9681	0.9681	0.9682	0.968	0.968	0.9681	0.9682	0.9681	0.9622	0.968	0.9681	0.9681	0.9592	0.9643	0.9681	0.968	0.9683	0.9668	0.9603	0.9681	0.9681	0.9681	0.9657	0.9681	0.8932	0.9579	0.9677
  E	0.9673	0.9671	0.9635	0.9672	0	0.9658	0.964	0.967	0.9285	0.9672	0.9675	0.9357	0.9673	0.9671	1.2663	0.9666	0.9673	0.9562	0.9673	0.9667	0.9585	0.967	0.9672	0.9671	0.964	0.9671	0.9672	0.9616	0.9692	0.9825	0.9672	0.9671	0.9672	0.9673	0.9623	3.7888	0.9614	0.9675	0.9672	0.9671	0.9672	0.9671	0.9672	0.9672	0.967	0.9671	3.583	0.9674	0.9674	0.9674	0.958	0.9629	0.9672	0.9674	0.9673	0.9663	0.9591	0.9672	0.9673	0.9672	0.9642	0.9673	0.8862	0.9694	0.9667
  F	0.9668	0.9666	0.9642	0.9668	0.9658	0	0.9643	0.9665	0.9328	0.9667	1.1216	0.9394	0.9688	1.0138	0.9666	1.4468	1.4403	3.7585	0.9667	0.9666	1.0348	1.4781	0.9669	0.9664	0.9637	0.9664	0.9667	1.445	0.9637	0.9667	0.9667	0.9665	0.9665	0.9674	0.9626	0.9618	3.9862	0.9671	0.9667	0.9665	0.9669	0.9666	0.9668	0.9666	0.9664	0.9665	2.6613	0.967	0.967	0.9673	0.959	0.9696	0.9666	0.9671	0.9668	0.9661	1.1887	0.9665	0.9669	0.9665	0.9647	0.9667	1.0508	0.9576	0.9667
  G	0.9655	0.9653	1.6283	0.9647	0.964	0.9643	0	0.9648	0.9534	0.9659	1.0392	1.3368	0.9647	0.9651	0.9646	0.9657	0.9647	0.9615	0.965	1.4505	1.0028	0.9646	0.9649	0.9646	0.9634	0.9645	0.9649	0.9672	0.9661	1.0189	0.9646	0.9646	0.9646	0.9656	0.9645	0.9637	0.9632	0.9656	1.2557	0.9646	0.9646	0.9649	0.9654	0.9646	0.9645	0.9646	0.9639	0.9659	1.4479	0.9657	0.9766	0.9629	0.9646	0.966	0.9656	0.9654	0.9623	0.9646	0.9653	1.4456	1.0809	1.2616	7.1508	0.9614	0.9714
  H	0.968	0.9677	0.9644	0.9679	0.967	0.9665	0.9648	0	0.933	0.9679	0.968	1.807	0.9679	0.9679	0.9679	0.9672	0.9678	0.958	0.9679	0.9671	0.96	0.9677	0.9679	0.9677	0.9651	0.9678	0.9679	0.9629	0.97	0.9678	0.9679	0.9678	0.9679	0.9679	0.9633	0.989	0.9567	0.9683	0.9679	0.9679	0.9679	0.9678	0.9678	0.9679	0.9678	0.9679	0.9934	0.9679	0.9679	0.9679	0.9594	0.9641	0.9679	0.9678	0.9679	0.9735	0.9604	0.9679	0.9679	0.9679	0.9649	0.9679	0.8969	2.3965	0.9675
  I	0.9343	0.9377	0.9534	0.9319	0.9285	0.9328	0.9534	0.933	0	0.9307	1.0032	0.9722	0.9311	0.9349	0.9303	0.99	0.9312	0.9434	0.9346	0.9547	0.9546	0.9309	0.9323	0.9308	0.9313	0.9305	0.9332	0.9323	1.4465	0.9366	0.9309	0.9305	0.9306	0.9396	3.9673	0.9456	0.9719	0.9352	0.9324	0.9305	0.9304	0.9339	1.0474	0.931	0.9305	0.9302	0.9483	0.9424	0.9392	0.9404	1.8262	0.9307	0.9309	0.9435	0.9363	0.9409	0.9357	0.9304	0.9351	0.9304	0.9512	0.9344	59.4325	1.404	0.9309
  J	0.9683	0.9679	1.0089	0.9682	0.9672	0.9667	0.9659	0.9679	0.9307	0	1.0483	0.9369	0.9682	0.968	0.9682	0.9673	0.9681	0.9575	0.9682	0.9671	0.9593	0.968	0.9682	0.968	0.9651	0.968	0.9682	1.3462	0.9634	0.968	0.9682	0.9681	0.9681	0.9681	0.9632	0.9622	0.956	0.9684	0.9682	0.9682	0.9682	0.9681	0.9681	0.9681	0.9681	0.9682	0.962	0.9681	0.9682	0.9682	0.9588	0.9641	0.9682	0.968	0.9682	0.9667	0.9601	0.9682	0.9682	0.9682	0.9649	0.9682	0.8983	0.9571	1.0206
  K	0.9687	1.1053	1.1404	0.9681	0.9675	1.1216	1.0392	0.968	1.0032	1.0483	0	0.9587	0.9681	0.9686	0.968	0.9696	0.9681	0.9631	0.9685	0.9718	1.0034	0.968	0.9683	0.968	0.9662	0.9679	0.9684	1.4831	0.9696	0.9686	0.968	0.968	0.968	0.9694	0.968	0.9651	1.1957	0.9688	0.9683	1.4514	0.968	0.9684	0.9689	0.968	0.968	0.968	0.9667	0.9696	0.9693	0.9695	0.9729	0.9656	0.968	0.9698	0.9692	0.9687	1.1666	0.968	0.9687	0.9681	1.2254	0.9687	3.7121	0.9621	1.1889
  L	0.9412	0.9425	2.156	1.1856	0.9357	0.9394	1.3368	1.807	0.9722	0.9369	0.9587	0	0.9373	0.9448	0.9365	0.9463	0.9374	0.9464	0.9401	0.9574	10.2813	0.9377	0.9385	0.9918	1.4028	0.9367	0.9389	1.1819	5.0417	2.4167	0.937	0.9367	0.9367	0.9451	0.9502	9.4786	1.5403	1.2446	1.2087	0.9366	0.9366	0.9405	0.9421	0.9371	0.9368	0.9365	4.3206	0.9465	1.8913	0.9446	8.1508	0.936	0.937	0.9479	0.9415	4.1118	1.4101	0.9366	0.9404	0.9366	1.4322	0.9399	16.4291	8.1266	0.9371
  M	0.9683	0.9679	0.9642	0.9681	0.9673	0.9688	0.9647	0.9679	0.9311	0.9682	0.9681	0.9373	0	0.9682	0.9682	0.9673	1.2572	0.9619	0.9681	0.9671	0.9598	0.968	0.9682	0.968	0.9651	0.968	0.9682	0.9632	0.9635	0.968	0.9682	0.9681	0.9681	0.9682	0.9632	0.9622	2.218	0.9684	0.9682	0.9681	1.1221	0.9681	0.9681	0.9682	0.968	0.9681	0.982	0.9681	0.9681	0.9683	0.959	0.9642	0.9681	0.968	0.9681	0.9668	0.9603	0.9681	0.9683	0.9681	0.965	0.9681	0.8916	0.9574	0.9679
  N	0.9681	0.9678	0.9651	0.9686	0.9671	1.0138	0.9651	0.9679	0.9349	0.968	0.9686	0.9448	0.9682	0	0.968	0.9677	0.9682	1.5085	0.968	0.9672	1.1368	0.9683	0.968	0.9678	0.9653	0.9678	0.968	0.9652	0.9648	0.9679	0.968	0.9679	0.9679	0.969	0.9636	0.9628	1.1535	0.9684	0.968	0.9679	0.968	0.9679	0.9679	0.968	0.9678	0.9679	0.9641	0.968	0.968	0.968	0.96	0.9659	0.968	0.968	0.968	0.967	0.9611	0.9679	0.9681	0.9679	0.9656	0.968	1.3477	1.2515	0.9677
  O	0.9682	0.9678	0.964	0.9681	1.2663	0.9666	0.9646	0.9679	0.9303	0.9682	0.968	0.9365	0.9682	0.968	0	0.9673	0.9681	0.9572	0.9681	0.9671	0.9592	0.9679	0.9681	0.9679	0.965	0.968	0.9681	0.9627	0.9634	0.968	0.9681	0.968	0.9681	0.968	0.9631	0.9637	0.963	0.9683	0.9681	0.9681	0.9682	0.968	0.968	0.9681	0.968	0.9681	1.7368	0.968	0.9681	0.9681	0.9587	0.964	0.9681	0.968	0.9681	0.9668	0.9599	0.9681	0.9681	0.9681	0.9648	0.9681	0.8895	0.9571	0.9677
  P	0.9677	0.9673	1.1188	0.9673	0.9666	1.4468	0.9657	0.9672	0.99	0.9673	0.9696	0.9463	0.9673	0.9677	0.9673	0	0.9673	2.4049	0.9674	0.9672	0.962	0.9673	0.9674	0.9672	0.9651	0.9672	0.9674	0.9638	0.9663	0.9674	0.9673	0.9672	0.9673	0.9675	0.9643	0.9633	1.0654	0.9676	0.9674	0.9673	0.9673	0.9673	0.9674	0.9673	0.9672	1.4509	0.9635	0.9676	0.9675	0.9676	0.9625	0.9644	0.9673	0.9676	1.2344	0.9666	0.962	0.9675	0.968	0.9673	2.9007	0.9675	2.8156	0.9597	0.967
  Q	0.9682	0.9678	0.9642	0.968	0.9673	1.4403	0.9647	0.9678	0.9312	0.9681	0.9681	0.9374	1.2572	0.9682	0.9681	0.9673	0	0.9612	0.9681	0.9671	0.9599	0.968	0.9682	0.9679	0.9651	0.9679	0.9681	0.9631	0.9636	0.968	0.9681	0.968	0.968	0.9682	0.9632	0.9623	1.855	0.9683	0.9681	0.968	1.3002	0.968	0.968	0.9681	0.9679	0.968	1.789	0.968	0.9681	0.9682	0.959	0.9641	0.9681	0.968	0.9681	0.9668	0.9602	0.968	0.9682	0.9681	0.965	0.9681	0.892	0.9574	0.9678
  R	0.9581	0.9592	0.9621	3.3943	0.9562	3.7585	0.9615	0.958	0.9434	0.9575	0.9631	0.9464	0.9619	1.5085	0.9572	2.4049	0.9612	0	0.9585	0.9634	1.0567	2.0196	0.9582	0.9572	0.9557	0.9572	0.9581	3.3599	0.9615	0.959	0.9575	0.9572	0.9573	0.9604	0.9589	0.9581	6.128	0.9589	0.9578	0.9572	0.9589	0.961	0.959	0.9574	0.9572	0.9572	0.9852	0.9607	0.9598	0.9604	0.9584	6.5555	0.9574	0.9729	0.959	0.9596	0.9542	0.9572	0.9586	0.9572	1.4419	0.9583	2.235	1.0905	0.9578
  S	0.9683	0.9679	0.9645	0.9681	0.9673	0.9667	0.965	0.9679	0.9346	0.9682	0.9685	0.9401	0.9681	0.968	0.9681	0.9674	0.9681	0.9585	0	0.9672	0.9602	0.9679	0.9681	0.9679	0.9654	0.968	0.9681	0.9633	0.964	0.968	0.9681	0.9681	0.9681	0.968	0.9637	0.9628	0.957	0.9683	0.9681	0.9681	0.9682	0.968	0.968	0.9681	0.968	0.9681	0.9626	0.9681	0.9681	0.9681	0.9598	0.9645	0.9681	0.968	0.9681	0.9668	0.9609	0.9681	0.9682	0.9681	0.9652	0.9681	1.3463	0.9583	0.9677
  T	0.9677	0.9672	1.0409	0.9671	0.9667	0.9666	1.4505	0.9671	0.9547	0.9671	0.9718	0.9574	0.9671	0.9672	0.9671	0.9672	0.9671	0.9634	0.9672	0	0.9645	0.9673	0.9673	0.967	0.966	0.967	0.9672	0.9652	0.9666	0.9672	0.9671	0.9671	0.9671	0.9673	1.0666	0.9653	0.9636	0.9673	0.968	0.9671	0.9671	0.9671	1.1991	0.9671	0.967	0.9671	0.9653	0.9674	1.1139	0.9674	0.9645	0.9656	0.9671	0.9675	0.9673	0.9669	0.9646	0.9671	0.9675	0.9671	0.9668	0.9674	7.6061	0.9633	0.967
  U	0.961	0.9608	1.364	0.9602	0.9585	1.0348	1.0028	0.96	0.9546	0.9593	1.0034	10.2813	0.9598	1.1368	0.9592	0.962	0.9599	1.0567	0.9602	0.9645	0	0.9597	0.9603	0.9593	0.9587	0.9592	0.9599	1.4399	3.5864	0.9608	0.9595	0.9592	0.9592	2.6879	0.9614	0.961	6.1301	1.3853	0.9599	0.9592	0.9593	0.96	0.9608	0.9594	0.9591	0.9591	1.0481	0.962	0.9615	0.9618	1.0092	0.9589	0.9705	0.9624	0.9606	1.332	0.9583	0.9592	0.9605	0.9592	1.453	0.9602	5.4697	2.4267	0.9597
  V	0.968	0.9677	1.4003	0.9681	0.967	1.4781	0.9646	0.9677	0.9309	0.968	0.968	0.9377	0.968	0.9683	0.9679	0.9673	0.968	2.0196	0.9679	0.9673	0.9597	0	0.968	0.9677	0.9649	0.9678	0.9679	0.9629	0.9634	0.9678	0.9679	0.9679	0.9679	0.9679	0.9635	0.9621	1.4255	0.9683	0.9683	0.9679	0.968	0.9678	0.9745	0.9679	0.9678	0.9679	0.9713	0.9679	0.9817	0.968	0.959	0.9643	0.9679	0.9679	0.9679	0.9666	0.96	0.9679	0.968	0.9679	0.9648	0.9679	0.9295	0.9572	0.9676
  W	0.9683	0.9679	0.9646	0.9681	0.9672	0.9669	0.9649	0.9679	0.9323	0.9682	0.9683	0.9385	0.9682	0.968	0.9681	0.9674	0.9682	0.9582	0.9681	0.9673	0.9603	0.968	0	0.9679	0.9652	0.968	0.9681	0.9632	0.9648	0.9681	0.9681	0.9681	0.9681	0.9682	0.9634	0.9624	1.3468	0.9683	0.9681	0.9681	0.9682	0.968	0.9681	0.9681	0.968	0.9681	0.9629	0.9681	0.9681	0.9682	0.9593	0.9642	0.9681	0.9681	0.9681	0.9668	0.9604	0.9681	0.9683	0.9681	0.9654	0.9681	0.9838	0.9576	0.9678
  X	0.9681	0.9677	1.3177	0.9679	0.9671	0.9664	0.9646	0.9677	0.9308	0.968	0.968	0.9918	0.968	0.9678	0.9679	0.9672	0.9679	0.9572	0.9679	0.967	0.9593	0.9677	0.9679	0	0.9649	0.9678	0.9679	0.9626	0.9634	0.9679	0.9679	0.9679	0.9679	0.9679	0.9631	1.9246	0.9557	0.9683	0.968	0.9679	0.968	0.9678	0.9679	0.9679	0.9678	0.9679	1.443	0.9679	0.968	0.968	0.9588	0.9639	0.9679	0.9679	0.9679	0.9666	0.9599	0.9679	0.968	0.9679	0.9647	0.9679	0.9653	0.9575	0.9675
  Y	0.9653	0.9654	0.963	0.9652	0.964	0.9637	0.9634	0.9651	0.9313	0.9651	0.9662	1.4028	0.9651	0.9653	0.965	0.9651	0.9651	0.9557	0.9654	0.966	0.9587	0.9649	0.9652	0.9649	0	0.9649	0.9653	0.96	0.9624	0.9655	0.9651	0.965	0.965	0.9657	0.9616	0.9609	0.9553	0.9658	0.9653	0.965	0.9651	0.9652	0.9655	0.9651	0.9649	0.965	0.9604	0.966	0.9658	0.9658	0.9581	0.9612	0.9651	0.966	0.9655	0.9646	0.9576	0.965	0.9653	0.965	0.9634	0.9653	0.8917	0.9558	0.9647
  Z	0.9681	0.9677	0.9639	0.968	0.9671	0.9664	0.9645	0.9678	0.9305	0.968	0.9679	0.9367	0.968	0.9678	0.968	0.9672	0.9679	0.9572	0.968	0.967	0.9592	0.9678	0.968	0.9678	0.9649	0	0.968	0.9626	0.9633	0.9679	0.968	0.9679	0.9679	0.9679	0.9631	0.9621	0.9556	0.9682	0.968	0.968	0.968	0.9679	0.9679	0.9679	0.9678	0.968	1.4427	0.968	0.968	0.968	0.9587	0.9639	0.968	0.9679	0.968	0.9666	0.9599	0.968	0.968	0.968	0.9647	0.968	0.89	0.957	0.9675
  [	0.9683	0.9679	0.9643	0.9681	0.9672	0.9667	0.9649	0.9679	0.9332	0.9682	0.9684	0.9389	0.9682	0.968	0.9681	0.9674	0.9681	0.9581	0.9681	0.9672	0.9599	0.9679	0.9681	0.9679	0.9653	0.968	0	0.9631	0.9638	0.968	0.9681	0.9681	0.9681	0.968	0.9635	0.9625	0.9566	0.9683	0.9681	0.9681	0.9682	0.968	0.968	0.9681	0.968	0.9681	0.9624	0.9681	0.9681	0.9681	0.9595	0.9644	0.9681	1.196	0.9681	0.9668	0.9606	0.9681	0.9682	0.9681	1.0047	0.9681	1.1755	0.9578	0.9677
  \	0.9631	0.9635	1.116	1.4221	0.9616	1.445	0.9672	0.9629	0.9323	1.3462	1.4831	1.1819	0.9632	0.9652	0.9627	0.9638	0.9631	3.3599	0.9633	0.9652	1.4399	0.9629	0.9632	0.9626	0.96	0.9626	0.9631	0	0.963	0.9635	0.9629	0.9627	0.9627	0.9643	0.9604	0.9595	4.3033	0.9639	0.9631	0.9627	0.963	0.9631	0.9636	0.9628	1.443	0.9627	0.9596	0.9644	0.9641	0.9646	0.9577	0.9593	0.9628	0.9646	1.757	0.9632	0.9562	0.9627	0.9635	0.9627	1.685	0.9632	1.0046	0.9548	1.1444
  ]	1.2531	0.9643	1.7972	0.9636	0.9692	0.9637	0.9661	0.97	1.4465	0.9634	0.9696	5.0417	0.9635	0.9648	0.9634	0.9663	0.9636	0.9615	0.964	0.9666	3.5864	0.9634	0.9648	0.9634	0.9624	0.9633	0.9638	0.963	0	0.9676	0.9634	1.4454	0.9634	0.9651	0.9642	1.1183	1.7698	0.9654	0.9637	0.9633	0.9634	0.9639	0.9644	0.9634	0.9633	0.9633	3.765	0.9651	0.9649	0.9649	2.5219	0.9618	0.9634	0.9654	0.9649	3.5971	0.9615	0.9633	0.9663	0.9633	1.45	0.9643	6.2655	3.618	0.9634
  ^	0.9682	0.9678	0.9652	0.968	0.9825	0.9667	1.0189	0.9678	0.9366	0.968	0.9686	2.4167	0.968	0.9679	0.968	0.9674	0.968	0.959	0.968	0.9672	0.9608	0.9678	0.9681	0.9679	0.9655	0.9679	0.968	0.9635	0.9676	0	0.968	0.9679	0.968	0.9679	0.9639	1.5964	1.0633	0.9687	0.9681	0.968	0.968	0.9679	0.9679	0.9679	0.9679	0.968	1.2509	0.968	0.968	0.968	0.9604	0.9646	0.968	0.968	0.968	0.967	0.9613	0.968	0.9682	0.968	1.4234	0.968	1.3029	0.9589	0.9676
  _	0.9682	0.9678	0.9651	0.9681	0.9672	0.9667	0.9646	0.9679	0.9309	0.9682	0.968	0.937	0.9682	0.968	0.9681	0.9673	0.9681	0.9575	0.9681	0.9671	0.9595	0.9679	0.9681	0.9679	0.9651	0.968	0.9681	0.9629	0.9634	0.968	0	0.9681	0.9681	1.054	0.9632	0.9622	1.3693	0.9683	0.9681	0.9681	0.9682	0.968	0.968	0.9681	0.968	0.9681	0.9621	0.968	0.9681	0.9682	0.9589	0.9641	0.9681	0.968	0.9681	0.9667	0.9601	0.9681	0.9682	0.9681	0.9649	0.9681	0.8918	0.9573	0.9677
  `	0.9683	0.9678	0.964	0.968	0.9671	0.9665	0.9646	0.9678	0.9305	0.9681	0.968	0.9367	0.9681	0.9679	0.968	0.9672	0.968	0.9572	0.9681	0.9671	0.9592	0.9679	0.9681	0.9679	0.965	0.9679	0.9681	0.9627	1.4454	0.9679	0.9681	0	0.968	0.9679	0.9631	0.9621	0.9555	0.9682	0.9681	0.968	0.9681	0.968	0.968	0.968	0.9679	0.968	0.9619	0.968	0.968	0.9681	0.9587	0.964	0.9681	0.9679	0.9681	0.9667	0.9599	0.968	0.9681	0.9681	0.9648	0.9681	0.89	0.9571	0.9676
  a	0.9682	0.9678	0.964	0.9681	0.9672	0.9665	0.9646	0.9679	0.9306	0.9681	0.968	0.9367	0.9681	0.9679	0.9681	0.9673	0.968	0.9573	0.9681	0.9671	0.9592	0.9679	0.9681	0.9679	0.965	0.9679	0.9681	0.9627	0.9634	0.968	0.9681	0.968	0	0.968	0.9631	0.9621	0.9556	0.9683	0.9681	0.9681	0.9681	0.968	0.968	0.9681	0.9679	0.9681	1.4429	0.968	0.9681	0.9681	0.9588	0.9641	0.9681	0.968	0.9681	0.9667	0.96	0.9681	0.9681	0.9681	0.9648	0.9681	0.89	0.9571	0.9676
  b	0.9682	0.9678	1.1791	0.968	0.9673	0.9674	0.9656	0.9679	0.9396	0.9681	0.9694	0.9451	0.9682	0.969	0.968	0.9675	0.9682	0.9604	0.968	0.9673	2.6879	0.9679	0.9682	0.9679	0.9657	0.9679	0.968	0.9643	0.9651	0.9679	1.054	0.9679	0.968	0	0.965	0.9635	2.6703	1.1922	0.968	0.968	0.9681	0.9679	0.968	0.968	0.9679	0.968	0.9639	0.968	0.9681	0.9692	0.9612	0.9649	0.9681	0.968	0.968	0.9673	0.9621	0.968	0.9682	0.968	0.9658	0.9681	2.1733	1.2473	0.968
  c	0.9638	0.964	1.1299	0.9633	0.9623	0.9626	0.9645	0.9633	3.9673	0.9632	0.968	0.9502	0.9632	0.9636	0.9631	0.9643	0.9632	0.9589	0.9637	1.0666	0.9614	0.9635	0.9634	0.9631	0.9616	0.9631	0.9635	0.9604	0.9642	0.9639	0.9632	0.9631	0.9631	0.965	0	0.9619	0.9605	0.9639	0.9637	0.9631	0.9631	0.9635	1.0596	0.9632	0.963	0.9631	0.9619	0.9647	1.1255	0.9645	1.0093	0.9609	0.9632	0.9649	0.9639	0.9638	0.9595	0.9631	0.9638	0.9631	0.9642	0.9637	3.3417	0.9587	0.963
  d	0.9627	0.9631	0.9653	0.9625	3.7888	0.9618	0.9637	0.989	0.9456	0.9622	0.9651	9.4786	0.9622	0.9628	0.9637	0.9633	0.9623	0.9581	0.9628	0.9653	0.961	0.9621	0.9624	1.9246	0.9609	0.9621	0.9625	0.9595	1.1183	1.5964	0.9622	0.9621	0.9621	0.9635	0.9619	0	1.0317	0.9647	0.9625	0.9621	0.9621	0.9626	0.963	0.9622	0.962	0.9621	6.9806	0.964	0.9636	0.9636	1.5033	0.9599	0.9622	0.9641	0.963	0.9852	1.9163	0.9621	0.9627	0.9621	0.9633	0.9627	0.9322	2.5757	0.9619
  e	0.9576	0.958	3.5098	0.9563	0.9614	3.9862	0.9632	0.9567	0.9719	0.956	1.1957	1.5403	2.218	1.1535	0.963	1.0654	1.855	6.128	0.957	0.9636	6.1301	1.4255	1.3468	0.9557	0.9553	0.9556	0.9566	4.3033	1.7698	1.0633	1.3693	0.9555	0.9556	2.6703	0.9605	1.0317	0	1.6174	0.9695	0.9555	1.0618	1.0598	0.9845	1.4335	0.9555	0.9555	7.369	0.9597	1.1966	1.1717	1.1402	0.9564	0.9969	1.5195	0.9577	1.0788	1.9139	0.9555	1.5344	0.9555	2.4578	0.957	17.458	2.3945	1.3949
  f	0.9684	0.968	1.1621	0.9684	0.9675	0.9671	0.9656	0.9683	0.9352	0.9684	0.9688	1.2446	0.9684	0.9684	0.9683	0.9676	0.9683	0.9589	0.9683	0.9673	1.3853	0.9683	0.9683	0.9683	0.9658	0.9682	0.9683	0.9639	0.9654	0.9687	0.9683	0.9682	0.9683	1.1922	0.9639	0.9647	1.6174	0	0.9686	0.9683	0.9684	0.9682	0.9683	0.9683	0.9682	0.9683	0.9638	0.9682	0.9691	0.9683	0.9622	0.9648	0.9684	0.9682	0.9683	0.9678	0.9616	0.9683	0.9684	0.9683	0.9655	0.9683	1.3554	1.226	0.9681
  g	0.9683	0.9679	1.292	0.9681	0.9672	0.9667	1.2557	0.9679	0.9324	0.9682	0.9683	1.2087	0.9682	0.968	0.9681	0.9674	0.9681	0.9578	0.9681	0.968	0.9599	0.9683	0.9681	0.968	0.9653	0.968	0.9681	0.9631	0.9637	0.9681	0.9681	0.9681	0.9681	0.968	0.9637	0.9625	0.9695	0.9686	0	0.9681	0.9682	0.968	1.0147	0.9681	0.968	0.9681	0.9623	0.9681	0.9712	0.9681	0.9594	0.9643	0.9681	0.968	0.9681	0.9668	0.9605	0.9681	0.9682	0.9681	0.965	0.9682	1.0196	0.9578	0.9678
  h	0.9682	0.9678	0.964	0.9681	0.9671	0.9665	0.9646	0.9679	0.9305	0.9682	1.4514	0.9366	0.9681	0.9679	0.9681	0.9673	0.968	0.9572	0.9681	0.9671	0.9592	0.9679	0.9681	0.9679	0.965	0.968	0.9681	0.9627	0.9633	0.968	0.9681	0.968	0.9681	0.968	0.9631	0.9621	0.9555	0.9683	0.9681	0	0.9682	0.968	0.968	0.9681	0.968	0.9681	0.9619	0.968	0.9681	0.9681	0.9587	0.964	0.9681	0.968	0.9681	0.9666	0.96	0.9681	0.9681	0.9681	0.9648	0.9681	0.8904	0.957	0.9677
  i	0.9683	0.9679	0.9641	0.9682	0.9672	0.9669	0.9646	0.9679	0.9304	0.9682	0.968	0.9366	1.1221	0.968	0.9682	0.9673	1.3002	0.9589	0.9682	0.9671	0.9593	0.968	0.9682	0.968	0.9651	0.968	0.9682	0.963	0.9634	0.968	0.9682	0.9681	0.9681	0.9681	0.9631	0.9621	1.0618	0.9684	0.9682	0.9682	0	0.9681	0.9681	0.9682	0.968	0.9682	0.9635	0.9681	0.9681	0.9682	0.9587	0.9641	0.9682	0.968	0.9682	0.9667	0.9601	0.9682	0.9682	0.9682	0.9649	0.9682	0.8898	0.9571	0.9678
  j	0.9682	0.9678	0.9644	0.968	0.9671	0.9666	0.9649	0.9678	0.9339	0.9681	0.9684	0.9405	0.9681	0.9679	0.968	0.9673	0.968	0.961	0.968	0.9671	0.96	0.9678	0.968	0.9678	0.9652	0.9679	0.968	0.9631	0.9639	0.9679	0.968	0.968	0.968	0.9679	0.9635	0.9626	1.0598	0.9682	0.968	0.968	0.9681	0	0.9679	0.968	0.9679	0.968	0.9624	0.968	0.968	0.968	0.9596	0.9643	0.968	0.9698	0.968	0.9667	0.9607	0.968	0.9681	0.968	0.9651	0.968	1.2421	0.958	0.9676
  k	0.9682	0.9678	1.2667	0.968	0.9672	0.9668	0.9654	0.9678	1.0474	0.9681	0.9689	0.9421	0.9681	0.9679	0.968	0.9674	0.968	0.959	0.968	1.1991	0.9608	0.9745	0.9681	0.9679	0.9655	0.9679	0.968	0.9636	0.9644	0.9679	0.968	0.968	0.968	0.968	1.0596	0.963	0.9845	0.9683	1.0147	0.968	0.9681	0.9679	0	0.968	0.9679	0.968	0.963	0.968	1.0989	0.9681	0.9605	0.9646	0.968	0.968	0.9681	0.9669	0.9614	0.968	0.9681	0.968	0.9655	0.9681	1.6367	0.9588	0.9677
  l	0.9682	0.9678	0.964	0.9681	0.9672	0.9666	0.9646	0.9679	0.931	0.9681	0.968	0.9371	0.9682	0.968	0.9681	0.9673	0.9681	0.9574	0.9681	0.9671	0.9594	0.9679	0.9681	0.9679	0.9651	0.9679	0.9681	0.9628	0.9634	0.9679	0.9681	0.968	0.9681	0.968	0.9632	0.9622	1.4335	0.9683	0.9681	0.9681	0.9682	0.968	0.968	0	0.9679	0.9681	0.962	0.968	0.9681	0.9682	0.9589	0.9641	0.9681	0.968	0.9681	0.9667	0.9601	0.9681	0.9681	0.9681	0.9648	0.9681	0.8909	0.9572	0.9677
  m	0.9681	0.9677	0.9639	0.9682	0.967	0.9664	0.9645	0.9678	0.9305	0.9681	0.968	0.9368	0.968	0.9678	0.968	0.9672	0.9679	0.9572	0.968	0.967	0.9591	0.9678	0.968	0.9678	0.9649	0.9678	0.968	1.443	0.9633	0.9679	0.968	0.9679	0.9679	0.9679	0.963	0.962	0.9555	0.9682	0.968	0.968	0.968	0.9679	0.9679	0.9679	0	0.968	0.9618	0.968	0.968	0.968	0.9587	0.9639	0.968	0.9679	0.9685	0.9666	0.9599	0.968	0.968	0.968	0.965	0.968	0.8899	0.957	0.9676
  n	0.9682	0.9678	0.9639	0.9681	0.9671	0.9665	0.9646	0.9679	0.9302	0.9682	0.968	0.9365	0.9681	0.9679	0.9681	1.4509	0.968	0.9572	0.9681	0.9671	0.9591	0.9679	0.9681	0.9679	0.965	0.968	0.9681	0.9627	0.9633	0.968	0.9681	0.968	0.9681	0.968	0.9631	0.9621	0.9555	0.9683	0.9681	0.9681	0.9682	0.968	0.968	0.9681	0.968	0	0.9618	0.968	0.9681	0.9681	0.9587	0.964	0.9681	0.968	0.9681	0.9666	0.9599	0.9681	0.9681	0.9681	0.9648	0.9681	0.8894	0.957	0.9677
  o	0.9637	0.963	1.1934	0.9622	3.583	2.6613	0.9639	0.9934	0.9483	0.962	0.9667	4.3206	0.982	0.9641	1.7368	0.9635	1.789	0.9852	0.9626	0.9653	1.0481	0.9713	0.9629	1.443	0.9604	1.4427	0.9624	0.9596	3.765	1.2509	0.9621	0.9619	1.4429	0.9639	0.9619	6.9806	7.369	0.9638	0.9623	0.9619	0.9635	0.9624	0.963	0.962	0.9618	0.9618	0	0.9639	1.1049	0.9639	1.2649	0.9597	0.962	0.9641	0.9629	1.3641	0.9587	0.9619	0.9629	0.9619	0.9651	0.9626	3.0779	1.8432	0.9622
  p	0.9684	0.9679	0.9655	0.968	0.9674	0.967	0.9659	0.9679	0.9424	0.9681	0.9696	0.9465	0.9681	0.968	0.968	0.9676	0.968	0.9607	0.9681	0.9674	0.962	0.9679	0.9681	0.9679	0.966	0.968	0.9681	0.9644	0.9651	0.968	0.968	0.968	0.968	0.968	0.9647	0.964	0.9597	0.9682	0.9681	0.968	0.9681	0.968	0.968	0.968	0.968	0.968	0.9639	0	0.9681	0.9681	0.9618	0.9653	0.968	1.2469	0.9681	0.9671	0.9627	0.968	0.9682	0.968	0.966	0.9681	2.6295	0.9605	0.9678
  q	0.9683	0.9679	1.7246	0.9681	0.9674	0.967	1.4479	0.9679	0.9392	0.9682	0.9693	1.8913	0.9681	0.968	0.9681	0.9675	0.9681	0.9598	0.9681	1.1139	0.9615	0.9817	0.9681	0.968	0.9658	0.968	0.9681	0.9641	0.9649	0.968	0.9681	0.968	0.9681	0.9681	1.1255	0.9636	1.1966	0.9691	0.9712	0.9681	0.9681	0.968	1.0989	0.9681	0.968	0.9681	1.1049	0.9681	0	0.9681	1.0387	0.965	0.9681	0.968	0.9681	0.9672	0.962	0.9681	0.9682	0.9681	0.9657	0.9682	1.9468	0.9597	0.9679
  r	0.9684	0.9679	0.9655	0.9681	0.9674	0.9673	0.9657	0.9679	0.9404	0.9682	0.9695	0.9446	0.9683	0.968	0.9681	0.9676	0.9682	0.9604	0.9681	0.9674	0.9618	0.968	0.9682	0.968	0.9658	0.968	0.9681	0.9646	0.9649	0.968	0.9682	0.9681	0.9681	0.9692	0.9645	0.9636	1.1717	0.9683	0.9681	0.9681	0.9682	0.968	0.9681	0.9682	0.968	0.9681	0.9639	0.9681	0.9681	0	0.9612	0.9651	0.9681	0.9681	0.9681	0.9671	0.9623	0.9681	0.9683	0.9681	0.9659	0.9682	2.2697	0.96	1.5468
  s	0.9608	0.9605	1.6349	0.9592	0.958	0.959	0.9766	0.9594	1.8262	0.9588	0.9729	8.1508	0.959	0.96	0.9587	0.9625	0.959	0.9584	0.9598	0.9645	1.0092	0.959	0.9593	0.9588	0.9581	0.9587	0.9595	0.9577	2.5219	0.9604	0.9589	0.9587	0.9588	0.9612	1.0093	1.5033	1.1402	0.9622	0.9594	0.9587	0.9587	0.9596	0.9605	0.9589	0.9587	0.9587	1.2649	0.9618	1.0387	0.9612	0	0.9574	0.9588	0.9621	0.9602	1.6083	0.9576	0.9587	0.9599	0.9587	0.963	0.9598	7.9399	1.0392	0.9588
  t	0.9644	0.9646	0.9623	0.9643	0.9629	0.9696	0.9629	0.9641	0.9307	0.9641	0.9656	0.936	0.9642	0.9659	0.964	0.9644	0.9641	6.5555	0.9645	0.9656	0.9589	0.9643	0.9642	0.9639	0.9612	0.9639	0.9644	0.9593	0.9618	0.9646	0.9641	0.964	0.9641	0.9649	0.9609	0.9599	0.9564	0.9648	0.9643	0.964	0.9641	0.9643	0.9646	0.9641	0.9639	0.964	0.9597	0.9653	0.965	0.9651	0.9574	0	0.9641	0.9653	0.9647	0.9637	0.9566	0.964	0.9644	0.9641	0.9629	0.9644	0.8901	0.9552	0.9637
  u	0.9682	0.9678	0.9641	0.9681	0.9672	0.9666	0.9646	0.9679	0.9309	0.9682	0.968	0.937	0.9681	0.968	0.9681	0.9673	0.9681	0.9574	0.9681	0.9671	0.9705	0.9679	0.9681	0.9679	0.9651	0.968	0.9681	0.9628	0.9634	0.968	0.9681	0.9681	0.9681	0.9681	0.9632	0.9622	0.9969	0.9684	0.9681	0.9681	0.9682	0.968	0.968	0.9681	0.968	0.9681	0.962	0.968	0.9681	0.9681	0.9588	0.9641	0	0.968	0.9681	0.9667	0.9601	0.9681	0.9681	0.9681	0.9648	0.9681	0.8906	1.4004	0.9677
  v	0.9683	0.9679	0.9656	0.968	0.9674	0.9671	0.966	0.9678	0.9435	0.968	0.9698	0.9479	0.968	0.968	0.968	0.9676	0.968	0.9729	0.968	0.9675	0.9624	0.9679	0.9681	0.9679	0.966	0.9679	1.196	0.9646	0.9654	0.968	0.968	0.9679	0.968	0.968	0.9649	0.9641	1.5195	0.9682	0.968	0.968	0.968	0.9698	0.968	0.968	0.9679	0.968	0.9641	1.2469	0.968	0.9681	0.9621	0.9653	0.968	0	0.968	0.9672	0.9628	0.968	0.9682	0.968	1.0196	0.9681	2.9229	0.9607	0.9678
  w	0.9687	0.9679	0.9648	0.9683	0.9673	0.9668	0.9656	0.9679	0.9363	0.9682	0.9692	0.9415	0.9681	0.968	0.9681	1.2344	0.9681	0.959	0.9681	0.9673	0.9606	0.9679	0.9681	0.9679	0.9655	0.968	0.9681	1.757	0.9649	0.968	0.9681	0.9681	0.9681	0.968	0.9639	0.963	0.9577	0.9683	0.9681	0.9681	0.9682	0.968	0.9681	0.9681	0.9685	0.9681	0.9629	0.9681	0.9681	0.9681	0.9602	0.9647	0.9681	0.968	0	0.9669	0.9613	0.9681	0.9683	0.9681	1.3354	0.9691	1.6439	0.9587	0.9678
  x	0.9678	0.9668	0.9946	0.9668	0.9663	0.9661	0.9654	0.9735	0.9409	0.9667	0.9687	4.1118	0.9668	0.967	0.9668	0.9666	0.9668	0.9596	0.9668	0.9669	1.332	0.9666	0.9668	0.9666	0.9646	0.9666	0.9668	0.9632	3.5971	0.967	0.9667	0.9667	0.9667	0.9673	0.9638	0.9852	1.0788	0.9678	0.9668	0.9666	0.9667	0.9667	0.9669	0.9667	0.9666	0.9666	1.3641	0.9671	0.9672	0.9671	1.6083	0.9637	0.9667	0.9672	0.9669	0	0.9612	0.9666	0.967	0.9667	0.9654	0.9669	1.8443	1.1429	0.9664
  y	0.9607	0.9614	1.0575	0.9603	0.9591	1.1887	0.9623	0.9604	0.9357	0.9601	1.1666	1.4101	0.9603	0.9611	0.9599	0.962	0.9602	0.9542	0.9609	0.9646	0.9583	0.96	0.9604	0.9599	0.9576	0.9599	0.9606	0.9562	0.9615	0.9613	0.9601	0.9599	0.96	0.9621	0.9595	1.9163	1.9139	0.9616	0.9605	0.96	0.9601	0.9607	0.9614	0.9601	0.9599	0.9599	0.9587	0.9627	0.962	0.9623	0.9576	0.9566	0.9601	0.9628	0.9613	0.9612	0	0.96	0.9609	0.96	1.4402	0.9608	1.5308	0.9534	0.9599
  z	0.9682	0.9678	0.9639	0.9681	0.9672	0.9665	0.9646	0.9679	0.9304	0.9682	0.968	0.9366	0.9681	0.9679	0.9681	0.9675	0.968	0.9572	0.9681	0.9671	0.9592	0.9679	0.9681	0.9679	0.965	0.968	0.9681	0.9627	0.9633	0.968	0.9681	0.968	0.9681	0.968	0.9631	0.9621	0.9555	0.9683	0.9681	0.9681	0.9682	0.968	0.968	0.9681	0.968	0.9681	0.9619	0.968	0.9681	0.9681	0.9587	0.964	0.9681	0.968	0.9681	0.9666	0.96	0	0.9682	0.9681	1.4473	0.9681	0.8897	0.957	0.9677
  {	0.9683	0.968	0.9647	0.9681	0.9673	0.9669	0.9653	0.9679	0.9351	0.9682	0.9687	0.9404	0.9683	0.9681	0.9681	0.968	0.9682	0.9586	0.9682	0.9675	0.9605	0.968	0.9683	0.968	0.9653	0.968	0.9682	0.9635	0.9663	0.9682	0.9682	0.9681	0.9681	0.9682	0.9638	0.9627	1.5344	0.9684	0.9682	0.9681	0.9682	0.9681	0.9681	0.9681	0.968	0.9681	0.9629	0.9682	0.9682	0.9683	0.9599	0.9644	0.9681	0.9682	0.9683	0.967	0.9609	0.9682	0	0.9681	1.0601	0.9682	1.1915	0.9581	0.9678
  |	0.9682	0.9678	0.9639	0.9681	0.9672	0.9665	1.4456	0.9679	0.9304	0.9682	0.9681	0.9366	0.9681	0.9679	0.9681	0.9673	0.9681	0.9572	0.9681	0.9671	0.9592	0.9679	0.9681	0.9679	0.965	0.968	0.9681	0.9627	0.9633	0.968	0.9681	0.9681	0.9681	0.968	0.9631	0.9621	0.9555	0.9683	0.9681	0.9681	0.9682	0.968	0.968	0.9681	0.968	0.9681	0.9619	0.968	0.9681	0.9681	0.9587	0.9641	0.9681	0.968	0.9681	0.9667	0.96	0.9681	0.9681	0	0.9648	0.9681	0.8915	0.957	0.9677
  }	0.9657	0.9655	0.9658	0.9657	0.9642	0.9647	1.0809	0.9649	0.9512	0.9649	1.2254	1.4322	0.965	0.9656	0.9648	2.9007	0.965	1.4419	0.9652	0.9668	1.453	0.9648	0.9654	0.9647	0.9634	0.9647	1.0047	1.685	1.45	1.4234	0.9649	0.9648	0.9648	0.9658	0.9642	0.9633	2.4578	0.9655	0.965	0.9648	0.9649	0.9651	0.9655	0.9648	0.965	0.9648	0.9651	0.966	0.9657	0.9659	0.963	0.9629	0.9648	1.0196	1.3354	0.9654	1.4402	1.4473	1.0601	0.9648	0	0.9653	5.1737	0.9622	0.9649
  ~	0.9684	0.9679	0.9647	0.9681	0.9673	0.9667	1.2616	0.9679	0.9344	0.9682	0.9687	0.9399	0.9681	0.968	0.9681	0.9675	0.9681	0.9583	0.9681	0.9674	0.9602	0.9679	0.9681	0.9679	0.9653	0.968	0.9681	0.9632	0.9643	0.968	0.9681	0.9681	0.9681	0.9681	0.9637	0.9627	0.957	0.9683	0.9682	0.9681	0.9682	0.968	0.9681	0.9681	0.968	0.9681	0.9626	0.9681	0.9682	0.9682	0.9598	0.9644	0.9681	0.9681	0.9691	0.9669	0.9608	0.9681	0.9682	0.9681	0.9653	0	1.2449	0.9581	0.9677
  	1.0914	1.7802	6.4628	0.8932	0.8862	1.0508	7.1508	0.8969	59.4325	0.8983	3.7121	16.4291	0.8916	1.3477	0.8895	2.8156	0.892	2.235	1.3463	7.6061	5.4697	0.9295	0.9838	0.9653	0.8917	0.89	1.1755	1.0046	6.2655	1.3029	0.8918	0.89	0.89	2.1733	3.3417	0.9322	17.458	1.3554	1.0196	0.8904	0.8898	1.2421	1.6367	0.8909	0.8899	0.8894	3.0779	2.6295	1.9468	2.2697	7.9399	0.8901	0.8906	2.9229	1.6439	1.8443	1.5308	0.8897	1.1915	0.8915	5.1737	1.2449	0	0.9795	0.9307
  	0.9582	0.959	1.09	0.9579	0.9694	0.9576	0.9614	2.3965	1.404	0.9571	0.9621	8.1266	0.9574	1.2515	0.9571	0.9597	0.9574	1.0905	0.9583	0.9633	2.4267	0.9572	0.9576	0.9575	0.9558	0.957	0.9578	0.9548	3.618	0.9589	0.9573	0.9571	0.9571	1.2473	0.9587	2.5757	2.3945	1.226	0.9578	0.957	0.9571	0.958	0.9588	0.9572	0.957	0.957	1.8432	0.9605	0.9597	0.96	1.0392	0.9552	1.4004	0.9607	0.9587	1.1429	0.9534	0.957	0.9581	0.957	0.9622	0.9581	0.9795	0	0.957
  	0.9678	0.9675	1.1974	0.9677	0.9667	0.9667	0.9714	0.9675	0.9309	1.0206	1.1889	0.9371	0.9679	0.9677	0.9677	0.967	0.9678	0.9578	0.9677	0.967	0.9597	0.9676	0.9678	0.9675	0.9647	0.9675	0.9677	1.1444	0.9634	0.9676	0.9677	0.9676	0.9676	0.968	0.963	0.9619	1.3949	0.9681	0.9678	0.9677	0.9678	0.9676	0.9677	0.9677	0.9676	0.9677	0.9622	0.9678	0.9679	1.5468	0.9588	0.9637	0.9677	0.9678	0.9678	0.9664	0.9599	0.9677	0.9678	0.9677	0.9649	0.9677	0.9307	0.957	0

Actual rates from j->i (Q_ij):
	A	B	C	D	E	F	G	H	I	J	K	L	M	N	O	P	Q	R	S	T	U	V	W	X	Y	Z	[	\	]	^	_	`	a	b	c	d	e	f	g	h	i	j	k	l	m	n	o	p	q	r	s	t	u	v	w	x	y	z	{	|	}	~			
  A	0	0.0178	0.0177	0.0178	0.0178	0.0177	0.0177	0.0178	0.0171	0.0178	0.0178	0.0173	0.0178	0.0178	0.0178	0.0178	0.0178	0.0176	0.0178	0.0178	0.0176	0.0178	0.0178	0.0178	0.0177	0.0178	0.0178	0.0177	0.023	0.0178	0.0178	0.0178	0.0178	0.0178	0.0177	0.0177	0.0176	0.0178	0.0178	0.0178	0.0178	0.0178	0.0178	0.0178	0.0178	0.0178	0.0177	0.0178	0.0178	0.0178	0.0176	0.0177	0.0178	0.0178	0.0178	0.0178	0.0176	0.0178	0.0178	0.0178	0.0177	0.0178	0.02	0.0176	0.0178
  B	0.0152	0	0.0152	0.0152	0.0152	0.0152	0.0152	0.0152	0.0147	0.0152	0.0174	0.0148	0.0152	0.0152	0.0152	0.0152	0.0152	0.0151	0.0152	0.0152	0.0151	0.0152	0.0152	0.0152	0.0152	0.0152	0.0152	0.0152	0.0152	0.0152	0.0152	0.0152	0.0152	0.0152	0.0152	0.0151	0.0151	0.0152	0.0152	0.0152	0.0152	0.0152	0.0152	0.0152	0.0152	0.0152	0.0151	0.0152	0.0152	0.0152	0.0151	0.0152	0.0152	0.0152	0.0152	0.0152	0.0151	0.0152	0.0152	0.0152	0.0152	0.0152	0.028	0.0151	0.0152
  C	0.008	0.008	0	0.008	0.008	0.008	0.0136	0.008	0.0079	0.0084	0.0095	0.018	0.008	0.008	0.008	0.0093	0.008	0.008	0.008	0.0087	0.0114	0.0117	0.008	0.011	0.008	0.008	0.008	0.0093	0.015	0.008	0.008	0.008	0.008	0.0098	0.0094	0.008	0.0292	0.0097	0.0108	0.008	0.008	0.008	0.0105	0.008	0.008	0.008	0.0099	0.008	0.0144	0.008	0.0136	0.008	0.008	0.008	0.008	0.0083	0.0088	0.008	0.008	0.008	0.008	0.008	0.0538	0.0091	0.01
  D	0.018	0.018	0.018	0	0.018	0.018	0.018	0.018	0.0173	0.018	0.018	0.0221	0.018	0.018	0.018	0.018	0.018	0.0632	0.018	0.018	0.0179	0.018	0.018	0.018	0.018	0.018	0.018	0.0265	0.0179	0.018	0.018	0.018	0.018	0.018	0.0179	0.0179	0.0178	0.018	0.018	0.018	0.018	0.018	0.018	0.018	0.018	0.018	0.0179	0.018	0.018	0.018	0.0179	0.018	0.018	0.018	0.018	0.018	0.0179	0.018	0.018	0.018	0.018	0.018	0.0166	0.0178	0.018
  E	0.0197	0.0197	0.0197	0.0197	0	0.0197	0.0197	0.0197	0.0189	0.0197	0.0197	0.0191	0.0197	0.0197	0.0258	0.0197	0.0197	0.0195	0.0197	0.0197	0.0195	0.0197	0.0197	0.0197	0.0197	0.0197	0.0197	0.0196	0.0198	0.02	0.0197	0.0197	0.0197	0.0197	0.0196	0.0773	0.0196	0.0197	0.0197	0.0197	0.0197	0.0197	0.0197	0.0197	0.0197	0.0197	0.0731	0.0197	0.0197	0.0197	0.0195	0.0196	0.0197	0.0197	0.0197	0.0197	0.0196	0.0197	0.0197	0.0197	0.0197	0.0197	0.0181	0.0198	0.0197
  F	0.0177	0.0177	0.0176	0.0177	0.0176	0	0.0176	0.0176	0.017	0.0177	0.0205	0.0172	0.0177	0.0185	0.0177	0.0264	0.0263	0.0686	0.0177	0.0177	0.0189	0.027	0.0177	0.0176	0.0176	0.0176	0.0177	0.0264	0.0176	0.0177	0.0177	0.0177	0.0177	0.0177	0.0176	0.0176	0.0728	0.0177	0.0177	0.0177	0.0177	0.0177	0.0177	0.0177	0.0176	0.0177	0.0486	0.0177	0.0177	0.0177	0.0175	0.0177	0.0177	0.0177	0.0177	0.0176	0.0217	0.0177	0.0177	0.0177	0.0176	0.0177	0.0192	0.0175	0.0177
  G	0.008	0.008	0.0135	0.008	0.008	0.008	0	0.008	0.0079	0.008	0.0086	0.011	0.008	0.008	0.008	0.008	0.008	0.0079	0.008	0.012	0.0083	0.008	0.008	0.008	0.008	0.008	0.008	0.008	0.008	0.0084	0.008	0.008	0.008	0.008	0.008	0.008	0.008	0.008	0.0104	0.008	0.008	0.008	0.008	0.008	0.008	0.008	0.008	0.008	0.012	0.008	0.0081	0.008	0.008	0.008	0.008	0.008	0.008	0.008	0.008	0.0119	0.0089	0.0104	0.0591	0.0079	0.008
  H	0.0175	0.0175	0.0174	0.0175	0.0175	0.0174	0.0174	0	0.0168	0.0175	0.0175	0.0326	0.0175	0.0175	0.0175	0.0175	0.0175	0.0173	0.0175	0.0175	0.0173	0.0175	0.0175	0.0175	0.0174	0.0175	0.0175	0.0174	0.0175	0.0175	0.0175	0.0175	0.0175	0.0175	0.0174	0.0179	0.0173	0.0175	0.0175	0.0175	0.0175	0.0175	0.0175	0.0175	0.0175	0.0175	0.0179	0.0175	0.0175	0.0175	0.0173	0.0174	0.0175	0.0175	0.0175	0.0176	0.0173	0.0175	0.0175	0.0175	0.0174	0.0175	0.0162	0.0433	0.0175
  I	0.0017	0.0017	0.0018	0.0017	0.0017	0.0017	0.0018	0.0017	0	0.0017	0.0019	0.0018	0.0017	0.0017	0.0017	0.0018	0.0017	0.0018	0.0017	0.0018	0.0018	0.0017	0.0017	0.0017	0.0017	0.0017	0.0017	0.0017	0.0027	0.0017	0.0017	0.0017	0.0017	0.0017	0.0074	0.0018	0.0018	0.0017	0.0017	0.0017	0.0017	0.0017	0.0019	0.0017	0.0017	0.0017	0.0018	0.0018	0.0017	0.0017	0.0034	0.0017	0.0017	0.0018	0.0017	0.0018	0.0017	0.0017	0.0017	0.0017	0.0018	0.0017	0.1106	0.0026	0.0017
  J	0.0187	0.0187	0.0195	0.0187	0.0187	0.0187	0.0187	0.0187	0.018	0	0.0203	0.0181	0.0187	0.0187	0.0187	0.0187	0.0187	0.0185	0.0187	0.0187	0.0185	0.0187	0.0187	0.0187	0.0187	0.0187	0.0187	0.026	0.0186	0.0187	0.0187	0.0187	0.0187	0.0187	0.0186	0.0186	0.0185	0.0187	0.0187	0.0187	0.0187	0.0187	0.0187	0.0187	0.0187	0.0187	0.0186	0.0187	0.0187	0.0187	0.0185	0.0186	0.0187	0.0187	0.0187	0.0187	0.0186	0.0187	0.0187	0.0187	0.0187	0.0187	0.0174	0.0185	0.0197
  K	0.0114	0.013	0.0135	0.0114	0.0114	0.0132	0.0123	0.0114	0.0118	0.0124	0	0.0113	0.0114	0.0114	0.0114	0.0114	0.0114	0.0114	0.0114	0.0115	0.0118	0.0114	0.0114	0.0114	0.0114	0.0114	0.0114	0.0175	0.0114	0.0114	0.0114	0.0114	0.0114	0.0114	0.0114	0.0114	0.0141	0.0114	0.0114	0.0171	0.0114	0.0114	0.0114	0.0114	0.0114	0.0114	0.0114	0.0114	0.0114	0.0114	0.0115	0.0114	0.0114	0.0114	0.0114	0.0114	0.0138	0.0114	0.0114	0.0114	0.0145	0.0114	0.0438	0.0114	0.014
  L	0.0054	0.0054	0.0123	0.0068	0.0053	0.0054	0.0076	0.0103	0.0055	0.0053	0.0055	0	0.0053	0.0054	0.0053	0.0054	0.0053	0.0054	0.0054	0.0055	0.0586	0.0053	0.0054	0.0057	0.008	0.0053	0.0054	0.0067	0.0288	0.0138	0.0053	0.0053	0.0053	0.0054	0.0054	0.0541	0.0088	0.0071	0.0069	0.0053	0.0053	0.0054	0.0054	0.0053	0.0053	0.0053	0.0246	0.0054	0.0108	0.0054	0.0465	0.0053	0.0053	0.0054	0.0054	0.0234	0.008	0.0053	0.0054	0.0053	0.0082	0.0054	0.0937	0.0463	0.0053
  M	0.0185	0.0184	0.0184	0.0185	0.0184	0.0185	0.0184	0.0184	0.0177	0.0185	0.0185	0.0179	0	0.0185	0.0185	0.0184	0.024	0.0183	0.0185	0.0184	0.0183	0.0185	0.0185	0.0184	0.0184	0.0185	0.0185	0.0184	0.0184	0.0185	0.0185	0.0185	0.0185	0.0185	0.0184	0.0183	0.0423	0.0185	0.0185	0.0185	0.0214	0.0185	0.0185	0.0185	0.0185	0.0185	0.0187	0.0185	0.0185	0.0185	0.0183	0.0184	0.0185	0.0185	0.0185	0.0184	0.0183	0.0185	0.0185	0.0185	0.0184	0.0185	0.017	0.0182	0.0184
  N	0.0166	0.0166	0.0165	0.0166	0.0165	0.0173	0.0165	0.0166	0.016	0.0166	0.0166	0.0162	0.0166	0	0.0166	0.0166	0.0166	0.0258	0.0166	0.0165	0.0194	0.0166	0.0166	0.0166	0.0165	0.0166	0.0166	0.0165	0.0165	0.0166	0.0166	0.0166	0.0166	0.0166	0.0165	0.0165	0.0197	0.0166	0.0166	0.0166	0.0166	0.0166	0.0166	0.0166	0.0166	0.0166	0.0165	0.0166	0.0166	0.0166	0.0164	0.0165	0.0166	0.0166	0.0166	0.0165	0.0164	0.0166	0.0166	0.0166	0.0165	0.0166	0.0231	0.0214	0.0166
  O	0.0189	0.0189	0.0188	0.0189	0.0247	0.0189	0.0188	0.0189	0.0181	0.0189	0.0189	0.0183	0.0189	0.0189	0	0.0189	0.0189	0.0187	0.0189	0.0189	0.0187	0.0189	0.0189	0.0189	0.0188	0.0189	0.0189	0.0188	0.0188	0.0189	0.0189	0.0189	0.0189	0.0189	0.0188	0.0188	0.0188	0.0189	0.0189	0.0189	0.0189	0.0189	0.0189	0.0189	0.0189	0.0189	0.0339	0.0189	0.0189	0.0189	0.0187	0.0188	0.0189	0.0189	0.0189	0.0189	0.0187	0.0189	0.0189	0.0189	0.0188	0.0189	0.0173	0.0187	0.0189
  P	0.0136	0.0136	0.0157	0.0136	0.0135	0.0203	0.0135	0.0135	0.0139	0.0136	0.0136	0.0133	0.0136	0.0136	0.0136	0	0.0136	0.0337	0.0136	0.0136	0.0135	0.0136	0.0136	0.0135	0.0135	0.0135	0.0136	0.0135	0.0135	0.0136	0.0136	0.0136	0.0136	0.0136	0.0135	0.0135	0.0149	0.0136	0.0136	0.0136	0.0136	0.0136	0.0136	0.0136	0.0135	0.0203	0.0135	0.0136	0.0136	0.0136	0.0135	0.0135	0.0136	0.0136	0.0173	0.0135	0.0135	0.0136	0.0136	0.0136	0.0406	0.0136	0.0394	0.0134	0.0135
  Q	0.0184	0.0184	0.0183	0.0184	0.0184	0.0274	0.0183	0.0184	0.0177	0.0184	0.0184	0.0178	0.0239	0.0184	0.0184	0.0184	0	0.0183	0.0184	0.0184	0.0182	0.0184	0.0184	0.0184	0.0183	0.0184	0.0184	0.0183	0.0183	0.0184	0.0184	0.0184	0.0184	0.0184	0.0183	0.0183	0.0353	0.0184	0.0184	0.0184	0.0247	0.0184	0.0184	0.0184	0.0184	0.0184	0.034	0.0184	0.0184	0.0184	0.0182	0.0183	0.0184	0.0184	0.0184	0.0184	0.0182	0.0184	0.0184	0.0184	0.0183	0.0184	0.017	0.0182	0.0184
  R	0.0118	0.0119	0.0119	0.042	0.0118	0.0465	0.0119	0.0118	0.0117	0.0118	0.0119	0.0117	0.0119	0.0187	0.0118	0.0297	0.0119	0	0.0119	0.0119	0.0131	0.025	0.0118	0.0118	0.0118	0.0118	0.0118	0.0416	0.0119	0.0119	0.0118	0.0118	0.0118	0.0119	0.0119	0.0118	0.0758	0.0119	0.0118	0.0118	0.0119	0.0119	0.0119	0.0118	0.0118	0.0118	0.0122	0.0119	0.0119	0.0119	0.0119	0.0811	0.0118	0.012	0.0119	0.0119	0.0118	0.0118	0.0119	0.0118	0.0178	0.0119	0.0276	0.0135	0.0118
  S	0.0167	0.0167	0.0166	0.0167	0.0167	0.0167	0.0166	0.0167	0.0161	0.0167	0.0167	0.0162	0.0167	0.0167	0.0167	0.0167	0.0167	0.0165	0	0.0167	0.0165	0.0167	0.0167	0.0167	0.0166	0.0167	0.0167	0.0166	0.0166	0.0167	0.0167	0.0167	0.0167	0.0167	0.0166	0.0166	0.0165	0.0167	0.0167	0.0167	0.0167	0.0167	0.0167	0.0167	0.0167	0.0167	0.0166	0.0167	0.0167	0.0167	0.0165	0.0166	0.0167	0.0167	0.0167	0.0167	0.0166	0.0167	0.0167	0.0167	0.0166	0.0167	0.0232	0.0165	0.0167
  T	0.007	0.007	0.0076	0.007	0.007	0.007	0.0105	0.007	0.0069	0.007	0.007	0.0069	0.007	0.007	0.007	0.007	0.007	0.007	0.007	0	0.007	0.007	0.007	0.007	0.007	0.007	0.007	0.007	0.007	0.007	0.007	0.007	0.007	0.007	0.0077	0.007	0.007	0.007	0.007	0.007	0.007	0.007	0.0087	0.007	0.007	0.007	0.007	0.007	0.0081	0.007	0.007	0.007	0.007	0.007	0.007	0.007	0.007	0.007	0.007	0.007	0.007	0.007	0.0552	0.007	0.007
