Map from character to field name
A:	Algeria
B:	Argentina
C:	Australia
D:	Austria
E:	Bangladesh
F:	Belgium
G:	Brazil
H:	Cambodia
I:	Canada
J:	Chad
K:	Chile
L:	China
M:	Czech Republic
N:	Denmark
O:	Egypt
P:	France
Q:	Georgia
R:	Germany
S:	Guam
T:	Guatemala
U:	Hong Kong
V:	Hungary
W:	Iceland
X:	India
Y:	Indonesia
Z:	Iran
[:	Ireland
\:	Italy
]:	Japan
^:	Kazakhstan
_:	Kuwait
`:	Laos
a:	Luxembourg
b:	Malaysia
c:	Mexico
d:	Mongolia
e:	Netherlands
f:	New Zealand
g:	Nicaragua
h:	Nigeria
i:	Norway
j:	Pakistan
k:	Peru
l:	Philippines
m:	Poland
n:	Romania
o:	Russia
p:	Saudi Arabia
q:	Singapore
r:	South Africa
s:	South Korea
t:	Spain
u:	Sri Lanka
v:	Sweden
w:	Switzerland
x:	Taiwan
y:	Thailand
z:	Turkey
{:	Ukraine
|:	United Arab Emirates
}:	United Kingdom
~:	Uruguay
:	Usa
:	Vietnam
:	Zambia
:	?


Substitution rate (mu): 15.582325

Equilibrium frequencies (pi_i):
  A: 0.0185
  B: 0.0159
  C: 0.0082
  D: 0.0192
  E: 0.0182
  F: 0.0171
  G: 0.0097
  H: 0.0181
  I: 0.0018
  J: 0.0174
  K: 0.0102
  L: 0.0057
  M: 0.0191
  N: 0.017
  O: 0.0195
  P: 0.0152
  Q: 0.019
  R: 0.0128
  S: 0.0174
  T: 0.0078
  U: 0.0065
  V: 0.0195
  W: 0.0193
  X: 0.0176
  Y: 0.0183
  Z: 0.0194
  [: 0.0197
  \: 0.0167
  ]: 0.0086
  ^: 0.0171
  _: 0.0193
  `: 0.0196
  a: 0.0195
  b: 0.0144
  c: 0.0123
  d: 0.0125
  e: 0.0048
  f: 0.0161
  g: 0.0196
  h: 0.0196
  i: 0.0193
  j: 0.0195
  k: 0.0156
  l: 0.0185
  m: 0.0195
  n: 0.0197
  o: 0.0083
  p: 0.0166
  q: 0.0151
  r: 0.0158
  s: 0.0063
  t: 0.0178
  u: 0.0193
  v: 0.0147
  w: 0.0164
  x: 0.0126
  y: 0.0149
  z: 0.0196
  {: 0.0192
  |: 0.0196
  }: 0.0107
  ~: 0.0176
  : 0.0051
  : 0.0109
  : 0.0192

Symmetrized rates from j->i (W_ij):
	A	B	C	D	E	F	G	H	I	J	K	L	M	N	O	P	Q	R	S	T	U	V	W	X	Y	Z	[	\	]	^	_	`	a	b	c	d	e	f	g	h	i	j	k	l	m	n	o	p	q	r	s	t	u	v	w	x	y	z	{	|	}	~			
  A	0	0.9661	0.965	0.9665	0.9669	0.9653	0.9629	0.9663	0.9407	0.9663	0.9694	0.9407	0.9665	0.9657	0.9666	0.9662	0.9665	0.9537	0.9664	0.9646	0.9593	0.9665	0.9666	0.9661	0.9668	0.9664	0.9666	0.9615	1.2245	0.9664	0.9665	0.9666	0.9666	0.9662	0.9619	0.9585	0.9553	0.9662	0.9666	0.9666	0.9665	0.9666	0.9662	0.9665	0.9666	0.9666	0.9584	0.9662	0.9664	0.9663	0.9614	0.9625	0.9666	0.966	0.9669	0.968	0.9586	0.9666	0.9664	0.9666	0.9636	0.9665	1.1108	0.9533	0.9661
  B	0.9661	0	0.9648	0.9661	0.9665	0.965	0.963	0.966	0.9673	0.966	0.9693	0.9431	0.9661	0.9654	0.9662	0.9658	0.9661	0.9552	0.966	0.9644	0.9598	0.9662	0.9662	0.9658	0.9665	0.966	0.9662	0.9618	0.9633	0.966	0.9662	0.9662	0.9662	0.9658	0.9621	0.9592	0.9587	0.9662	0.9662	0.9662	0.9661	0.9662	0.9658	0.9661	0.9662	0.9662	0.959	0.9658	0.966	0.9659	0.9618	0.9627	0.9662	0.9657	0.966	0.9675	0.9593	0.9662	0.966	0.9662	0.9635	0.966	1.7635	0.9547	0.9658
  C	0.965	0.9648	0	0.9645	1.1359	0.967	1.6084	0.9645	1.107	0.9651	0.9961	2.2438	0.9652	0.9648	0.9647	1.0986	0.9652	0.9622	0.9646	1.3142	1.5624	1.2971	0.9647	0.9649	0.9664	0.9645	0.9644	0.9643	2.0048	0.9651	0.9647	0.9646	0.9645	1.0101	1.0578	1.6784	3.319	0.9658	1.5801	0.9645	0.9647	0.9645	1.1186	0.9647	0.9645	0.9644	1.5358	0.9647	2.1434	0.9843	1.7264	0.9631	0.9646	0.9653	0.9649	0.9684	1.0005	0.9645	0.9649	0.9645	0.9661	0.9648	7.2399	0.9729	0.9649
  D	0.9665	0.9661	0.9645	0	0.9669	0.9656	0.9627	0.9664	0.9394	0.9664	0.9693	0.9396	0.9665	0.9661	0.9666	0.9662	0.9665	3.4162	0.9664	0.9644	0.9593	0.9668	0.9666	0.9661	0.9669	0.9665	0.9666	1.4352	0.9629	0.9664	0.9666	0.9666	0.9666	0.9662	0.9617	0.9581	0.9546	0.9661	0.9667	0.9667	0.9666	0.9666	0.9661	0.9665	0.9668	0.9666	0.9579	0.9662	0.9664	0.9663	0.9612	0.9627	0.9666	0.966	0.9675	0.9678	0.9586	0.9667	0.9664	0.9666	0.9832	0.9664	0.8944	0.9527	0.9661
  E	0.9669	0.9665	1.1359	0.9669	0	0.9671	0.9636	0.9668	0.9521	0.9667	0.9705	2.1778	0.9674	0.9662	0.9673	0.9673	0.9674	0.9557	0.9668	0.9651	0.9621	0.9674	0.9673	0.9668	0.968	0.9672	0.967	0.963	1.0684	0.9671	0.9671	0.9671	0.9671	0.9674	0.9627	1.7509	1.1941	0.9671	0.9674	0.967	0.9671	0.967	0.9668	0.9669	0.967	0.967	3.0996	0.9666	0.9676	0.9668	1.0403	0.963	0.9671	0.9667	0.9668	0.9694	0.9598	0.967	0.9672	0.967	0.9647	0.9668	0.9314	1.1065	0.9669
  F	0.9653	0.965	0.967	0.9656	0.9671	0	0.9624	0.9652	0.9445	0.9652	0.9693	0.9446	0.9653	0.9882	0.9656	1.4387	0.9656	4.9284	0.9652	0.964	0.9968	1.4722	0.9657	0.9652	0.9663	0.9652	0.9653	1.3177	0.9637	0.9656	0.9653	0.9653	1.0612	0.9655	0.9613	1.9338	4.3935	0.9652	0.9654	0.9653	0.9653	0.9916	0.9651	0.9653	0.9653	0.9653	1.9236	0.9651	0.9654	0.9652	0.968	1.1215	0.9653	0.965	0.9653	0.9676	0.959	0.9653	0.9653	0.9653	0.9645	0.9652	1.3444	0.954	0.965
  G	0.9629	0.963	1.6084	0.9627	0.9636	0.9624	0	0.9627	0.9559	0.9628	1.2126	0.9528	0.9627	0.9627	0.9626	0.9633	0.9627	1.0244	0.9629	0.9792	0.9682	1.0219	0.9627	0.9627	0.9637	0.9626	0.9626	1.0154	0.9633	1.0163	0.9627	0.9626	0.9626	0.9634	0.9791	0.9597	0.9777	0.963	0.9635	0.9627	0.9627	0.9626	1.0124	0.9628	0.9627	0.9626	0.9605	0.9629	1.4053	0.9631	0.9644	0.9609	0.9627	0.9631	0.9635	0.9658	0.9595	0.9627	0.9626	1.4447	1.0566	1.1317	5.5923	0.957	0.9843
  H	0.9663	0.966	0.9645	0.9664	0.9668	0.9652	0.9627	0	0.9418	0.9662	0.9693	1.8661	0.9664	0.9655	0.9664	0.9662	0.9663	0.9538	0.9663	0.9644	0.9593	0.9664	0.9665	0.966	0.9672	0.9663	0.9665	0.9615	0.9656	0.9663	0.9664	0.9665	0.9665	0.9661	0.9618	0.9586	0.9551	0.966	0.9665	0.9665	0.9664	0.9664	0.966	0.9663	0.9665	0.9665	0.9583	0.9661	0.9662	0.9661	0.962	0.9624	0.9665	0.9659	0.9663	0.9677	0.9586	0.9665	0.9663	0.9665	0.9635	0.9663	0.8979	1.9065	0.966
  I	0.9407	0.9673	1.107	0.9394	0.9521	0.9445	0.9559	0.9418	0	0.9415	1.3245	2.4077	0.94	0.9423	0.939	1.3523	0.94	0.9736	0.9415	1.4341	0.9703	0.9395	0.9391	0.9426	0.9733	0.939	0.9385	0.9453	1.4436	0.9446	0.9392	0.9387	0.9388	0.9531	2.8291	0.9817	1.1766	0.9789	0.9393	0.9391	0.9392	0.9389	1.1868	0.9401	0.9388	0.9385	1.1041	0.9429	0.9481	0.9463	1.5382	0.942	0.9392	0.946	0.9434	0.9594	0.9587	0.9386	0.9404	0.9386	0.9545	0.9413	72.8101	1.9108	0.94
  J	0.9663	0.966	0.9651	0.9664	0.9667	0.9652	0.9628	0.9662	0.9415	0	0.9692	0.9407	0.9664	0.9655	0.9664	0.966	0.9663	0.9543	0.9662	0.9644	0.9593	0.9664	0.9664	0.966	0.9667	0.9663	0.9665	0.9616	0.9631	0.9663	0.9664	0.9664	0.9664	0.966	0.9619	0.9587	0.9552	0.966	0.9665	0.9665	0.9664	0.9664	0.966	0.9663	0.9664	0.9664	0.9585	0.9661	0.9662	0.9661	0.9612	0.9626	0.9664	0.9658	0.9662	0.9677	0.9589	0.9665	0.9663	0.9664	0.9634	0.9663	1.3364	0.9538	0.966
  K	0.9694	0.9693	0.9961	0.9693	0.9705	0.9693	1.2126	0.9693	1.3245	0.9692	0	0.991	0.9693	0.9688	0.9693	0.9704	0.9693	0.9634	0.9692	0.9698	0.9696	0.9694	0.9693	0.9693	1.0007	0.9692	0.9693	1.3708	0.9717	0.9698	0.9693	0.9693	0.9693	0.9699	0.9694	0.9675	0.9957	0.9698	0.9694	1.451	0.9693	0.9693	0.9694	0.9692	0.9693	0.9693	0.9686	0.9692	0.97	0.9695	1.0798	0.9675	0.9693	0.9699	0.9695	1.0297	0.9661	0.9693	0.9693	0.9693	1.4505	0.9693	4.8742	0.9655	1.3697
  L	0.9407	0.9431	2.2438	0.9396	2.1778	0.9446	0.9528	1.8661	2.4077	0.9407	0.991	0	0.939	0.9437	0.9389	1.6136	0.939	1.3692	0.9407	1.2815	11.0711	0.9383	0.9409	1.311	1.655	1.0139	0.9377	1.6922	4.4001	2.6392	0.9384	0.9379	0.9381	0.9494	0.9501	7.1735	6.2138	1.3342	0.9715	0.938	0.9384	0.9384	0.9436	0.9593	0.9701	0.9378	8.3579	0.942	1.4755	0.9434	9.5441	0.9401	0.9386	0.9448	1.1291	4.6306	1.6533	0.9379	0.9525	0.9378	1.8748	0.9405	17.2945	13.0314	0.9394
  M	0.9665	0.9661	0.9652	0.9665	0.9674	0.9653	0.9627	0.9664	0.94	0.9664	0.9693	0.939	0	0.9658	0.9667	0.9663	0.9665	0.9535	0.9664	0.9644	0.9592	0.9666	0.9667	0.9662	0.9671	0.9665	0.9666	0.9614	0.9632	0.9665	0.9666	0.9666	0.9666	0.9662	0.9617	0.9588	2.2907	0.9662	0.9667	0.9667	0.9667	0.9666	0.9662	0.9665	0.9666	0.9666	1.0583	0.9662	0.9664	0.9663	0.9611	0.9624	0.9666	0.966	0.9664	0.968	0.9584	0.9667	0.9666	0.9666	0.9635	0.9664	0.8952	0.9529	0.9662
  N	0.9657	0.9654	0.9648	0.9661	0.9662	0.9882	0.9627	0.9655	0.9423	0.9655	0.9688	0.9437	0.9658	0	0.9658	0.9658	0.9658	1.5472	0.9656	0.9641	1.1679	0.966	0.9658	0.9654	0.966	0.9656	0.9657	0.9626	0.9631	0.9657	0.9658	0.9657	0.9658	0.9665	0.9616	0.9589	1.1227	0.9656	0.9658	0.9657	0.9657	0.9657	0.9655	0.9657	0.9657	0.9657	1.4317	0.9654	0.9657	0.9655	0.9614	0.9634	0.9657	0.9654	0.9656	0.9674	0.9587	0.9657	0.9657	0.9657	0.9634	0.9656	1.3438	0.9542	0.9654
  O	0.9666	0.9662	0.9647	0.9666	0.9673	0.9656	0.9626	0.9664	0.939	0.9664	0.9693	0.9389	0.9667	0.9658	0	0.9663	0.9666	0.9533	0.9665	0.9644	0.9589	0.9667	0.9668	0.9662	0.967	0.9666	0.9667	0.9614	0.9711	0.9666	0.9667	0.9667	0.9667	0.9663	0.9616	1.1927	1.1335	0.9662	0.9668	0.9667	0.9667	0.9667	0.9662	0.9666	0.9667	0.9667	1.5585	0.9663	0.9664	0.9663	0.9608	0.9624	0.9667	0.966	0.9664	0.968	0.9583	0.9667	0.9666	0.9667	0.9634	0.9665	0.8933	0.9527	0.9662
  P	0.9662	0.9658	1.0986	0.9662	0.9673	1.4387	0.9633	0.9662	1.3523	0.966	0.9704	1.6136	0.9663	0.9658	0.9663	0	0.9662	2.0251	0.966	0.9646	1.2215	0.9664	0.9663	0.9659	0.9674	0.9661	0.9662	0.9631	0.9643	0.9665	0.9662	0.9662	0.9663	1.0203	0.9625	0.9607	1.4269	0.9661	0.9663	0.9663	0.9662	0.9662	0.9659	0.9661	0.9665	1.4482	0.9606	0.966	0.9663	0.9902	0.9635	0.9632	0.9662	0.9658	1.2585	0.9682	0.9603	1.2031	0.9662	0.9662	3.2697	0.9661	2.0385	0.957	0.9659
  Q	0.9665	0.9661	0.9652	0.9665	0.9674	0.9656	0.9627	0.9663	0.94	0.9663	0.9693	0.939	0.9665	0.9658	0.9666	0.9662	0	0.9535	0.9664	0.9644	0.9593	0.9666	0.9667	0.9661	0.9671	0.9664	0.9666	0.9613	0.9632	0.9664	0.9666	0.9666	0.9666	0.9662	0.9617	0.9589	2.3776	0.9661	0.9667	0.9666	0.9665	0.9666	0.9661	0.9665	0.9666	0.9666	0.9584	0.9662	0.9663	0.9663	0.9611	0.9624	0.9666	0.9659	0.9664	0.9679	0.9584	0.9666	0.9665	0.9666	0.9635	0.9664	0.8952	0.9529	0.9661
  R	0.9537	0.9552	0.9622	3.4162	0.9557	4.9284	1.0244	0.9538	0.9736	0.9543	0.9634	1.3692	0.9535	1.5472	0.9533	2.0251	0.9535	0	0.9543	0.9598	1.1005	1.9787	0.9534	0.9543	0.9554	0.9531	0.9529	3.9809	0.9597	0.9713	0.9532	0.953	0.9532	0.9569	0.9569	0.9571	6.3542	0.9558	0.9531	0.953	0.9532	0.9531	0.9555	0.9538	0.9533	0.953	0.9769	0.9548	0.956	0.9554	1.7849	7.6291	0.9533	0.956	0.9553	0.96	1.0297	0.9531	0.9534	0.953	1.9597	0.9542	2.0978	0.9509	0.9533
  S	0.9664	0.966	0.9646	0.9664	0.9668	0.9652	0.9629	0.9663	0.9415	0.9662	0.9692	0.9407	0.9664	0.9656	0.9665	0.966	0.9664	0.9543	0	0.9644	0.9593	0.9665	0.9665	0.966	0.9667	0.9663	0.9665	0.9617	0.9631	0.9663	0.9665	0.9665	0.9665	0.9661	0.9619	0.9587	0.9552	0.966	0.9665	0.9665	0.9664	0.9665	0.966	0.9664	0.9665	0.9665	0.9585	0.9661	0.9662	0.9662	0.9612	0.9626	0.9665	0.9659	0.9663	0.9677	0.9589	0.9665	0.9663	0.9665	0.9634	0.9663	1.337	0.9538	0.966
  T	0.9646	0.9644	1.3142	0.9644	0.9651	0.964	0.9792	0.9644	1.4341	0.9644	0.9698	1.2815	0.9644	0.9641	0.9644	0.9646	0.9644	0.9598	0.9644	0	0.9623	0.9645	0.9644	0.9644	0.9654	0.9644	0.9644	0.9625	0.9643	0.9646	0.9644	0.9644	0.9644	0.9646	1.0327	0.9617	0.9692	0.9645	1.0663	0.9644	0.9644	0.9644	1.334	0.9644	0.9644	0.9644	0.9621	0.9644	1.3538	0.9645	0.9652	0.9628	0.9644	0.9644	0.9645	0.9666	0.9616	0.9644	0.9644	0.9644	0.9637	0.9645	7.3026	0.9594	0.9643
  U	0.9593	0.9598	1.5624	0.9593	0.9621	0.9968	0.9682	0.9593	0.9703	0.9593	0.9696	11.0711	0.9592	1.1679	0.9589	1.2215	0.9593	1.1005	0.9593	0.9623	0	0.9592	0.9591	0.9597	0.9628	0.9587	0.9587	1.2592	1.9614	0.9605	0.9589	0.9587	0.9587	3.0267	0.9605	0.9623	5.255	1.0744	0.9589	0.9587	0.9589	0.9587	0.9606	0.9592	0.9589	0.9587	1.562	0.9596	0.962	0.9674	0.9672	0.9598	0.9741	0.9603	0.9599	1.4438	0.9602	0.9588	0.9592	0.9587	1.1067	0.9593	7.5982	2.3835	0.959
  V	0.9665	0.9662	1.2971	0.9668	0.9674	1.4722	1.0219	0.9664	0.9395	0.9664	0.9694	0.9383	0.9666	0.966	0.9667	0.9664	0.9666	1.9787	0.9665	0.9645	0.9592	0	0.9667	0.9662	0.967	0.9665	0.9667	0.9827	0.9631	0.9665	0.9667	0.9667	0.9667	0.9663	0.9617	0.9582	1.4317	0.9662	0.9669	0.9667	0.9666	0.9667	0.9663	0.9665	0.9667	0.9667	0.9579	0.9663	1.2279	0.9664	0.9615	0.9631	0.9667	0.966	0.9664	0.968	0.9584	0.9667	0.9665	0.9667	0.9635	0.9665	0.9104	0.9526	0.9662
  W	0.9666	0.9662	0.9647	0.9666	0.9673	0.9657	0.9627	0.9665	0.9391	0.9664	0.9693	0.9409	0.9667	0.9658	0.9668	0.9663	0.9667	0.9534	0.9665	0.9644	0.9591	0.9667	0	0.9663	0.967	0.9666	0.9667	0.9615	0.963	0.9666	0.9667	0.9667	0.9667	0.9663	0.9617	0.9598	1.2369	0.9662	0.9668	0.9667	0.9667	0.9667	0.9662	0.9666	0.9667	0.9667	1.1827	0.9663	0.9664	0.9664	0.9608	0.9624	0.9667	0.9661	0.9665	0.968	0.9583	0.9667	0.9666	0.9667	0.9634	0.9665	0.894	0.9528	0.9663
  X	0.9661	0.9658	0.9649	0.9661	0.9668	0.9652	0.9627	0.966	0.9426	0.966	0.9693	1.311	0.9662	0.9654	0.9662	0.9659	0.9661	0.9543	0.966	0.9644	0.9597	0.9662	0.9663	0	0.9667	0.9661	0.9662	0.9615	0.9639	0.9661	0.9662	0.9662	0.9662	0.9659	0.9618	0.9936	1.4114	0.9659	0.9663	0.9662	0.9662	0.9662	0.9658	0.9661	0.9662	0.9662	1.925	0.9659	0.9661	0.9659	0.9616	0.9623	0.9662	0.9657	0.966	0.9677	0.9588	0.9662	0.9674	0.9662	0.9635	0.9661	1.2286	1.168	0.9658
  Y	0.9668	0.9665	0.9664	0.9669	0.968	0.9663	0.9637	0.9672	0.9733	0.9667	1.0007	1.655	0.9671	0.966	0.967	0.9674	0.9671	0.9554	0.9667	0.9654	0.9628	0.967	0.967	0.9667	0	0.9668	0.9669	0.963	0.9654	0.9684	0.967	0.9669	0.9669	0.967	0.9633	0.9644	1.0111	0.9671	0.9671	0.9672	0.967	0.9669	0.9666	0.9668	0.967	0.9669	0.9698	0.9666	0.9672	0.9667	1.0727	0.963	0.967	0.9665	0.9668	0.9704	0.9598	0.967	0.9669	0.9669	0.9648	0.9667	0.9452	0.9618	0.9668
  Z	0.9664	0.966	0.9645	0.9665	0.9672	0.9652	0.9626	0.9663	0.939	0.9663	0.9692	1.0139	0.9665	0.9656	0.9666	0.9661	0.9664	0.9531	0.9663	0.9644	0.9587	0.9665	0.9666	0.9661	0.9668	0	0.9666	0.9612	0.9628	0.9664	0.9665	0.9666	0.9666	0.9661	0.9616	1.0504	0.9543	0.9661	0.9666	0.9666	0.9665	0.9665	0.9661	0.9664	0.9666	0.9666	1.2646	0.9662	0.9663	0.9662	0.9607	0.9623	0.9666	0.9659	0.9663	0.9678	0.9582	0.9666	0.9664	0.9666	0.9632	0.9664	0.8929	0.9526	0.966
  [	0.9666	0.9662	0.9644	0.9666	0.967	0.9653	0.9626	0.9665	0.9385	0.9665	0.9693	0.9377	0.9666	0.9657	0.9667	0.9662	0.9666	0.9529	0.9665	0.9644	0.9587	0.9667	0.9667	0.9662	0.9669	0.9666	0	0.9613	0.9628	0.9665	0.9667	0.9667	0.9667	0.9662	0.9616	0.958	0.9538	0.9662	0.9668	0.9668	0.9667	0.9667	0.9662	0.9666	0.9667	0.9667	0.9577	1.4488	0.9664	0.9664	0.9606	0.9624	0.9667	0.9661	0.9665	0.9679	0.9581	0.9668	0.9665	0.9667	0.9633	0.9665	0.8918	0.9524	0.9662
  \	0.9615	0.9618	0.9643	1.4352	0.963	1.3177	1.0154	0.9615	0.9453	0.9616	1.3708	1.6922	0.9614	0.9626	0.9614	0.9631	0.9613	3.9809	0.9617	0.9625	1.2592	0.9827	0.9615	0.9615	0.963	0.9612	0.9613	0	0.9618	0.9621	0.9613	0.9613	0.9613	0.9624	0.9589	0.9568	3.8788	0.9625	0.9614	0.9613	0.9613	0.9613	0.9619	0.9615	1.0558	0.9613	0.9608	0.9617	0.9623	0.9621	0.9628	1.4491	0.9614	0.962	1.5586	0.965	0.9612	0.9614	0.9614	0.9613	1.9776	0.9616	1.319	0.952	1.0312
  ]	1.2245	0.9633	2.0048	0.9629	1.0684	0.9637	0.9633	0.9656	1.4436	0.9631	0.9717	4.4001	0.9632	0.9631	0.9711	0.9643	0.9632	0.9597	0.9631	0.9643	1.9614	0.9631	0.963	0.9639	0.9654	0.9628	0.9628	0.9618	0	0.9636	0.963	1.4433	0.9629	0.9695	0.9622	2.8732	2.3572	1.2334	0.9631	0.9628	0.963	0.9629	0.9635	0.963	0.9629	0.9628	1.1405	0.9632	0.9641	0.9634	1.5962	0.9613	0.9629	0.9636	0.9647	1.5483	0.9629	0.9628	0.9662	0.9628	1.4455	0.9633	6.1907	1.8461	0.9629
  ^	0.9664	0.966	0.9651	0.9664	0.9671	0.9656	1.0163	0.9663	0.9446	0.9663	0.9698	2.6392	0.9665	0.9657	0.9666	0.9665	0.9664	0.9713	0.9663	0.9646	0.9605	0.9665	0.9666	0.9661	0.9684	0.9664	0.9665	0.9621	0.9636	0	0.9665	0.9665	0.9665	0.9662	0.9621	1.4606	1.1113	0.9661	0.9666	0.9665	0.9665	0.9665	0.9661	0.9664	0.9666	0.9665	1.4412	0.9661	0.9663	0.9662	0.9729	0.9628	0.9665	0.9659	0.9664	0.975	0.9593	0.9666	0.9664	0.9665	1.361	0.9663	1.0199	0.9553	0.9661
  _	0.9665	0.9662	0.9647	0.9666	0.9671	0.9653	0.9627	0.9664	0.9392	0.9664	0.9693	0.9384	0.9666	0.9658	0.9667	0.9662	0.9666	0.9532	0.9665	0.9644	0.9589	0.9667	0.9667	0.9662	0.967	0.9665	0.9667	0.9613	0.963	0.9665	0	0.9667	0.9667	0.9662	0.9617	0.9582	1.4281	0.9662	0.9668	0.9667	0.9666	0.9667	0.9662	0.9665	0.9667	0.9667	0.9579	0.9663	0.9664	0.9663	0.9608	0.9624	0.9667	0.966	0.9664	0.9679	0.9583	0.9667	0.9665	0.9667	0.9634	0.9665	0.8935	0.9533	0.9662
  `	0.9666	0.9662	0.9646	0.9666	0.9671	0.9653	0.9626	0.9665	0.9387	0.9664	0.9693	0.9379	0.9666	0.9657	0.9667	0.9662	0.9666	0.953	0.9665	0.9644	0.9587	0.9667	0.9667	0.9662	0.9669	0.9666	0.9667	0.9613	1.4433	0.9665	0.9667	0	0.9667	0.9662	0.9616	0.958	0.954	0.9662	0.9668	0.9667	0.9667	0.9667	0.9662	0.9666	0.9667	0.9667	0.9577	0.9663	0.9664	0.9664	0.9606	0.9624	0.9667	0.966	0.9665	0.9679	0.9582	0.9668	0.9665	0.9667	0.9633	0.9665	0.8923	0.9525	0.9662
  a	0.9666	0.9662	0.9645	0.9666	0.9671	1.0612	0.9626	0.9665	0.9388	0.9664	0.9693	0.9381	0.9666	0.9658	0.9667	0.9663	0.9666	0.9532	0.9665	0.9644	0.9587	0.9667	0.9667	0.9662	0.9669	0.9666	0.9667	0.9613	0.9629	0.9665	0.9667	0.9667	0	0.9662	0.9616	0.9585	0.9543	0.9662	0.9668	0.9668	0.9667	0.9667	0.9662	0.9666	0.9667	0.9667	1.378	0.9663	0.9664	0.9664	0.9607	0.9624	0.9667	0.966	0.9665	0.968	0.9582	0.9668	0.9665	0.9667	0.9633	0.9665	0.8926	0.9526	0.9662
  b	0.9662	0.9658	1.0101	0.9662	0.9674	0.9655	0.9634	0.9661	0.9531	0.966	0.9699	0.9494	0.9662	0.9665	0.9663	1.0203	0.9662	0.9569	0.9661	0.9646	3.0267	0.9663	0.9663	0.9659	0.967	0.9661	0.9662	0.9624	0.9695	0.9662	0.9662	0.9662	0.9662	0	0.9625	0.9603	2.7141	1.0489	0.9663	0.9663	0.9662	0.9662	0.9659	0.9662	0.9662	0.9662	0.9601	0.9659	0.9661	1.3549	0.9633	0.9631	1.0018	0.9658	0.9661	0.9679	0.9602	0.9663	0.9662	0.9662	0.9647	0.9661	2.3657	1.135	0.9659
  c	0.9619	0.9621	1.0578	0.9617	0.9627	0.9613	0.9791	0.9618	2.8291	0.9619	0.9694	0.9501	0.9617	0.9616	0.9616	0.9625	0.9617	0.9569	0.9619	1.0327	0.9605	0.9617	0.9617	0.9618	0.9633	0.9616	0.9616	0.9589	0.9622	0.9621	0.9617	0.9616	0.9616	0.9625	0	0.9581	0.9678	0.9621	0.9625	0.9616	0.9617	0.9616	1.0273	0.9618	0.9616	0.9616	0.959	0.962	1.0446	0.9623	1.4677	0.9593	0.9617	0.9623	0.9622	0.9649	0.9576	0.9616	0.9616	0.9616	0.9616	0.962	2.9053	0.9548	0.9614
  d	0.9585	0.9592	1.6784	0.9581	1.7509	1.9338	0.9597	0.9586	0.9817	0.9587	0.9675	7.1735	0.9588	0.9589	1.1927	0.9607	0.9589	0.9571	0.9587	0.9617	0.9623	0.9582	0.9598	0.9936	0.9644	1.0504	0.958	0.9568	2.8732	1.4606	0.9582	0.958	0.9585	0.9603	0.9581	0	3.5127	0.9596	0.9581	0.958	0.9582	1.4206	0.9594	0.9584	0.9581	0.958	10.3746	0.959	0.9601	0.9594	2.2948	0.9561	0.9582	0.9597	0.9593	1.696	1.8951	0.958	1.0035	0.958	0.9618	0.9587	0.9662	1.4602	0.9581
  e	0.9553	0.9587	3.319	0.9546	1.1941	4.3935	0.9777	0.9551	1.1766	0.9552	0.9957	6.2138	2.2907	1.1227	1.1335	1.4269	2.3776	6.3542	0.9552	0.9692	5.255	1.4317	1.2369	1.4114	1.0111	0.9543	0.9538	3.8788	2.3572	1.1113	1.4281	0.954	0.9543	2.7141	0.9678	3.5127	0	2.0495	0.9585	0.9539	1.4283	0.9542	1.1603	1.2253	0.9542	0.9539	8.5795	0.9559	0.9731	0.9911	1.2234	0.9584	1.3629	1.9102	0.9564	1.111	1.7287	0.954	1.8372	0.9539	2.5303	0.9552	16.1256	2.785	1.9027
  f	0.9662	0.9662	0.9658	0.9661	0.9671	0.9652	0.963	0.966	0.9789	0.966	0.9698	1.3342	0.9662	0.9656	0.9662	0.9661	0.9661	0.9558	0.966	0.9645	1.0744	0.9662	0.9662	0.9659	0.9671	0.9661	0.9662	0.9625	1.2334	0.9661	0.9662	0.9662	0.9662	1.0489	0.9621	0.9596	2.0495	0	0.9663	0.9662	0.9662	0.9662	0.9659	0.9661	0.9662	0.9662	0.9606	0.9659	0.9661	0.966	0.9626	0.9627	1.0064	0.9657	0.966	0.9678	0.9594	0.9662	0.9661	0.9662	0.9639	0.9661	1.5504	1.0577	0.9658
  g	0.9666	0.9662	1.5801	0.9667	0.9674	0.9654	0.9635	0.9665	0.9393	0.9665	0.9694	0.9715	0.9667	0.9658	0.9668	0.9663	0.9667	0.9531	0.9665	1.0663	0.9589	0.9669	0.9668	0.9663	0.9671	0.9666	0.9668	0.9614	0.9631	0.9666	0.9668	0.9668	0.9668	0.9663	0.9625	0.9581	0.9585	0.9663	0	0.9668	0.9667	0.9668	0.9813	0.9666	0.9668	0.9668	0.9579	0.9663	1.2727	0.9664	0.961	0.9624	0.9668	0.9661	0.9665	0.968	0.9583	0.9668	0.9666	0.9668	0.9634	0.9666	0.9702	0.9526	0.9663
  h	0.9666	0.9662	0.9645	0.9667	0.967	0.9653	0.9627	0.9665	0.9391	0.9665	1.451	0.938	0.9667	0.9657	0.9667	0.9663	0.9666	0.953	0.9665	0.9644	0.9587	0.9667	0.9667	0.9662	0.9672	0.9666	0.9668	0.9613	0.9628	0.9665	0.9667	0.9667	0.9668	0.9663	0.9616	0.958	0.9539	0.9662	0.9668	0	0.9667	0.9667	0.9662	0.9666	0.9668	0.9668	0.9577	0.9663	0.9665	0.9664	0.9609	0.9624	0.9667	0.9661	0.9665	0.9682	0.9582	0.9668	0.9666	0.9668	0.9633	0.9665	0.8928	0.9525	0.9662
  i	0.9665	0.9661	0.9647	0.9666	0.9671	0.9653	0.9627	0.9664	0.9392	0.9664	0.9693	0.9384	0.9667	0.9657	0.9667	0.9662	0.9665	0.9532	0.9664	0.9644	0.9589	0.9666	0.9667	0.9662	0.967	0.9665	0.9667	0.9613	0.963	0.9665	0.9666	0.9667	0.9667	0.9662	0.9617	0.9582	1.4283	0.9662	0.9667	0.9667	0	0.9666	0.9662	0.9665	0.9667	0.9667	0.9579	0.9662	0.9664	0.9663	0.9608	0.9624	0.9667	0.966	0.9664	0.9679	0.9583	0.9667	0.9666	0.9667	0.9634	0.9665	0.8935	0.9527	0.9662
  j	0.9666	0.9662	0.9645	0.9666	0.967	0.9916	0.9626	0.9664	0.9389	0.9664	0.9693	0.9384	0.9666	0.9657	0.9667	0.9662	0.9666	0.9531	0.9665	0.9644	0.9587	0.9667	0.9667	0.9662	0.9669	0.9665	0.9667	0.9613	0.9629	0.9665	0.9667	0.9667	0.9667	0.9662	0.9616	1.4206	0.9542	0.9662	0.9668	0.9667	0.9666	0	0.9662	0.9666	0.9667	0.9667	0.9584	0.9663	0.9664	0.9663	0.9652	0.9624	0.9667	0.966	0.9664	0.968	0.9582	0.9667	0.9665	0.9667	0.9633	0.9665	0.8925	0.9526	0.9662
  k	0.9662	0.9658	1.1186	0.9661	0.9668	0.9651	1.0124	0.966	1.1868	0.966	0.9694	0.9436	0.9662	0.9655	0.9662	0.9659	0.9661	0.9555	0.966	1.334	0.9606	0.9663	0.9662	0.9658	0.9666	0.9661	0.9662	0.9619	0.9635	0.9661	0.9662	0.9662	0.9662	0.9659	1.0273	0.9594	1.1603	0.9659	0.9813	0.9662	0.9662	0.9662	0	0.9661	0.9662	0.9662	0.9616	0.9659	1.0837	0.966	0.962	0.9628	0.9662	0.9657	0.966	0.9675	0.9595	0.9662	0.9661	0.9662	0.9636	0.9661	1.819	0.9549	0.9658
  l	0.9665	0.9661	0.9647	0.9665	0.9669	0.9653	0.9628	0.9663	0.9401	0.9663	0.9692	0.9593	0.9665	0.9657	0.9666	0.9661	0.9665	0.9538	0.9664	0.9644	0.9592	0.9665	0.9666	0.9661	0.9668	0.9664	0.9666	0.9615	0.963	0.9664	0.9665	0.9666	0.9666	0.9662	0.9618	0.9584	1.2253	0.9661	0.9666	0.9666	0.9665	0.9666	0.9661	0	0.9666	0.9666	0.9583	0.9662	0.9663	0.9663	0.961	0.9625	0.9666	0.966	0.9663	0.9678	0.9637	0.9666	0.9664	0.9666	0.9634	0.9664	1.064	0.9532	0.9661
  m	0.9666	0.9662	0.9645	0.9668	0.967	0.9653	0.9627	0.9665	0.9388	0.9664	0.9693	0.9701	0.9666	0.9657	0.9667	0.9665	0.9666	0.9533	0.9665	0.9644	0.9589	0.9667	0.9667	0.9662	0.967	0.9666	0.9667	1.0558	0.9629	0.9666	0.9667	0.9667	0.9667	0.9662	0.9616	0.9581	0.9542	0.9662	0.9668	0.9668	0.9667	0.9667	0.9662	0.9666	0	0.9667	0.9578	0.9663	0.9664	0.9664	0.9607	0.9625	0.9667	0.966	1.1725	0.968	0.9583	0.9668	0.9665	0.9667	1.4464	0.9665	0.8927	0.9527	0.9662
  n	0.9666	0.9662	0.9644	0.9666	0.967	0.9653	0.9626	0.9665	0.9385	0.9664	0.9693	0.9378	0.9666	0.9657	0.9667	1.4482	0.9666	0.953	0.9665	0.9644	0.9587	0.9667	0.9667	0.9662	0.9669	0.9666	0.9667	0.9613	0.9628	0.9665	0.9667	0.9667	0.9667	0.9662	0.9616	0.958	0.9539	0.9662	0.9668	0.9668	0.9667	0.9667	0.9662	0.9666	0.9667	0	0.9577	0.9663	0.9664	0.9664	0.9606	0.9623	0.9667	0.966	0.9665	0.9679	0.9581	0.9668	0.9665	0.9667	0.9633	0.9665	0.8918	0.9524	0.9662
  o	0.9584	0.959	1.5358	0.9579	3.0996	1.9236	0.9605	0.9583	1.1041	0.9585	0.9686	8.3579	1.0583	1.4317	1.5585	0.9606	0.9584	0.9769	0.9585	0.9621	1.562	0.9579	1.1827	1.925	0.9698	1.2646	0.9577	0.9608	1.1405	1.4412	0.9579	0.9577	1.378	0.9601	0.959	10.3746	8.5795	0.9606	0.9579	0.9577	0.9579	0.9584	0.9616	0.9583	0.9578	0.9577	0	0.9588	1.1003	0.9592	1.7087	0.957	0.9579	0.9595	0.959	1.9869	0.9587	0.9577	0.962	0.9577	0.9625	0.9585	5.0753	1.0134	0.9579
  p	0.9662	0.9658	0.9647	0.9662	0.9666	0.9651	0.9629	0.9661	0.9429	0.9661	0.9692	0.942	0.9662	0.9654	0.9663	0.966	0.9662	0.9548	0.9661	0.9644	0.9596	0.9663	0.9663	0.9659	0.9666	0.9662	1.4488	0.9617	0.9632	0.9661	0.9663	0.9663	0.9663	0.9659	0.962	0.959	0.9559	0.9659	0.9663	0.9663	0.9662	0.9663	0.9659	0.9662	0.9663	0.9663	0.9588	0	0.9661	0.966	0.9615	0.9626	0.9663	1.8581	0.9661	0.9676	0.9591	0.9663	0.9661	0.9663	1.4444	0.9661	1.5069	0.9543	0.9659
  q	0.9664	0.966	2.1434	0.9664	0.9676	0.9654	1.4053	0.9662	0.9481	0.9662	0.97	1.4755	0.9664	0.9657	0.9664	0.9663	0.9663	0.956	0.9662	1.3538	0.962	1.2279	0.9664	0.9661	0.9672	0.9663	0.9664	0.9623	0.9641	0.9663	0.9664	0.9664	0.9664	0.9661	1.0446	0.9601	0.9731	0.9661	1.2727	0.9665	0.9664	0.9664	1.0837	0.9663	0.9664	0.9664	1.1003	0.9661	0	0.9662	0.9642	0.9631	0.9664	0.9659	0.9662	0.968	0.96	0.9665	0.9663	0.9665	0.964	0.9663	2.0318	0.9556	0.9661
  r	0.9663	0.9659	0.9843	0.9663	0.9668	0.9652	0.9631	0.9661	0.9463	0.9661	0.9695	0.9434	0.9663	0.9655	0.9663	0.9902	0.9663	0.9554	0.9662	0.9645	0.9674	0.9664	0.9664	0.9659	0.9667	0.9662	0.9664	0.9621	0.9634	0.9662	0.9663	0.9664	0.9664	1.3549	0.9623	0.9594	0.9911	0.966	0.9664	0.9664	0.9663	0.9663	0.966	0.9663	0.9664	0.9664	0.9592	0.966	0.9662	0	0.962	0.9629	0.9664	0.9658	0.9662	0.9677	0.9596	0.9664	0.9662	0.9664	0.9636	0.9662	1.9103	0.9549	1.456
  s	0.9614	0.9618	1.7264	0.9612	1.0403	0.968	0.9644	0.962	1.5382	0.9612	1.0798	9.5441	0.9611	0.9614	0.9608	0.9635	0.9611	1.7849	0.9612	0.9652	0.9672	0.9615	0.9608	0.9616	1.0727	0.9607	0.9606	0.9628	1.5962	0.9729	0.9608	0.9606	0.9607	0.9633	1.4677	2.2948	1.2234	0.9626	0.961	0.9609	0.9608	0.9652	0.962	0.961	0.9607	0.9606	1.7087	0.9615	0.9642	0.962	0	0.9644	0.9608	0.9623	0.9618	2.9219	1.1141	0.9606	0.961	0.9606	0.9649	0.9612	10.4529	1.235	0.9611
  t	0.9625	0.9627	0.9631	0.9627	0.963	1.1215	0.9609	0.9624	0.942	0.9626	0.9675	0.9401	0.9624	0.9634	0.9624	0.9632	0.9624	7.6291	0.9626	0.9628	0.9598	0.9631	0.9624	0.9623	0.963	0.9623	0.9624	1.4491	0.9613	0.9628	0.9624	0.9624	0.9624	0.9631	0.9593	0.9561	0.9584	0.9627	0.9624	0.9624	0.9624	0.9624	0.9628	0.9625	0.9625	0.9623	0.957	0.9626	0.9631	0.9629	0.9644	0	0.9624	0.9628	0.9629	0.9652	0.9573	0.9624	0.9623	0.9624	1.4412	0.9626	1.3398	0.9514	0.962
  u	0.9666	0.9662	0.9646	0.9666	0.9671	0.9653	0.9627	0.9665	0.9392	0.9664	0.9693	0.9386	0.9666	0.9657	0.9667	0.9662	0.9666	0.9533	0.9665	0.9644	0.9741	0.9667	0.9667	0.9662	0.967	0.9666	0.9667	0.9614	0.9629	0.9665	0.9667	0.9667	0.9667	1.0018	0.9617	0.9582	1.3629	1.0064	0.9668	0.9667	0.9667	0.9667	0.9662	0.9666	0.9667	0.9667	0.9579	0.9663	0.9664	0.9664	0.9608	0.9624	0	0.966	0.9665	0.9679	0.9583	0.9668	0.9665	0.9667	0.9634	0.9665	0.8935	1.0064	0.9662
  v	0.966	0.9657	0.9653	0.966	0.9667	0.965	0.9631	0.9659	0.946	0.9658	0.9699	0.9448	0.966	0.9654	0.966	0.9658	0.9659	0.956	0.9659	0.9644	0.9603	0.966	0.9661	0.9657	0.9665	0.9659	0.9661	0.962	0.9636	0.9659	0.966	0.966	0.966	0.9658	0.9623	0.9597	1.9102	0.9657	0.9661	0.9661	0.966	0.966	0.9657	0.966	0.966	0.966	0.9595	1.8581	0.9659	0.9658	0.9623	0.9628	0.966	0	0.9659	0.9675	0.9598	0.9661	0.9659	0.966	0.9642	0.9659	2.219	0.9555	0.9657
  w	0.9669	0.966	0.9649	0.9675	0.9668	0.9653	0.9635	0.9663	0.9434	0.9662	0.9695	1.1291	0.9664	0.9656	0.9664	1.2585	0.9664	0.9553	0.9663	0.9645	0.9599	0.9664	0.9665	0.966	0.9668	0.9663	0.9665	1.5586	0.9647	0.9664	0.9664	0.9665	0.9665	0.9661	0.9622	0.9593	0.9564	0.966	0.9665	0.9665	0.9664	0.9664	0.966	0.9663	1.1725	0.9665	0.959	0.9661	0.9662	0.9662	0.9618	0.9629	0.9665	0.9659	0	0.9678	0.9594	0.9666	0.9663	0.9665	1.4664	0.9672	1.6432	0.9547	0.9661
  x	0.968	0.9675	0.9684	0.9678	0.9694	0.9676	0.9658	0.9677	0.9594	0.9677	1.0297	4.6306	0.968	0.9674	0.968	0.9682	0.9679	0.96	0.9677	0.9666	1.4438	0.968	0.968	0.9677	0.9704	0.9678	0.9679	0.965	1.5483	0.975	0.9679	0.9679	0.968	0.9679	0.9649	1.696	1.111	0.9678	0.968	0.9682	0.9679	0.968	0.9675	0.9678	0.968	0.9679	1.9869	0.9676	0.968	0.9677	2.9219	0.9652	0.9679	0.9675	0.9678	0	0.9631	0.968	0.9679	0.9679	0.9668	0.9677	2.3405	0.9801	0.9679
  y	0.9586	0.9593	1.0005	0.9586	0.9598	0.959	0.9595	0.9586	0.9587	0.9589	0.9661	1.6533	0.9584	0.9587	0.9583	0.9603	0.9584	1.0297	0.9589	0.9616	0.9602	0.9584	0.9583	0.9588	0.9598	0.9582	0.9581	0.9612	0.9629	0.9593	0.9583	0.9582	0.9582	0.9602	0.9576	1.8951	1.7287	0.9594	0.9583	0.9582	0.9583	0.9582	0.9595	0.9637	0.9583	0.9581	0.9587	0.9591	0.96	0.9596	1.1141	0.9573	0.9583	0.9598	0.9594	0.9631	0	0.9582	0.9583	0.9582	1.4309	0.9589	2.0871	0.9516	0.958
  z	0.9666	0.9662	0.9645	0.9667	0.967	0.9653	0.9627	0.9665	0.9386	0.9665	0.9693	0.9379	0.9667	0.9657	0.9667	1.2031	0.9666	0.9531	0.9665	0.9644	0.9588	0.9667	0.9667	0.9662	0.967	0.9666	0.9668	0.9614	0.9628	0.9666	0.9667	0.9668	0.9668	0.9663	0.9616	0.958	0.954	0.9662	0.9668	0.9668	0.9667	0.9667	0.9662	0.9666	0.9668	0.9668	0.9577	0.9663	0.9665	0.9664	0.9606	0.9624	0.9668	0.9661	0.9666	0.968	0.9582	0	0.9666	0.9668	1.3059	0.9665	0.8921	0.9525	0.9662
  {	0.9664	0.966	0.9649	0.9664	0.9672	0.9653	0.9626	0.9663	0.9404	0.9663	0.9693	0.9525	0.9666	0.9657	0.9666	0.9662	0.9665	0.9534	0.9663	0.9644	0.9592	0.9665	0.9666	0.9674	0.9669	0.9664	0.9665	0.9614	0.9662	0.9664	0.9665	0.9665	0.9665	0.9662	0.9616	1.0035	1.8372	0.9661	0.9666	0.9666	0.9666	0.9665	0.9661	0.9664	0.9665	0.9665	0.962	0.9661	0.9663	0.9662	0.961	0.9623	0.9665	0.9659	0.9663	0.9679	0.9583	0.9666	0	0.9665	0.9634	0.9663	0.8978	0.953	0.9661
  |	0.9666	0.9662	0.9645	0.9666	0.967	0.9653	1.4447	0.9665	0.9386	0.9664	0.9693	0.9378	0.9666	0.9657	0.9667	0.9662	0.9666	0.953	0.9665	0.9644	0.9587	0.9667	0.9667	0.9662	0.9669	0.9666	0.9667	0.9613	0.9628	0.9665	0.9667	0.9667	0.9667	0.9662	0.9616	0.958	0.9539	0.9662	0.9668	0.9668	0.9667	0.9667	0.9662	0.9666	0.9667	0.9667	0.9577	0.9663	0.9665	0.9664	0.9606	0.9624	0.9667	0.966	0.9665	0.9679	0.9582	0.9668	0.9665	0	0.9633	0.9665	0.8921	0.9525	0.9662
  }	0.9636	0.9635	0.9661	0.9832	0.9647	0.9645	1.0566	0.9635	0.9545	0.9634	1.4505	1.8748	0.9635	0.9634	0.9634	3.2697	0.9635	1.9597	0.9634	0.9637	1.1067	0.9635	0.9634	0.9635	0.9648	0.9632	0.9633	1.9776	1.4455	1.361	0.9634	0.9633	0.9633	0.9647	0.9616	0.9618	2.5303	0.9639	0.9634	0.9633	0.9634	0.9633	0.9636	0.9634	1.4464	0.9633	0.9625	1.4444	0.964	0.9636	0.9649	1.4412	0.9634	0.9642	1.4664	0.9668	1.4309	1.3059	0.9634	0.9633	0	0.9635	4.3955	0.9602	0.9633
  ~	0.9665	0.966	0.9648	0.9664	0.9668	0.9652	1.1317	0.9663	0.9413	0.9663	0.9693	0.9405	0.9664	0.9656	0.9665	0.9661	0.9664	0.9542	0.9663	0.9645	0.9593	0.9665	0.9665	0.9661	0.9667	0.9664	0.9665	0.9616	0.9633	0.9663	0.9665	0.9665	0.9665	0.9661	0.962	0.9587	0.9552	0.9661	0.9666	0.9665	0.9665	0.9665	0.9661	0.9664	0.9665	0.9665	0.9585	0.9661	0.9663	0.9662	0.9612	0.9626	0.9665	0.9659	0.9672	0.9677	0.9589	0.9665	0.9663	0.9665	0.9635	0	1.2829	0.9537	0.9661
  	1.1108	1.7635	7.2399	0.8944	0.9314	1.3444	5.5923	0.8979	72.8101	1.3364	4.8742	17.2945	0.8952	1.3438	0.8933	2.0385	0.8952	2.0978	1.337	7.3026	7.5982	0.9104	0.894	1.2286	0.9452	0.8929	0.8918	1.319	6.1907	1.0199	0.8935	0.8923	0.8926	2.3657	2.9053	0.9662	16.1256	1.5504	0.9702	0.8928	0.8935	0.8925	1.819	1.064	0.8927	0.8918	5.0753	1.5069	2.0318	1.9103	10.4529	1.3398	0.8935	2.219	1.6432	2.3405	2.0871	0.8921	0.8978	0.8921	4.3955	1.2829	0	1.079	0.935
  	0.9533	0.9547	0.9729	0.9527	1.1065	0.954	0.957	1.9065	1.9108	0.9538	0.9655	13.0314	0.9529	0.9542	0.9527	0.957	0.9529	0.9509	0.9538	0.9594	2.3835	0.9526	0.9528	1.168	0.9618	0.9526	0.9524	0.952	1.8461	0.9553	0.9533	0.9525	0.9526	1.135	0.9548	1.4602	2.785	1.0577	0.9526	0.9525	0.9527	0.9526	0.9549	0.9532	0.9527	0.9524	1.0134	0.9543	0.9556	0.9549	1.235	0.9514	1.0064	0.9555	0.9547	0.9801	0.9516	0.9525	0.953	0.9525	0.9602	0.9537	1.079	0	0.9526
  	0.9661	0.9658	0.9649	0.9661	0.9669	0.965	0.9843	0.966	0.94	0.966	1.3697	0.9394	0.9662	0.9654	0.9662	0.9659	0.9661	0.9533	0.966	0.9643	0.959	0.9662	0.9663	0.9658	0.9668	0.966	0.9662	1.0312	0.9629	0.9661	0.9662	0.9662	0.9662	0.9659	0.9614	0.9581	1.9027	0.9658	0.9663	0.9662	0.9662	0.9662	0.9658	0.9661	0.9662	0.9662	0.9579	0.9659	0.9661	1.456	0.9611	0.962	0.9662	0.9657	0.9661	0.9679	0.958	0.9662	0.9661	0.9662	0.9633	0.9661	0.935	0.9526	0

Actual rates from j->i (Q_ij):
	A	B	C	D	E	F	G	H	I	J	K	L	M	N	O	P	Q	R	S	T	U	V	W	X	Y	Z	[	\	]	^	_	`	a	b	c	d	e	f	g	h	i	j	k	l	m	n	o	p	q	r	s	t	u	v	w	x	y	z	{	|	}	~			
  A	0	0.0178	0.0178	0.0178	0.0178	0.0178	0.0178	0.0178	0.0174	0.0178	0.0179	0.0174	0.0178	0.0178	0.0178	0.0178	0.0178	0.0176	0.0178	0.0178	0.0177	0.0178	0.0178	0.0178	0.0178	0.0178	0.0178	0.0177	0.0226	0.0178	0.0178	0.0178	0.0178	0.0178	0.0177	0.0177	0.0176	0.0178	0.0178	0.0178	0.0178	0.0178	0.0178	0.0178	0.0178	0.0178	0.0177	0.0178	0.0178	0.0178	0.0177	0.0178	0.0178	0.0178	0.0178	0.0179	0.0177	0.0178	0.0178	0.0178	0.0178	0.0178	0.0205	0.0176	0.0178
  B	0.0153	0	0.0153	0.0153	0.0153	0.0153	0.0153	0.0153	0.0153	0.0153	0.0154	0.015	0.0153	0.0153	0.0153	0.0153	0.0153	0.0152	0.0153	0.0153	0.0152	0.0153	0.0153	0.0153	0.0153	0.0153	0.0153	0.0153	0.0153	0.0153	0.0153	0.0153	0.0153	0.0153	0.0153	0.0152	0.0152	0.0153	0.0153	0.0153	0.0153	0.0153	0.0153	0.0153	0.0153	0.0153	0.0152	0.0153	0.0153	0.0153	0.0153	0.0153	0.0153	0.0153	0.0153	0.0154	0.0152	0.0153	0.0153	0.0153	0.0153	0.0153	0.028	0.0151	0.0153
  C	0.0079	0.0079	0	0.0079	0.0093	0.0079	0.0131	0.0079	0.009	0.0079	0.0081	0.0183	0.0079	0.0079	0.0079	0.009	0.0079	0.0079	0.0079	0.0107	0.0128	0.0106	0.0079	0.0079	0.0079	0.0079	0.0079	0.0079	0.0164	0.0079	0.0079	0.0079	0.0079	0.0082	0.0086	0.0137	0.0271	0.0079	0.0129	0.0079	0.0079	0.0079	0.0091	0.0079	0.0079	0.0079	0.0125	0.0079	0.0175	0.008	0.0141	0.0079	0.0079	0.0079	0.0079	0.0079	0.0082	0.0079	0.0079	0.0079	0.0079	0.0079	0.0591	0.0079	0.0079
  D	0.0185	0.0185	0.0185	0	0.0185	0.0185	0.0185	0.0185	0.018	0.0185	0.0186	0.018	0.0185	0.0185	0.0185	0.0185	0.0185	0.0655	0.0185	0.0185	0.0184	0.0185	0.0185	0.0185	0.0185	0.0185	0.0185	0.0275	0.0185	0.0185	0.0185	0.0185	0.0185	0.0185	0.0184	0.0184	0.0183	0.0185	0.0185	0.0185	0.0185	0.0185	0.0185	0.0185	0.0185	0.0185	0.0184	0.0185	0.0185	0.0185	0.0184	0.0185	0.0185	0.0185	0.0186	0.0186	0.0184	0.0185	0.0185	0.0185	0.0189	0.0185	0.0172	0.0183	0.0185
  E	0.0176	0.0176	0.0206	0.0176	0	0.0176	0.0175	0.0176	0.0173	0.0176	0.0176	0.0396	0.0176	0.0176	0.0176	0.0176	0.0176	0.0174	0.0176	0.0175	0.0175	0.0176	0.0176	0.0176	0.0176	0.0176	0.0176	0.0175	0.0194	0.0176	0.0176	0.0176	0.0176	0.0176	0.0175	0.0318	0.0217	0.0176	0.0176	0.0176	0.0176	0.0176	0.0176	0.0176	0.0176	0.0176	0.0563	0.0176	0.0176	0.0176	0.0189	0.0175	0.0176	0.0176	0.0176	0.0176	0.0174	0.0176	0.0176	0.0176	0.0175	0.0176	0.0169	0.0201	0.0176
  F	0.0165	0.0165	0.0166	0.0165	0.0166	0	0.0165	0.0165	0.0162	0.0165	0.0166	0.0162	0.0165	0.0169	0.0165	0.0247	0.0165	0.0844	0.0165	0.0165	0.0171	0.0252	0.0165	0.0165	0.0166	0.0165	0.0165	0.0226	0.0165	0.0165	0.0165	0.0165	0.0182	0.0165	0.0165	0.0331	0.0753	0.0165	0.0165	0.0165	0.0165	0.017	0.0165	0.0165	0.0165	0.0165	0.033	0.0165	0.0165	0.0165	0.0166	0.0192	0.0165	0.0165	0.0165	0.0166	0.0164	0.0165	0.0165	0.0165	0.0165	0.0165	0.023	0.0163	0.0165
  G	0.0094	0.0094	0.0157	0.0094	0.0094	0.0094	0	0.0094	0.0093	0.0094	0.0118	0.0093	0.0094	0.0094	0.0094	0.0094	0.0094	0.01	0.0094	0.0095	0.0094	0.0099	0.0094	0.0094	0.0094	0.0094	0.0094	0.0099	0.0094	0.0099	0.0094	0.0094	0.0094	0.0094	0.0095	0.0093	0.0095	0.0094	0.0094	0.0094	0.0094	0.0094	0.0099	0.0094	0.0094	0.0094	0.0093	0.0094	0.0137	0.0094	0.0094	0.0094	0.0094	0.0094	0.0094	0.0094	0.0093	0.0094	0.0094	0.0141	0.0103	0.011	0.0544	0.0093	0.0096
  H	0.0175	0.0175	0.0175	0.0175	0.0175	0.0175	0.0175	0	0.0171	0.0175	0.0176	0.0339	0.0175	0.0175	0.0175	0.0175	0.0175	0.0173	0.0175	0.0175	0.0174	0.0175	0.0175	0.0175	0.0175	0.0175	0.0175	0.0174	0.0175	0.0175	0.0175	0.0175	0.0175	0.0175	0.0174	0.0174	0.0173	0.0175	0.0175	0.0175	0.0175	0.0175	0.0175	0.0175	0.0175	0.0175	0.0174	0.0175	0.0175	0.0175	0.0175	0.0175	0.0175	0.0175	0.0175	0.0176	0.0174	0.0175	0.0175	0.0175	0.0175	0.0175	0.0163	0.0346	0.0175
  I	0.0017	0.0017	0.002	0.0017	0.0017	0.0017	0.0017	0.0017	0	0.0017	0.0023	0.0043	0.0017	0.0017	0.0017	0.0024	0.0017	0.0017	0.0017	0.0025	0.0017	0.0017	0.0017	0.0017	0.0017	0.0017	0.0017	0.0017	0.0026	0.0017	0.0017	0.0017	0.0017	0.0017	0.005	0.0017	0.0021	0.0017	0.0017	0.0017	0.0017	0.0017	0.0021	0.0017	0.0017	0.0017	0.002	0.0017	0.0017	0.0017	0.0027	0.0017	0.0017	0.0017	0.0017	0.0017	0.0017	0.0017	0.0017	0.0017	0.0017	0.0017	0.1288	0.0034	0.0017
  J	0.0168	0.0168	0.0168	0.0168	0.0168	0.0168	0.0168	0.0168	0.0164	0	0.0169	0.0164	0.0168	0.0168	0.0168	0.0168	0.0168	0.0166	0.0168	0.0168	0.0167	0.0168	0.0168	0.0168	0.0168	0.0168	0.0168	0.0167	0.0168	0.0168	0.0168	0.0168	0.0168	0.0168	0.0167	0.0167	0.0166	0.0168	0.0168	0.0168	0.0168	0.0168	0.0168	0.0168	0.0168	0.0168	0.0167	0.0168	0.0168	0.0168	0.0167	0.0168	0.0168	0.0168	0.0168	0.0168	0.0167	0.0168	0.0168	0.0168	0.0168	0.0168	0.0233	0.0166	0.0168
  K	0.0099	0.0099	0.0101	0.0099	0.0099	0.0099	0.0123	0.0099	0.0135	0.0099	0	0.0101	0.0099	0.0098	0.0099	0.0099	0.0099	0.0098	0.0099	0.0099	0.0099	0.0099	0.0099	0.0099	0.0102	0.0099	0.0099	0.0139	0.0099	0.0099	0.0099	0.0099	0.0099	0.0099	0.0099	0.0098	0.0101	0.0099	0.0099	0.0148	0.0099	0.0099	0.0099	0.0099	0.0099	0.0099	0.0098	0.0099	0.0099	0.0099	0.011	0.0098	0.0099	0.0099	0.0099	0.0105	0.0098	0.0099	0.0099	0.0099	0.0147	0.0099	0.0496	0.0098	0.0139
  L	0.0054	0.0054	0.0128	0.0054	0.0125	0.0054	0.0055	0.0107	0.0138	0.0054	0.0057	0	0.0054	0.0054	0.0054	0.0092	0.0054	0.0078	0.0054	0.0073	0.0634	0.0054	0.0054	0.0075	0.0095	0.0058	0.0054	0.0097	0.0252	0.0151	0.0054	0.0054	0.0054	0.0054	0.0054	0.0411	0.0356	0.0076	0.0056	0.0054	0.0054	0.0054	0.0054	0.0055	0.0056	0.0054	0.0479	0.0054	0.0084	0.0054	0.0547	0.0054	0.0054	0.0054	0.0065	0.0265	0.0095	0.0054	0.0055	0.0054	0.0107	0.0054	0.099	0.0746	0.0054
  M	0.0184	0.0184	0.0184	0.0184	0.0185	0.0184	0.0184	0.0184	0.0179	0.0184	0.0185	0.0179	0	0.0184	0.0184	0.0184	0.0184	0.0182	0.0184	0.0184	0.0183	0.0184	0.0184	0.0184	0.0184	0.0184	0.0184	0.0183	0.0184	0.0184	0.0184	0.0184	0.0184	0.0184	0.0183	0.0183	0.0437	0.0184	0.0184	0.0184	0.0184	0.0184	0.0184	0.0184	0.0184	0.0184	0.0202	0.0184	0.0184	0.0184	0.0183	0.0184	0.0184	0.0184	0.0184	0.0185	0.0183	0.0184	0.0184	0.0184	0.0184	0.0184	0.0171	0.0182	0.0184
  N	0.0164	0.0164	0.0164	0.0164	0.0164	0.0168	0.0164	0.0164	0.016	0.0164	0.0165	0.016	0.0164	0	0.0164	0.0164	0.0164	0.0263	0.0164	0.0164	0.0199	0.0164	0.0164	0.0164	0.0164	0.0164	0.0164	0.0164	0.0164	0.0164	0.0164	0.0164	0.0164	0.0164	0.0164	0.0163	0.0191	0.0164	0.0164	0.0164	0.0164	0.0164	0.0164	0.0164	0.0164	0.0164	0.0244	0.0164	0.0164	0.0164	0.0164	0.0164	0.0164	0.0164	0.0164	0.0165	0.0163	0.0164	0.0164	0.0164	0.0164	0.0164	0.0229	0.0162	0.0164
  O	0.0188	0.0188	0.0188	0.0188	0.0188	0.0188	0.0187	0.0188	0.0183	0.0188	0.0189	0.0183	0.0188	0.0188	0	0.0188	0.0188	0.0186	0.0188	0.0188	0.0187	0.0188	0.0188	0.0188	0.0188	0.0188	0.0188	0.0187	0.0189	0.0188	0.0188	0.0188	0.0188	0.0188	0.0187	0.0232	0.0221	0.0188	0.0188	0.0188	0.0188	0.0188	0.0188	0.0188	0.0188	0.0188	0.0303	0.0188	0.0188	0.0188	0.0187	0.0187	0.0188	0.0188	0.0188	0.0188	0.0187	0.0188	0.0188	0.0188	0.0188	0.0188	0.0174	0.0185	0.0188
  P	0.0147	0.0147	0.0167	0.0147	0.0147	0.0219	0.0146	0.0147	0.0206	0.0147	0.0148	0.0245	0.0147	0.0147	0.0147	0	0.0147	0.0308	0.0147	0.0147	0.0186	0.0147	0.0147	0.0147	0.0147	0.0147	0.0147	0.0146	0.0147	0.0147	0.0147	0.0147	0.0147	0.0155	0.0146	0.0146	0.0217	0.0147	0.0147	0.0147	0.0147	0.0147	0.0147	0.0147	0.0147	0.022	0.0146	0.0147	0.0147	0.0151	0.0147	0.0146	0.0147	0.0147	0.0191	0.0147	0.0146	0.0183	0.0147	0.0147	0.0497	0.0147	0.031	0.0146	0.0147
  Q	0.0184	0.0184	0.0184	0.0184	0.0184	0.0184	0.0183	0.0184	0.0179	0.0184	0.0185	0.0179	0.0184	0.0184	0.0184	0.0184	0	0.0182	0.0184	0.0184	0.0183	0.0184	0.0184	0.0184	0.0184	0.0184	0.0184	0.0183	0.0183	0.0184	0.0184	0.0184	0.0184	0.0184	0.0183	0.0183	0.0453	0.0184	0.0184	0.0184	0.0184	0.0184	0.0184	0.0184	0.0184	0.0184	0.0183	0.0184	0.0184	0.0184	0.0183	0.0183	0.0184	0.0184	0.0184	0.0184	0.0183	0.0184	0.0184	0.0184	0.0183	0.0184	0.017	0.0181	0.0184
  R	0.0122	0.0122	0.0123	0.0437	0.0122	0.0631	0.0131	0.0122	0.0125	0.0122	0.0123	0.0175	0.0122	0.0198	0.0122	0.0259	0.0122	0	0.0122	0.0123	0.0141	0.0253	0.0122	0.0122	0.0122	0.0122	0.0122	0.051	0.0123	0.0124	0.0122	0.0122	0.0122	0.0123	0.0123	0.0123	0.0814	0.0122	0.0122	0.0122	0.0122	0.0122	0.0122	0.0122	0.0122	0.0122	0.0125	0.0122	0.0122	0.0122	0.0229	0.0977	0.0122	0.0122	0.0122	0.0123	0.0132	0.0122	0.0122	0.0122	0.0251	0.0122	0.0269	0.0122	0.0122
  S	0.0168	0.0168	0.0168	0.0168	0.0168	0.0168	0.0168	0.0168	0.0164	0.0168	0.0169	0.0164	0.0168	0.0168	0.0168	0.0168	0.0168	0.0166	0	0.0168	0.0167	0.0168	0.0168	0.0168	0.0168	0.0168	0.0168	0.0167	0.0168	0.0168	0.0168	0.0168	0.0168	0.0168	0.0167	0.0167	0.0166	0.0168	0.0168	0.0168	0.0168	0.0168	0.0168	0.0168	0.0168	0.0168	0.0167	0.0168	0.0168	0.0168	0.0167	0.0168	0.0168	0.0168	0.0168	0.0168	0.0167	0.0168	0.0168	0.0168	0.0168	0.0168	0.0233	0.0166	0.0168
