Map from character to field name
A:	Algeria
B:	Argentina
C:	Australia
D:	Austria
E:	Bangladesh
F:	Belgium
G:	Brazil
H:	Cambodia
I:	Canada
J:	Chad
K:	Chile
L:	China
M:	Czech Republic
N:	Denmark
O:	Egypt
P:	France
Q:	Georgia
R:	Germany
S:	Guam
T:	Guatemala
U:	Hong Kong
V:	Hungary
W:	Iceland
X:	India
Y:	Indonesia
Z:	Iran
[:	Ireland
\:	Italy
]:	Japan
^:	Kazakhstan
_:	Kuwait
`:	Laos
a:	Luxembourg
b:	Malaysia
c:	Mexico
d:	Mongolia
e:	Netherlands
f:	New Zealand
g:	Nicaragua
h:	Nigeria
i:	Norway
j:	Pakistan
k:	Peru
l:	Philippines
m:	Poland
n:	Romania
o:	Russia
p:	Saudi Arabia
q:	Singapore
r:	South Africa
s:	South Korea
t:	Spain
u:	Sri Lanka
v:	Sweden
w:	Switzerland
x:	Taiwan
y:	Thailand
z:	Turkey
{:	Ukraine
|:	United Arab Emirates
}:	United Kingdom
~:	Uruguay
:	Usa
:	Vietnam
:	Zambia
:	?


Substitution rate (mu): 15.348812

Equilibrium frequencies (pi_i):
  A: 0.0187
  B: 0.0162
  C: 0.0079
  D: 0.0196
  E: 0.0186
  F: 0.0174
  G: 0.0092
  H: 0.0188
  I: 0.0018
  J: 0.0176
  K: 0.0111
  L: 0.0064
  M: 0.0193
  N: 0.0172
  O: 0.0197
  P: 0.0153
  Q: 0.0193
  R: 0.0122
  S: 0.0176
  T: 0.0074
  U: 0.0069
  V: 0.0191
  W: 0.0196
  X: 0.0175
  Y: 0.0186
  Z: 0.0196
  [: 0.0196
  \: 0.0163
  ]: 0.0083
  ^: 0.0173
  _: 0.0195
  `: 0.0198
  a: 0.0197
  b: 0.0136
  c: 0.0124
  d: 0.0128
  e: 0.0051
  f: 0.016
  g: 0.0163
  h: 0.0198
  i: 0.0195
  j: 0.0197
  k: 0.0145
  l: 0.0188
  m: 0.0197
  n: 0.0199
  o: 0.0083
  p: 0.0156
  q: 0.0128
  r: 0.016
  s: 0.0061
  t: 0.0179
  u: 0.0196
  v: 0.0152
  w: 0.0166
  x: 0.0129
  y: 0.0153
  z: 0.0199
  {: 0.0194
  |: 0.0186
  }: 0.0109
  ~: 0.0179
  : 0.0051
  : 0.0113
  : 0.0193

Symmetrized rates from j->i (W_ij):
	A	B	C	D	E	F	G	H	I	J	K	L	M	N	O	P	Q	R	S	T	U	V	W	X	Y	Z	[	\	]	^	_	`	a	b	c	d	e	f	g	h	i	j	k	l	m	n	o	p	q	r	s	t	u	v	w	x	y	z	{	|	}	~			
  A	0	0.9658	0.9649	0.9662	0.9667	0.9649	0.9625	0.9661	0.9403	0.966	0.9692	0.9406	0.9661	0.9653	0.9662	0.9657	0.9661	0.953	0.966	0.9641	0.959	0.9662	0.9662	0.9658	0.9664	0.9661	0.9662	0.9609	1.2234	0.966	0.9662	0.9663	0.9662	0.9658	0.9614	0.9581	0.9551	0.9657	0.9661	0.9662	0.9662	0.9662	0.9657	0.9661	0.9662	0.9662	0.9578	0.9658	0.9659	0.9659	0.9607	0.9621	0.9662	0.9658	0.9665	0.9676	0.9581	0.9663	0.9661	0.9661	0.9632	0.9661	1.107	0.9529	0.9658
  B	0.9658	0	0.9647	0.9658	0.9662	0.9647	0.9626	0.9657	0.9438	0.9656	1.094	0.9429	0.9658	0.965	0.9658	0.9654	0.9657	0.9545	0.9656	0.964	0.9594	0.9658	0.9658	0.9654	0.9662	0.9657	0.9658	0.9613	0.9628	0.9657	0.9658	0.9658	0.9658	0.9654	0.9617	0.9587	0.9562	0.9654	0.9658	0.9658	0.9658	0.9658	0.9654	0.9657	0.9658	0.9658	0.9584	0.9655	0.9656	0.9656	0.9611	0.9622	0.9658	0.9654	0.9657	0.9673	0.9588	0.9659	0.9657	0.9657	1.0247	0.9657	1.7314	0.9542	0.9654
  C	0.9649	0.9647	0	0.9644	1.1347	0.9672	1.1152	0.9646	1.1333	0.9645	1.0166	1.9146	0.9651	0.9646	0.9647	1.1978	0.9652	0.9622	0.9645	1.0282	1.7712	1.0287	0.9647	0.965	0.9661	0.9644	0.9644	0.9676	1.5528	0.995	1.0742	0.9646	0.9644	1.0167	0.965	1.6656	3.1577	0.9656	1.058	0.9644	0.9646	0.9644	0.9693	0.9646	0.9644	0.9644	1.4546	0.9648	1.2684	0.9839	1.0745	0.963	0.9646	0.9654	0.9648	0.9681	0.9845	0.9644	0.9649	0.9644	1.0087	0.9647	8.2552	1.2252	0.965
  D	0.9662	0.9658	0.9644	0	0.9667	0.9652	0.9622	0.9661	0.9388	0.966	0.9692	0.9389	0.9663	0.9656	0.9663	0.9658	0.9662	2.8622	0.9661	0.9639	0.9588	0.9665	0.9663	0.9658	0.9666	0.9662	0.9663	1.4387	0.9623	0.9661	0.9663	0.9663	0.9663	0.9657	0.9612	0.9576	0.9543	0.9657	0.9662	0.9664	0.9663	0.9663	0.9657	0.9662	0.9664	0.9663	0.9572	0.9659	0.9659	0.966	0.9602	0.9622	0.9663	0.9658	0.9668	0.9676	0.958	0.9664	0.9662	0.9662	0.9652	0.9661	0.8913	0.9522	0.9659
  E	0.9667	0.9662	1.1347	0.9667	0	0.967	0.9633	0.9667	0.9525	0.9664	0.9705	1.9884	0.9672	0.9659	0.967	0.9666	0.9672	0.9549	0.9665	0.9647	0.9619	0.9671	0.967	0.9665	0.9677	0.9669	0.9667	0.9627	1.0742	0.9669	0.967	0.9669	0.9668	0.9669	0.9621	1.7092	1.1777	0.9667	0.9673	0.9668	0.9669	0.9667	0.9664	0.9667	0.9667	0.9667	3.1159	0.9663	0.9672	0.9664	1.2598	0.9626	0.9668	0.9665	0.9665	0.969	0.9592	0.9668	0.9669	0.9666	0.9645	0.9665	0.9299	1.1134	0.9667
  F	0.9649	0.9647	0.9672	0.9652	0.967	0	0.962	0.9648	0.9448	0.9648	0.9693	0.9449	0.965	0.9865	0.9653	1.443	0.9653	4.8104	0.9649	0.9636	0.9937	1.7787	0.9654	0.965	0.9661	0.9648	0.9649	1.3241	0.9638	0.9652	0.965	0.9649	1.0608	0.9651	0.9609	1.9293	4.3898	0.9648	0.9651	0.965	0.9649	0.9931	0.9647	0.9649	0.965	0.9649	1.9235	0.9648	0.9652	0.9649	0.9678	1.1621	0.965	0.9648	0.965	0.9674	0.9584	0.965	0.9651	0.9649	0.9635	0.9649	1.3423	0.9536	0.9647
  G	0.9625	0.9626	1.1152	0.9622	0.9633	0.962	0	0.9623	0.9576	0.9624	1.5741	0.9538	0.9622	0.9622	0.9622	0.9628	0.9622	0.9573	0.9624	1.1063	0.9612	1.044	0.9622	0.9624	0.9634	0.9621	0.9622	0.9956	0.9631	1.0173	0.9622	0.9622	0.9622	0.963	0.9624	0.9595	0.9661	0.9626	0.9739	0.9622	0.9622	0.9622	0.9887	0.9623	0.9622	0.9622	0.9647	0.9627	1.3407	0.9627	0.9754	0.9605	0.9622	0.9631	0.9631	0.9656	0.9592	0.9622	0.9622	1.2402	1.0473	1.1233	6.1803	0.957	0.9838
  H	0.9661	0.9657	0.9646	0.9661	0.9667	0.9648	0.9623	0	0.9407	0.9659	0.9692	1.5813	0.9661	0.9652	0.9662	0.9657	0.9661	0.9528	0.966	0.9639	0.9589	0.9662	0.9662	0.9657	0.9667	0.966	0.9662	0.9608	1.2586	0.966	0.9662	0.9662	0.9662	0.9656	0.9613	0.958	0.9548	0.9656	0.9661	0.9662	0.9661	0.9662	0.9656	0.966	0.9662	0.9662	0.9574	0.9657	0.9658	0.9658	0.9621	0.962	0.9662	0.9656	0.966	0.9675	0.958	0.9662	0.966	0.966	0.9631	0.966	0.8945	1.9065	0.9657
  I	0.9403	0.9438	1.1333	0.9388	0.9525	0.9448	0.9576	0.9407	0	0.9412	1.3554	2.317	0.9398	0.942	0.9387	1.3465	0.9399	0.9763	0.9412	1.4343	0.9727	0.9411	0.9388	0.9429	0.9734	0.9387	0.9384	0.9449	1.4445	0.9446	0.939	0.9384	0.9385	0.9509	2.8284	0.9883	1.1785	0.9637	0.9472	0.9389	0.939	0.9386	1.0979	0.9395	0.9385	0.9382	1.1061	0.9445	0.9541	0.9447	1.56	0.9415	0.9388	0.946	0.9431	0.9594	0.957	0.9383	0.9404	0.9395	0.9543	0.941	73.6825	1.9709	0.9399
  J	0.966	0.9656	0.9645	0.966	0.9664	0.9648	0.9624	0.9659	0.9412	0	0.969	0.9408	0.966	0.9652	0.9661	0.9656	0.966	0.9536	0.9659	0.964	0.959	0.9661	0.9661	0.9656	0.9663	0.9659	0.9661	0.961	0.9626	0.9659	0.9661	0.9661	0.9661	0.9655	0.9615	0.9582	0.9551	0.9656	0.966	0.9661	0.966	0.9661	0.9655	0.966	0.9661	0.9661	0.9578	0.9657	0.9657	0.9658	0.9604	0.9621	0.9661	0.9656	0.9659	0.9673	0.9584	0.9661	0.9659	0.966	0.9631	0.9659	1.3341	0.9534	0.9656
  K	0.9692	1.094	1.0166	0.9692	0.9705	0.9693	1.5741	0.9692	1.3554	0.969	0	0.9848	0.9692	0.9686	0.9692	0.97	0.9692	0.9626	0.969	0.9695	0.9679	0.9696	0.9691	0.9691	1.0006	0.969	0.9693	1.3674	0.9714	0.9698	0.9691	0.9691	0.9691	0.9695	0.9691	0.967	0.9966	0.9694	0.9699	1.4507	0.9691	0.9691	0.9692	0.969	0.9692	0.9691	0.9679	0.9694	0.9704	0.9693	1.0915	0.967	0.9691	0.9703	0.9693	1.0307	0.9653	0.9692	0.9691	0.969	1.4501	0.9691	4.3077	0.9645	1.274
  L	0.9406	0.9429	1.9146	0.9389	1.9884	0.9449	0.9538	1.5813	2.317	0.9408	0.9848	0	0.9392	0.9438	0.9391	1.756	0.9393	1.3658	0.9408	1.2405	11.7376	0.9402	0.9398	1.1575	1.5916	0.9882	0.9381	1.7007	4.1222	2.6259	0.9388	0.938	0.9383	0.9647	0.9497	6.8819	5.2861	1.3358	0.9451	0.9382	0.9386	0.9386	0.9455	0.9396	0.9714	0.9379	7.9065	0.9438	1.8928	0.9434	9.1711	0.9399	0.9389	0.945	1.1341	4.5142	1.6519	0.9381	0.9501	0.9393	1.6204	0.9405	15.7247	12.9508	0.9395
  M	0.9661	0.9658	0.9651	0.9663	0.9672	0.965	0.9622	0.9661	0.9398	0.966	0.9692	0.9392	0	0.9654	0.9664	0.9658	0.9662	0.9527	0.9661	0.964	0.9589	0.9663	0.9664	0.9659	0.9668	0.9661	0.9663	0.9608	0.9627	0.9662	0.9663	0.9663	0.9663	0.9657	0.9613	0.9584	2.2817	0.9657	0.9662	0.9663	0.9663	0.9663	0.9657	0.9662	0.9663	0.9663	1.0699	0.9658	0.9659	0.966	0.9603	0.962	0.9663	0.9657	0.966	0.9677	0.9579	0.9663	0.9662	0.9662	0.9632	0.9661	0.8932	0.9525	0.9658
  N	0.9653	0.965	0.9646	0.9656	0.9659	0.9865	0.9622	0.9652	0.942	0.9652	0.9686	0.9438	0.9654	0	0.9654	0.9654	0.9654	1.5429	0.9652	0.9637	1.1642	0.9657	0.9654	0.965	0.9657	0.9652	0.9653	0.9617	0.9626	0.9653	0.9654	0.9653	0.9654	0.9657	0.9611	0.9584	1.1265	0.9651	0.9654	0.9654	0.9654	0.9653	0.965	0.9653	0.9653	0.9653	1.4301	0.9651	0.9653	0.9652	0.9606	0.963	0.9654	0.9651	0.9652	0.967	0.9582	0.9654	0.9653	0.9652	0.963	0.9652	1.3404	0.9538	0.965
  O	0.9662	0.9658	0.9647	0.9663	0.967	0.9653	0.9622	0.9662	0.9387	0.9661	0.9692	0.9391	0.9664	0.9654	0	0.9658	0.9663	0.9525	0.9661	0.9639	0.9587	0.9664	0.9664	0.9659	0.9667	0.9662	0.9663	0.9608	0.9721	0.9662	0.9664	0.9664	0.9664	0.9658	0.9612	1.2027	1.1036	0.9658	0.9662	0.9664	0.9663	0.9664	0.9657	0.9662	0.9664	0.9664	1.5776	0.9659	0.9659	0.966	0.96	0.9619	0.9664	0.9658	0.9661	0.9677	0.9579	0.9664	0.9663	0.9662	0.9631	0.9661	0.8912	0.9524	0.9659
  P	0.9657	0.9654	1.1978	0.9658	0.9666	1.443	0.9628	0.9657	1.3465	0.9656	0.97	1.756	0.9658	0.9654	0.9658	0	0.9658	2.3926	0.9656	0.9641	1.0686	0.9673	0.9658	0.9654	0.9667	0.9657	0.9658	0.9622	0.964	0.966	0.9658	0.9658	0.9658	1.0426	0.9619	0.96	1.0386	0.9655	0.9658	0.9658	0.9658	0.9658	0.9654	0.9657	0.9661	1.4475	0.9599	0.9655	0.9658	0.9984	0.9625	0.9626	0.9658	0.9655	1.2609	0.9676	0.9597	1.2133	0.9657	0.9657	2.8117	0.9657	2.0365	0.9564	0.9655
  Q	0.9661	0.9657	0.9652	0.9662	0.9672	0.9653	0.9622	0.9661	0.9399	0.966	0.9692	0.9393	0.9662	0.9654	0.9663	0.9658	0	0.9527	0.966	0.9639	0.959	0.9662	0.9663	0.9658	0.9668	0.9661	0.9662	0.9608	0.9627	0.9661	0.9663	0.9663	0.9663	0.9657	0.9612	0.9585	2.3751	0.9657	0.9662	0.9663	0.9662	0.9662	0.9657	0.9661	0.9663	0.9663	0.9607	0.9658	0.9659	0.9659	0.9603	0.9619	0.9663	0.9657	0.966	0.9677	0.9579	0.9663	0.9662	0.9661	0.9632	0.9661	0.8933	0.9525	0.9658
  R	0.953	0.9545	0.9622	2.8622	0.9549	4.8104	0.9573	0.9528	0.9763	0.9536	0.9626	1.3658	0.9527	1.5429	0.9525	2.3926	0.9527	0	0.9536	0.9595	1.0914	1.7352	0.9526	0.9538	0.9546	0.9523	0.9524	4.2478	0.9596	0.9542	0.9525	0.9522	0.9524	0.9566	0.9566	0.957	6.1955	0.9553	0.9547	0.9523	0.9525	0.9524	0.9556	0.9529	0.9525	0.9522	0.9783	0.9549	0.957	0.9547	1.8019	7.5112	0.9525	0.9552	0.9547	0.9593	1.0345	0.9524	0.9527	0.953	1.8384	0.9535	2.3444	0.9507	0.9526
  S	0.966	0.9656	0.9645	0.9661	0.9665	0.9649	0.9624	0.966	0.9412	0.9659	0.969	0.9408	0.9661	0.9652	0.9661	0.9656	0.966	0.9536	0	0.964	0.959	0.9661	0.9661	0.9657	0.9664	0.966	0.9661	0.9611	0.9626	0.966	0.9661	0.9661	0.9661	0.9656	0.9615	0.9583	0.9551	0.9656	0.966	0.9662	0.9661	0.9661	0.9656	0.966	0.9661	0.9661	0.9578	0.9657	0.9658	0.9658	0.9604	0.9622	0.9661	0.9656	0.9659	0.9674	0.9584	0.9662	0.966	0.966	0.9631	0.966	1.3343	0.9534	0.9657
  T	0.9641	0.964	1.0282	0.9639	0.9647	0.9636	1.1063	0.9639	1.4343	0.964	0.9695	1.2405	0.964	0.9637	0.9639	0.9641	0.9639	0.9595	0.964	0	0.962	0.9641	0.964	0.9639	0.965	0.9639	0.964	0.9621	0.9638	0.9641	0.964	0.9639	0.964	0.9641	0.9769	0.9614	0.9659	0.964	0.9651	0.964	0.9639	0.9639	1.0213	0.964	0.9639	0.9639	0.9616	0.9641	0.9805	0.9641	0.965	0.9624	0.964	0.9641	0.9641	0.9662	0.9613	0.964	0.9639	0.964	0.9634	0.9641	7.9353	0.9592	0.9638
  U	0.959	0.9594	1.7712	0.9588	0.9619	0.9937	0.9612	0.9589	0.9727	0.959	0.9679	11.7376	0.9589	1.1642	0.9587	1.0686	0.959	1.0914	0.959	0.962	0	0.9593	0.9588	0.9594	0.9624	0.9584	0.9584	1.1972	1.8964	0.9602	0.9587	0.9584	0.9585	2.5133	0.9595	0.9618	6.1585	1.037	0.9601	0.9584	0.9586	0.9585	0.96	0.9841	0.9586	0.9584	1.4431	0.9597	0.9614	0.9681	0.9671	0.9594	0.9971	0.9601	0.9597	1.4432	0.9586	0.9585	0.959	0.9587	1.1205	0.959	6.7783	2.2954	0.9588
  V	0.9662	0.9658	1.0287	0.9665	0.9671	1.7787	1.044	0.9662	0.9411	0.9661	0.9696	0.9402	0.9663	0.9657	0.9664	0.9673	0.9662	1.7352	0.9661	0.9641	0.9593	0	0.9664	0.9659	0.9669	0.9662	0.9663	0.9851	0.9628	0.9662	0.9664	0.9663	0.9664	0.9658	0.9614	0.9581	1.4327	0.9658	0.9706	0.9664	0.9663	0.9664	0.966	0.9662	0.9664	0.9664	0.9577	0.9659	1.1634	0.966	0.9621	0.967	0.9664	0.9658	0.9661	0.9678	0.9582	0.9664	0.9662	0.9662	0.9633	0.9662	1.1127	0.9527	0.9659
  W	0.9662	0.9658	0.9647	0.9663	0.967	0.9654	0.9622	0.9662	0.9388	0.9661	0.9691	0.9398	0.9664	0.9654	0.9664	0.9658	0.9663	0.9526	0.9661	0.964	0.9588	0.9664	0	0.966	0.9667	0.9662	0.9663	0.9609	0.9625	0.9662	0.9664	0.9664	0.9664	0.9658	0.9612	0.9595	1.2155	0.9658	0.9663	0.9664	0.9664	0.9664	0.9658	0.9663	0.9664	0.9664	1.2078	0.9659	0.966	0.966	0.96	0.962	0.9664	0.9658	0.9661	0.9677	0.9579	0.9664	0.9663	0.9662	0.9631	0.9662	0.8919	0.9524	0.9659
  X	0.9658	0.9654	0.965	0.9658	0.9665	0.965	0.9624	0.9657	0.9429	0.9656	0.9691	1.1575	0.9659	0.965	0.9659	0.9654	0.9658	0.9538	0.9657	0.9639	0.9594	0.9659	0.966	0	0.9663	0.9657	0.9658	0.961	0.9639	0.9658	0.9659	0.9658	0.9659	0.9655	0.9614	0.9999	1.3952	0.9654	0.9658	0.9659	0.9658	0.9659	0.9654	0.9658	0.9659	0.9658	1.9355	0.9655	0.9656	0.9656	0.9609	0.9619	0.9659	0.9655	0.9657	0.9674	0.9584	0.9659	0.9676	0.9657	0.9631	0.9657	1.339	1.1865	0.9655
  Y	0.9664	0.9662	0.9661	0.9666	0.9677	0.9661	0.9634	0.9667	0.9734	0.9663	1.0006	1.5916	0.9668	0.9657	0.9667	0.9667	0.9668	0.9546	0.9664	0.965	0.9624	0.9669	0.9667	0.9663	0	0.9665	0.9665	0.962	0.9648	0.9683	0.9667	0.9666	0.9666	0.9665	0.9628	0.9644	1.0137	0.9665	0.9671	0.9669	0.9667	0.9666	0.9662	0.9665	0.9666	0.9666	0.9713	0.9662	0.9671	0.9664	1.1301	0.9625	0.9667	0.9664	0.9665	0.9701	0.9591	0.9667	0.9666	0.9664	0.9643	0.9664	0.9398	0.9609	0.9665
  Z	0.9661	0.9657	0.9644	0.9662	0.9669	0.9648	0.9621	0.966	0.9387	0.9659	0.969	0.9882	0.9661	0.9652	0.9662	0.9657	0.9661	0.9523	0.966	0.9639	0.9584	0.9662	0.9662	0.9657	0.9665	0	0.9662	0.9606	0.9623	0.966	0.9662	0.9662	0.9662	0.9656	0.9611	1.0353	0.9541	0.9656	0.9661	0.9662	0.9662	0.9662	0.9656	0.9661	0.9662	0.9662	1.305	0.9658	0.9658	0.9659	0.9598	0.9618	0.9662	0.9657	0.966	0.9675	0.9577	0.9663	0.9661	0.9661	0.9629	0.966	0.8906	0.9522	0.9657
  [	0.9662	0.9658	0.9644	0.9663	0.9667	0.9649	0.9622	0.9662	0.9384	0.9661	0.9693	0.9381	0.9663	0.9653	0.9663	0.9658	0.9662	0.9524	0.9661	0.964	0.9584	0.9663	0.9663	0.9658	0.9665	0.9662	0	0.9607	0.9623	0.9661	0.9663	0.9663	0.9664	0.9657	0.9612	0.9576	0.9539	0.9658	0.9662	0.9664	0.9663	0.9663	0.9657	0.9662	0.9663	0.9664	0.9571	1.353	0.9659	0.966	0.9598	0.9619	0.9664	1.1863	0.9661	0.9676	0.9578	0.9664	0.9662	0.9662	0.963	0.9661	0.9494	0.9522	0.9659
  \	0.9609	0.9613	0.9676	1.4387	0.9627	1.3241	0.9956	0.9608	0.9449	0.961	1.3674	1.7007	0.9608	0.9617	0.9608	0.9622	0.9608	4.2478	0.9611	0.9621	1.1972	0.9851	0.9609	0.961	0.962	0.9606	0.9607	0	0.9615	0.9614	0.9608	0.9607	0.9607	0.962	0.9585	0.9563	3.87	0.9621	0.9616	0.9607	0.9607	0.9607	0.9616	0.9609	1.0605	0.9607	0.9609	0.9614	0.9624	0.9615	0.962	1.5042	0.9608	0.9615	1.6797	0.9643	0.9607	0.9607	0.9608	0.9609	1.6176	0.9611	1.4815	0.9518	1.1368
  ]	1.2234	0.9628	1.5528	0.9623	1.0742	0.9638	0.9631	1.2586	1.4445	0.9626	0.9714	4.1222	0.9627	0.9626	0.9721	0.964	0.9627	0.9596	0.9626	0.9638	1.8964	0.9628	0.9625	0.9639	0.9648	0.9623	0.9623	0.9615	0	0.9632	0.9625	1.4425	0.9623	0.9699	0.9617	2.9633	2.3285	1.2014	0.9633	0.9623	0.9624	0.9624	0.9632	0.9625	0.9624	0.9623	1.2201	0.9629	0.964	0.9629	2.0839	0.9608	0.9624	0.9632	0.9642	1.575	0.9617	0.9623	0.9674	0.9624	1.4448	0.9628	6.8003	2.0478	0.9625
  ^	0.966	0.9657	0.995	0.9661	0.9669	0.9652	1.0173	0.966	0.9446	0.9659	0.9698	2.6259	0.9662	0.9653	0.9662	0.966	0.9661	0.9542	0.966	0.9641	0.9602	0.9662	0.9662	0.9658	0.9683	0.966	0.9661	0.9614	0.9632	0	0.9662	0.9662	0.9662	0.9657	0.9617	1.4606	1.1079	0.9657	0.9661	0.9662	0.9662	0.9662	0.9656	0.9661	0.9663	0.9662	1.4426	0.9658	0.9659	0.9659	1.0683	0.9623	0.9662	0.9657	0.966	0.9743	0.9588	0.9662	0.9661	0.966	1.3614	0.966	1.017	0.9551	0.9658
  _	0.9662	0.9658	1.0742	0.9663	0.967	0.965	0.9622	0.9662	0.939	0.9661	0.9691	0.9388	0.9663	0.9654	0.9664	0.9658	0.9663	0.9525	0.9661	0.964	0.9587	0.9664	0.9664	0.9659	0.9667	0.9662	0.9663	0.9608	0.9625	0.9662	0	0.9664	0.9664	0.9658	0.9612	0.9578	1.3174	0.9658	0.9663	0.9664	0.9663	0.9663	0.9657	0.9662	0.9664	0.9664	0.9573	0.9659	0.9659	0.966	0.9599	0.962	0.9664	0.9658	0.9661	0.9676	0.9578	0.9664	0.9662	0.9662	0.9631	0.9662	0.8916	0.9904	0.9659
  `	0.9663	0.9658	0.9646	0.9663	0.9669	0.9649	0.9622	0.9662	0.9384	0.9661	0.9691	0.938	0.9663	0.9653	0.9664	0.9658	0.9663	0.9522	0.9661	0.9639	0.9584	0.9663	0.9664	0.9658	0.9666	0.9662	0.9663	0.9607	1.4425	0.9662	0.9664	0	0.9664	0.9657	0.9612	0.9576	0.9539	0.9658	0.9662	0.9664	0.9663	0.9663	0.9657	0.9662	0.9664	0.9664	0.957	0.9659	0.9659	0.966	0.9598	0.9619	0.9664	0.9658	0.9661	0.9676	0.9577	0.9664	0.9662	0.9662	0.9629	0.9662	0.8901	0.9521	0.9659
  a	0.9662	0.9658	0.9644	0.9663	0.9668	1.0608	0.9622	0.9662	0.9385	0.9661	0.9691	0.9383	0.9663	0.9654	0.9664	0.9658	0.9663	0.9524	0.9661	0.964	0.9585	0.9664	0.9664	0.9659	0.9666	0.9662	0.9664	0.9607	0.9623	0.9662	0.9664	0.9664	0	0.9657	0.9612	0.958	0.9542	0.9658	0.9663	0.9664	0.9663	0.9664	0.9657	0.9662	0.9664	0.9664	1.3769	0.9659	0.966	0.966	0.9598	0.962	0.9664	0.9658	0.9661	0.9677	0.9577	0.9664	0.9662	0.9662	0.963	0.9662	0.8904	0.9522	0.9659
  b	0.9658	0.9654	1.0167	0.9657	0.9669	0.9651	0.963	0.9656	0.9509	0.9655	0.9695	0.9647	0.9657	0.9657	0.9658	1.0426	0.9657	0.9566	0.9656	0.9641	2.5133	0.9658	0.9658	0.9655	0.9665	0.9656	0.9657	0.962	0.9699	0.9657	0.9658	0.9657	0.9657	0	0.9622	0.9602	2.7846	1.1478	0.9657	0.9658	0.9657	0.9657	0.9653	0.9657	0.9657	0.9657	0.9598	0.9654	0.9656	1.3613	0.9626	0.9627	1.0687	0.9654	0.9656	0.9673	0.96	0.9658	0.9657	0.9656	0.9643	0.9656	2.767	1.0045	0.9655
  c	0.9614	0.9617	0.965	0.9612	0.9621	0.9609	0.9624	0.9613	2.8284	0.9615	0.9691	0.9497	0.9613	0.9611	0.9612	0.9619	0.9612	0.9566	0.9615	0.9769	0.9595	0.9614	0.9612	0.9614	0.9628	0.9611	0.9612	0.9585	0.9617	0.9617	0.9612	0.9612	0.9612	0.9622	0	0.9577	0.9597	0.9617	0.962	0.9612	0.9612	0.9612	1.0574	0.9613	0.9612	0.9612	0.9583	0.9619	1.1578	0.9618	1.4662	0.9589	0.9612	0.9619	0.9618	0.9644	0.957	0.9612	0.9612	0.9614	0.9612	0.9615	2.9473	0.9543	0.961
  d	0.9581	0.9587	1.6656	0.9576	1.7092	1.9293	0.9595	0.958	0.9883	0.9582	0.967	6.8819	0.9584	0.9584	1.2027	0.96	0.9585	0.957	0.9583	0.9614	0.9618	0.9581	0.9595	0.9999	0.9644	1.0353	0.9576	0.9563	2.9633	1.4606	0.9578	0.9576	0.958	0.9602	0.9577	0	3.5659	0.9592	0.9591	0.9576	0.9578	1.4151	0.9594	0.9579	0.9576	0.9575	10.5518	0.959	0.9607	0.9589	2.5138	0.9556	0.9577	0.9593	0.9588	1.652	1.9004	0.9575	1.0226	0.9579	0.9612	0.9582	0.9709	1.4905	0.9577
  e	0.9551	0.9562	3.1577	0.9543	1.1777	4.3898	0.9661	0.9548	1.1785	0.9551	0.9966	5.2861	2.2817	1.1265	1.1036	1.0386	2.3751	6.1955	0.9551	0.9659	6.1585	1.4327	1.2155	1.3952	1.0137	0.9541	0.9539	3.87	2.3285	1.1079	1.3174	0.9539	0.9542	2.7846	0.9597	3.5659	0	1.9331	0.959	0.9538	1.4167	0.9542	1.1025	1.2547	0.9541	0.9538	8.1627	0.9566	0.9648	0.9908	1.4482	0.9582	1.2824	1.9099	0.9562	1.0785	1.8105	0.9539	1.8017	0.9544	2.5249	0.955	15.0737	2.697	1.903
  f	0.9657	0.9654	0.9656	0.9657	0.9667	0.9648	0.9626	0.9656	0.9637	0.9656	0.9694	1.3358	0.9657	0.9651	0.9658	0.9655	0.9657	0.9553	0.9656	0.964	1.037	0.9658	0.9658	0.9654	0.9665	0.9656	0.9658	0.9621	1.2014	0.9657	0.9658	0.9658	0.9658	1.1478	0.9617	0.9592	1.9331	0	0.9657	0.9658	0.9657	0.9657	0.9654	0.9657	0.9658	0.9658	0.9603	0.9655	0.9656	0.9656	0.9617	0.9622	1.019	0.9654	0.9656	0.9673	0.9589	0.9658	0.9657	0.9657	0.9635	0.9656	1.6501	0.9907	0.9654
  g	0.9661	0.9658	1.058	0.9662	0.9673	0.9651	0.9739	0.9661	0.9472	0.966	0.9699	0.9451	0.9662	0.9654	0.9662	0.9658	0.9662	0.9547	0.966	0.9651	0.9601	0.9706	0.9663	0.9658	0.9671	0.9661	0.9662	0.9616	0.9633	0.9661	0.9663	0.9662	0.9663	0.9657	0.962	0.9591	0.959	0.9657	0	0.9663	0.9662	0.9662	0.9707	0.9661	0.9663	0.9663	0.9586	0.9658	0.9687	0.9659	0.97	0.9626	0.9663	0.9657	0.966	0.968	0.9591	0.9663	0.9661	0.9661	0.9636	0.9661	1.6875	0.9546	0.9659
  h	0.9662	0.9658	0.9644	0.9664	0.9668	0.965	0.9622	0.9662	0.9389	0.9661	1.4507	0.9382	0.9663	0.9654	0.9664	0.9658	0.9663	0.9523	0.9662	0.964	0.9584	0.9664	0.9664	0.9659	0.9669	0.9662	0.9664	0.9607	0.9623	0.9662	0.9664	0.9664	0.9664	0.9658	0.9612	0.9576	0.9538	0.9658	0.9663	0	0.9664	0.9664	0.9658	0.9663	0.9664	0.9664	0.957	0.9659	0.966	0.966	0.9601	0.9619	0.9664	0.9658	0.9661	0.9679	0.9577	0.9664	0.9662	0.9663	0.9632	0.9662	0.8906	0.9521	0.9659
  i	0.9662	0.9658	0.9646	0.9663	0.9669	0.9649	0.9622	0.9661	0.939	0.966	0.9691	0.9386	0.9663	0.9654	0.9663	0.9658	0.9662	0.9525	0.9661	0.9639	0.9586	0.9663	0.9664	0.9658	0.9667	0.9662	0.9663	0.9607	0.9624	0.9662	0.9663	0.9663	0.9663	0.9657	0.9612	0.9578	1.4167	0.9657	0.9662	0.9664	0	0.9663	0.9657	0.9662	0.9663	0.9663	0.9688	0.9659	0.9659	0.966	0.96	0.9619	0.9663	0.9658	0.9661	0.9676	0.9578	0.9664	0.9663	0.9662	0.963	0.9661	0.8914	0.9523	0.9658
  j	0.9662	0.9658	0.9644	0.9663	0.9667	0.9931	0.9622	0.9662	0.9386	0.9661	0.9691	0.9386	0.9663	0.9653	0.9664	0.9658	0.9662	0.9524	0.9661	0.9639	0.9585	0.9664	0.9664	0.9659	0.9666	0.9662	0.9663	0.9607	0.9624	0.9662	0.9663	0.9663	0.9664	0.9657	0.9612	1.4151	0.9542	0.9657	0.9662	0.9664	0.9663	0	0.9657	0.9662	0.9664	0.9664	0.9613	0.9659	0.9659	0.966	0.965	0.9619	0.9664	0.9658	0.9661	0.9677	0.9578	0.9664	0.9662	0.9662	0.963	0.9661	0.8904	0.9522	0.9659
  k	0.9657	0.9654	0.9693	0.9657	0.9664	0.9647	0.9887	0.9656	1.0979	0.9655	0.9692	0.9455	0.9657	0.965	0.9657	0.9654	0.9657	0.9556	0.9656	1.0213	0.96	0.966	0.9658	0.9654	0.9662	0.9656	0.9657	0.9616	0.9632	0.9656	0.9657	0.9657	0.9657	0.9653	1.0574	0.9594	1.1025	0.9654	0.9707	0.9658	0.9657	0.9657	0	0.9657	0.9657	0.9657	0.9591	0.9654	1.0588	0.9655	0.9619	0.9625	0.9658	0.9654	0.9656	0.9671	0.9595	0.9658	0.9656	0.9657	0.9634	0.9656	2.2677	0.9553	0.9654
  l	0.9661	0.9657	0.9646	0.9662	0.9667	0.9649	0.9623	0.966	0.9395	0.966	0.969	0.9396	0.9662	0.9653	0.9662	0.9657	0.9661	0.9529	0.966	0.964	0.9841	0.9662	0.9663	0.9658	0.9665	0.9661	0.9662	0.9609	0.9625	0.9661	0.9662	0.9662	0.9662	0.9657	0.9613	0.9579	1.2547	0.9657	0.9661	0.9663	0.9662	0.9662	0.9657	0	0.9662	0.9662	0.9575	0.9658	0.9658	0.9659	0.9601	0.962	0.9662	0.9657	0.966	0.9675	0.958	0.9663	0.9661	0.9661	0.9631	0.966	1.0351	0.9527	0.9658
  m	0.9662	0.9658	0.9644	0.9664	0.9667	0.965	0.9622	0.9662	0.9385	0.9661	0.9692	0.9714	0.9663	0.9653	0.9664	0.9661	0.9663	0.9525	0.9661	0.9639	0.9586	0.9664	0.9664	0.9659	0.9666	0.9662	0.9663	1.0605	0.9624	0.9663	0.9664	0.9664	0.9664	0.9657	0.9612	0.9576	0.9541	0.9658	0.9663	0.9664	0.9663	0.9664	0.9657	0.9662	0	0.9664	0.9571	0.9659	0.966	0.966	0.9598	0.9621	0.9664	0.9658	1.1863	0.9677	0.9578	0.9665	0.9662	0.9662	1.4426	0.9662	0.8906	0.9523	0.9659
  n	0.9662	0.9658	0.9644	0.9663	0.9667	0.9649	0.9622	0.9662	0.9382	0.9661	0.9691	0.9379	0.9663	0.9653	0.9664	1.4475	0.9663	0.9522	0.9661	0.9639	0.9584	0.9664	0.9664	0.9658	0.9666	0.9662	0.9664	0.9607	0.9623	0.9662	0.9664	0.9664	0.9664	0.9657	0.9612	0.9575	0.9538	0.9658	0.9663	0.9664	0.9663	0.9664	0.9657	0.9662	0.9664	0	0.957	0.9659	0.9659	0.966	0.9597	0.9619	0.9664	0.9658	0.9662	0.9676	0.9577	0.9664	0.9662	0.9662	0.963	0.9662	0.8897	0.952	0.9659
  o	0.9578	0.9584	1.4546	0.9572	3.1159	1.9235	0.9647	0.9574	1.1061	0.9578	0.9679	7.9065	1.0699	1.4301	1.5776	0.9599	0.9607	0.9783	0.9578	0.9616	1.4431	0.9577	1.2078	1.9355	0.9713	1.305	0.9571	0.9609	1.2201	1.4426	0.9573	0.957	1.3769	0.9598	0.9583	10.5518	8.1627	0.9603	0.9586	0.957	0.9688	0.9613	0.9591	0.9575	0.9571	0.957	0	0.9586	1.1152	0.9585	1.8178	0.9563	0.9572	0.959	0.9584	2.024	0.9574	0.957	0.9792	0.9575	0.963	0.9578	5.3542	1.0211	0.9573
  p	0.9658	0.9655	0.9648	0.9659	0.9663	0.9648	0.9627	0.9657	0.9445	0.9657	0.9694	0.9438	0.9658	0.9651	0.9659	0.9655	0.9658	0.9549	0.9657	0.9641	0.9597	0.9659	0.9659	0.9655	0.9662	0.9658	1.353	0.9614	0.9629	0.9658	0.9659	0.9659	0.9659	0.9654	0.9619	0.959	0.9566	0.9655	0.9658	0.9659	0.9659	0.9659	0.9654	0.9658	0.9659	0.9659	0.9586	0	0.9656	0.9656	0.9613	0.9624	0.9659	1.8218	0.9657	0.9672	0.9591	0.9659	0.9658	0.9658	1.024	0.9658	1.844	0.9546	0.9655
  q	0.9659	0.9656	1.2684	0.9659	0.9672	0.9652	1.3407	0.9658	0.9541	0.9657	0.9704	1.8928	0.9659	0.9653	0.9659	0.9658	0.9659	0.957	0.9658	0.9805	0.9614	1.1634	0.966	0.9656	0.9671	0.9658	0.9659	0.9624	0.964	0.9659	0.9659	0.9659	0.966	0.9656	1.1578	0.9607	0.9648	0.9656	0.9687	0.966	0.9659	0.9659	1.0588	0.9658	0.966	0.9659	1.1152	0.9656	0	0.9657	0.9648	0.9631	0.9659	0.9656	0.9658	0.9678	0.9605	0.966	0.9659	0.9658	0.9641	0.9658	2.9609	0.9569	0.9657
  r	0.9659	0.9656	0.9839	0.966	0.9664	0.9649	0.9627	0.9658	0.9447	0.9658	0.9693	0.9434	0.966	0.9652	0.966	0.9984	0.9659	0.9547	0.9658	0.9641	0.9681	0.966	0.966	0.9656	0.9664	0.9659	0.966	0.9615	0.9629	0.9659	0.966	0.966	0.966	1.3613	0.9618	0.9589	0.9908	0.9656	0.9659	0.966	0.966	0.966	0.9655	0.9659	0.966	0.966	0.9585	0.9656	0.9657	0	0.9612	0.9624	0.966	0.9656	0.9658	0.9674	0.9591	0.966	0.9659	0.9659	0.9633	0.9659	1.8947	0.9545	1.4552
  s	0.9607	0.9611	1.0745	0.9602	1.2598	0.9678	0.9754	0.9621	1.56	0.9604	1.0915	9.1711	0.9603	0.9606	0.96	0.9625	0.9603	1.8019	0.9604	0.965	0.9671	0.9621	0.96	0.9609	1.1301	0.9598	0.9598	0.962	2.0839	1.0683	0.9599	0.9598	0.9598	0.9626	1.4662	2.5138	1.4482	0.9617	0.97	0.9601	0.96	0.965	0.9619	0.9601	0.9598	0.9597	1.8178	0.9613	0.9648	0.9612	0	0.9633	0.9599	0.9619	0.961	3.1758	1.1235	0.9598	0.9602	0.96	0.9644	0.9604	10.9029	1.2858	0.9605
  t	0.9621	0.9622	0.963	0.9622	0.9626	1.1621	0.9605	0.962	0.9415	0.9621	0.967	0.9399	0.962	0.963	0.9619	0.9626	0.9619	7.5112	0.9622	0.9624	0.9594	0.967	0.962	0.9619	0.9625	0.9618	0.9619	1.5042	0.9608	0.9623	0.962	0.9619	0.962	0.9627	0.9589	0.9556	0.9582	0.9622	0.9626	0.9619	0.9619	0.9619	0.9625	0.962	0.9621	0.9619	0.9563	0.9624	0.9631	0.9624	0.9633	0	0.962	0.9624	0.9625	0.9647	0.9565	0.962	0.9619	0.962	1.4406	0.9622	1.3363	0.9509	0.9617
  u	0.9662	0.9658	0.9646	0.9663	0.9668	0.965	0.9622	0.9662	0.9388	0.9661	0.9691	0.9389	0.9663	0.9654	0.9664	0.9658	0.9663	0.9525	0.9661	0.964	0.9971	0.9664	0.9664	0.9659	0.9667	0.9662	0.9664	0.9608	0.9624	0.9662	0.9664	0.9664	0.9664	1.0687	0.9612	0.9577	1.2824	1.019	0.9663	0.9664	0.9663	0.9664	0.9658	0.9662	0.9664	0.9664	0.9572	0.9659	0.9659	0.966	0.9599	0.962	0	0.9658	0.9661	0.9676	0.9578	0.9664	0.9662	0.9662	0.963	0.9662	0.8912	1.0115	0.9659
  v	0.9658	0.9654	0.9654	0.9658	0.9665	0.9648	0.9631	0.9656	0.946	0.9656	0.9703	0.945	0.9657	0.9651	0.9658	0.9655	0.9657	0.9552	0.9656	0.9641	0.9601	0.9658	0.9658	0.9655	0.9664	0.9657	1.1863	0.9615	0.9632	0.9657	0.9658	0.9658	0.9658	0.9654	0.9619	0.9593	1.9099	0.9654	0.9657	0.9658	0.9658	0.9658	0.9654	0.9657	0.9658	0.9658	0.959	1.8218	0.9656	0.9656	0.9619	0.9624	0.9658	0	0.9657	0.9673	0.9593	0.9658	0.9657	0.9657	1.2556	0.9657	2.1285	0.955	0.9654
  w	0.9665	0.9657	0.9648	0.9668	0.9665	0.965	0.9631	0.966	0.9431	0.9659	0.9693	1.1341	0.966	0.9652	0.9661	1.2609	0.966	0.9547	0.9659	0.9641	0.9597	0.9661	0.9661	0.9657	0.9665	0.966	0.9661	1.6797	0.9642	0.966	0.9661	0.9661	0.9661	0.9656	0.9618	0.9588	0.9562	0.9656	0.966	0.9661	0.9661	0.9661	0.9656	0.966	1.1863	0.9662	0.9584	0.9657	0.9658	0.9658	0.961	0.9625	0.9661	0.9657	0	0.9674	0.959	0.9662	0.966	0.966	1.3995	0.9668	1.6463	0.9543	0.9658
  x	0.9676	0.9673	0.9681	0.9676	0.969	0.9674	0.9656	0.9675	0.9594	0.9673	1.0307	4.5142	0.9677	0.967	0.9677	0.9676	0.9677	0.9593	0.9674	0.9662	1.4432	0.9678	0.9677	0.9674	0.9701	0.9675	0.9676	0.9643	1.575	0.9743	0.9676	0.9676	0.9677	0.9673	0.9644	1.652	1.0785	0.9673	0.968	0.9679	0.9676	0.9677	0.9671	0.9675	0.9677	0.9676	2.024	0.9672	0.9678	0.9674	3.1758	0.9647	0.9676	0.9673	0.9674	0	0.9626	0.9677	0.9676	0.9674	0.9665	0.9674	2.3236	0.9833	0.9676
  y	0.9581	0.9588	0.9845	0.958	0.9592	0.9584	0.9592	0.958	0.957	0.9584	0.9653	1.6519	0.9579	0.9582	0.9579	0.9597	0.9579	1.0345	0.9584	0.9613	0.9586	0.9582	0.9579	0.9584	0.9591	0.9577	0.9578	0.9607	0.9617	0.9588	0.9578	0.9577	0.9577	0.96	0.957	1.9004	1.8105	0.9589	0.9591	0.9577	0.9578	0.9578	0.9595	0.958	0.9578	0.9577	0.9574	0.9591	0.9605	0.9591	1.1235	0.9565	0.9578	0.9593	0.959	0.9626	0	0.9577	0.9579	0.9581	1.43	0.9584	2.0222	0.951	0.9576
  z	0.9663	0.9659	0.9644	0.9664	0.9668	0.965	0.9622	0.9662	0.9383	0.9661	0.9692	0.9381	0.9663	0.9654	0.9664	1.2133	0.9663	0.9524	0.9662	0.964	0.9585	0.9664	0.9664	0.9659	0.9667	0.9663	0.9664	0.9607	0.9623	0.9662	0.9664	0.9664	0.9664	0.9658	0.9612	0.9575	0.9539	0.9658	0.9663	0.9664	0.9664	0.9664	0.9658	0.9663	0.9665	0.9664	0.957	0.9659	0.966	0.966	0.9598	0.962	0.9664	0.9658	0.9662	0.9677	0.9577	0	0.9662	0.9663	1.3117	0.9662	0.89	0.9521	0.9659
  {	0.9661	0.9657	0.9649	0.9662	0.9669	0.9651	0.9622	0.966	0.9404	0.9659	0.9691	0.9501	0.9662	0.9653	0.9663	0.9657	0.9662	0.9527	0.966	0.9639	0.959	0.9662	0.9663	0.9676	0.9666	0.9661	0.9662	0.9608	0.9674	0.9661	0.9662	0.9662	0.9662	0.9657	0.9612	1.0226	1.8017	0.9657	0.9661	0.9662	0.9663	0.9662	0.9656	0.9661	0.9662	0.9662	0.9792	0.9658	0.9659	0.9659	0.9602	0.9619	0.9662	0.9657	0.966	0.9676	0.9579	0.9662	0	0.9661	0.9631	0.966	0.8957	0.9526	0.9658
  |	0.9661	0.9657	0.9644	0.9662	0.9666	0.9649	1.2402	0.966	0.9395	0.966	0.969	0.9393	0.9662	0.9652	0.9662	0.9657	0.9661	0.953	0.966	0.964	0.9587	0.9662	0.9662	0.9657	0.9664	0.9661	0.9662	0.9609	0.9624	0.966	0.9662	0.9662	0.9662	0.9656	0.9614	0.9579	0.9544	0.9657	0.9661	0.9663	0.9662	0.9662	0.9657	0.9661	0.9662	0.9662	0.9575	0.9658	0.9658	0.9659	0.96	0.962	0.9662	0.9657	0.966	0.9674	0.9581	0.9663	0.9661	0	0.963	0.9661	1.115	0.9528	0.9658
  }	0.9632	1.0247	1.0087	0.9652	0.9645	0.9635	1.0473	0.9631	0.9543	0.9631	1.4501	1.6204	0.9632	0.963	0.9631	2.8117	0.9632	1.8384	0.9631	0.9634	1.1205	0.9633	0.9631	0.9631	0.9643	0.9629	0.963	1.6176	1.4448	1.3614	0.9631	0.9629	0.963	0.9643	0.9612	0.9612	2.5249	0.9635	0.9636	0.9632	0.963	0.963	0.9634	0.9631	1.4426	0.963	0.963	1.024	0.9641	0.9633	0.9644	1.4406	0.963	1.2556	1.3995	0.9665	1.43	1.3117	0.9631	0.963	0	0.9632	4.4802	0.9597	0.9631
  ~	0.9661	0.9657	0.9647	0.9661	0.9665	0.9649	1.1233	0.966	0.941	0.9659	0.9691	0.9405	0.9661	0.9652	0.9661	0.9657	0.9661	0.9535	0.966	0.9641	0.959	0.9662	0.9662	0.9657	0.9664	0.966	0.9661	0.9611	0.9628	0.966	0.9662	0.9662	0.9662	0.9656	0.9615	0.9582	0.955	0.9656	0.9661	0.9662	0.9661	0.9661	0.9656	0.966	0.9662	0.9662	0.9578	0.9658	0.9658	0.9659	0.9604	0.9622	0.9662	0.9657	0.9668	0.9674	0.9584	0.9662	0.966	0.9661	0.9632	0	1.2737	0.9533	0.9657
  	1.107	1.7314	8.2552	0.8913	0.9299	1.3423	6.1803	0.8945	73.6825	1.3341	4.3077	15.7247	0.8932	1.3404	0.8912	2.0365	0.8933	2.3444	1.3343	7.9353	6.7783	1.1127	0.8919	1.339	0.9398	0.8906	0.9494	1.4815	6.8003	1.017	0.8916	0.8901	0.8904	2.767	2.9473	0.9709	15.0737	1.6501	1.6875	0.8906	0.8914	0.8904	2.2677	1.0351	0.8906	0.8897	5.3542	1.844	2.9609	1.8947	10.9029	1.3363	0.8912	2.1285	1.6463	2.3236	2.0222	0.89	0.8957	1.115	4.4802	1.2737	0	1.0643	0.9406
  	0.9529	0.9542	1.2252	0.9522	1.1134	0.9536	0.957	1.9065	1.9709	0.9534	0.9645	12.9508	0.9525	0.9538	0.9524	0.9564	0.9525	0.9507	0.9534	0.9592	2.2954	0.9527	0.9524	1.1865	0.9609	0.9522	0.9522	0.9518	2.0478	0.9551	0.9904	0.9521	0.9522	1.0045	0.9543	1.4905	2.697	0.9907	0.9546	0.9521	0.9523	0.9522	0.9553	0.9527	0.9523	0.952	1.0211	0.9546	0.9569	0.9545	1.2858	0.9509	1.0115	0.955	0.9543	0.9833	0.951	0.9521	0.9526	0.9528	0.9597	0.9533	1.0643	0	0.9523
  	0.9658	0.9654	0.965	0.9659	0.9667	0.9647	0.9838	0.9657	0.9399	0.9656	1.274	0.9395	0.9658	0.965	0.9659	0.9655	0.9658	0.9526	0.9657	0.9638	0.9588	0.9659	0.9659	0.9655	0.9665	0.9657	0.9659	1.1368	0.9625	0.9658	0.9659	0.9659	0.9659	0.9655	0.961	0.9577	1.903	0.9654	0.9659	0.9659	0.9658	0.9659	0.9654	0.9658	0.9659	0.9659	0.9573	0.9655	0.9657	1.4552	0.9605	0.9617	0.9659	0.9654	0.9658	0.9676	0.9576	0.9659	0.9658	0.9658	0.9631	0.9657	0.9406	0.9523	0

Actual rates from j->i (Q_ij):
	A	B	C	D	E	F	G	H	I	J	K	L	M	N	O	P	Q	R	S	T	U	V	W	X	Y	Z	[	\	]	^	_	`	a	b	c	d	e	f	g	h	i	j	k	l	m	n	o	p	q	r	s	t	u	v	w	x	y	z	{	|	}	~			
  A	0	0.018	0.018	0.018	0.018	0.018	0.018	0.018	0.0176	0.018	0.0181	0.0176	0.018	0.018	0.018	0.018	0.018	0.0178	0.018	0.018	0.0179	0.018	0.018	0.018	0.018	0.018	0.018	0.0179	0.0228	0.018	0.018	0.018	0.018	0.018	0.018	0.0179	0.0178	0.018	0.018	0.018	0.018	0.018	0.018	0.018	0.018	0.018	0.0179	0.018	0.018	0.018	0.0179	0.018	0.018	0.018	0.018	0.0181	0.0179	0.018	0.018	0.018	0.018	0.018	0.0207	0.0178	0.018
  B	0.0156	0	0.0156	0.0156	0.0156	0.0156	0.0156	0.0156	0.0153	0.0156	0.0177	0.0153	0.0156	0.0156	0.0156	0.0156	0.0156	0.0154	0.0156	0.0156	0.0155	0.0156	0.0156	0.0156	0.0156	0.0156	0.0156	0.0156	0.0156	0.0156	0.0156	0.0156	0.0156	0.0156	0.0156	0.0155	0.0155	0.0156	0.0156	0.0156	0.0156	0.0156	0.0156	0.0156	0.0156	0.0156	0.0155	0.0156	0.0156	0.0156	0.0156	0.0156	0.0156	0.0156	0.0156	0.0157	0.0155	0.0156	0.0156	0.0156	0.0166	0.0156	0.028	0.0154	0.0156
  C	0.0076	0.0076	0	0.0076	0.009	0.0077	0.0088	0.0076	0.009	0.0076	0.0081	0.0152	0.0076	0.0076	0.0076	0.0095	0.0077	0.0076	0.0076	0.0081	0.014	0.0082	0.0076	0.0076	0.0077	0.0076	0.0076	0.0077	0.0123	0.0079	0.0085	0.0076	0.0076	0.0081	0.0076	0.0132	0.025	0.0077	0.0084	0.0076	0.0076	0.0076	0.0077	0.0076	0.0076	0.0076	0.0115	0.0076	0.0101	0.0078	0.0085	0.0076	0.0076	0.0077	0.0076	0.0077	0.0078	0.0076	0.0076	0.0076	0.008	0.0076	0.0654	0.0097	0.0076
  D	0.019	0.019	0.0189	0	0.019	0.019	0.0189	0.019	0.0184	0.019	0.019	0.0184	0.019	0.019	0.019	0.019	0.019	0.0562	0.019	0.0189	0.0188	0.019	0.019	0.019	0.019	0.019	0.019	0.0283	0.0189	0.019	0.019	0.019	0.019	0.019	0.0189	0.0188	0.0187	0.019	0.019	0.019	0.019	0.019	0.019	0.019	0.019	0.019	0.0188	0.019	0.019	0.019	0.0189	0.0189	0.019	0.019	0.019	0.019	0.0188	0.019	0.019	0.019	0.019	0.019	0.0175	0.0187	0.019
  E	0.018	0.018	0.0211	0.018	0	0.018	0.0179	0.018	0.0177	0.018	0.0181	0.037	0.018	0.018	0.018	0.018	0.018	0.0178	0.018	0.018	0.0179	0.018	0.018	0.018	0.018	0.018	0.018	0.0179	0.02	0.018	0.018	0.018	0.018	0.018	0.0179	0.0318	0.0219	0.018	0.018	0.018	0.018	0.018	0.018	0.018	0.018	0.018	0.058	0.018	0.018	0.018	0.0234	0.0179	0.018	0.018	0.018	0.018	0.0179	0.018	0.018	0.018	0.018	0.018	0.0173	0.0207	0.018
  F	0.0168	0.0167	0.0168	0.0168	0.0168	0	0.0167	0.0167	0.0164	0.0167	0.0168	0.0164	0.0168	0.0171	0.0168	0.025	0.0168	0.0835	0.0167	0.0167	0.0173	0.0309	0.0168	0.0168	0.0168	0.0167	0.0168	0.023	0.0167	0.0168	0.0168	0.0168	0.0184	0.0168	0.0167	0.0335	0.0762	0.0167	0.0168	0.0168	0.0168	0.0172	0.0167	0.0168	0.0168	0.0168	0.0334	0.0167	0.0168	0.0168	0.0168	0.0202	0.0168	0.0167	0.0168	0.0168	0.0166	0.0168	0.0168	0.0167	0.0167	0.0167	0.0233	0.0166	0.0167
  G	0.0089	0.0089	0.0103	0.0089	0.0089	0.0089	0	0.0089	0.0088	0.0089	0.0145	0.0088	0.0089	0.0089	0.0089	0.0089	0.0089	0.0088	0.0089	0.0102	0.0089	0.0096	0.0089	0.0089	0.0089	0.0089	0.0089	0.0092	0.0089	0.0094	0.0089	0.0089	0.0089	0.0089	0.0089	0.0088	0.0089	0.0089	0.009	0.0089	0.0089	0.0089	0.0091	0.0089	0.0089	0.0089	0.0089	0.0089	0.0123	0.0089	0.009	0.0088	0.0089	0.0089	0.0089	0.0089	0.0088	0.0089	0.0089	0.0114	0.0096	0.0103	0.0569	0.0088	0.0091
  H	0.0182	0.0182	0.0182	0.0182	0.0182	0.0182	0.0181	0	0.0177	0.0182	0.0183	0.0298	0.0182	0.0182	0.0182	0.0182	0.0182	0.018	0.0182	0.0182	0.0181	0.0182	0.0182	0.0182	0.0182	0.0182	0.0182	0.0181	0.0237	0.0182	0.0182	0.0182	0.0182	0.0182	0.0181	0.018	0.018	0.0182	0.0182	0.0182	0.0182	0.0182	0.0182	0.0182	0.0182	0.0182	0.018	0.0182	0.0182	0.0182	0.0181	0.0181	0.0182	0.0182	0.0182	0.0182	0.018	0.0182	0.0182	0.0182	0.0181	0.0182	0.0169	0.0359	0.0182
  I	0.0017	0.0017	0.002	0.0017	0.0017	0.0017	0.0017	0.0017	0	0.0017	0.0024	0.0041	0.0017	0.0017	0.0017	0.0024	0.0017	0.0017	0.0017	0.0026	0.0017	0.0017	0.0017	0.0017	0.0017	0.0017	0.0017	0.0017	0.0026	0.0017	0.0017	0.0017	0.0017	0.0017	0.0051	0.0018	0.0021	0.0017	0.0017	0.0017	0.0017	0.0017	0.002	0.0017	0.0017	0.0017	0.002	0.0017	0.0017	0.0017	0.0028	0.0017	0.0017	0.0017	0.0017	0.0017	0.0017	0.0017	0.0017	0.0017	0.0017	0.0017	0.1318	0.0035	0.0017
  J	0.017	0.017	0.017	0.017	0.017	0.017	0.0169	0.017	0.0166	0	0.0171	0.0166	0.017	0.017	0.017	0.017	0.017	0.0168	0.017	0.017	0.0169	0.017	0.017	0.017	0.017	0.017	0.017	0.0169	0.017	0.017	0.017	0.017	0.017	0.017	0.0169	0.0169	0.0168	0.017	0.017	0.017	0.017	0.017	0.017	0.017	0.017	0.017	0.0169	0.017	0.017	0.017	0.0169	0.0169	0.017	0.017	0.017	0.017	0.0169	0.017	0.017	0.017	0.017	0.017	0.0235	0.0168	0.017
  K	0.0107	0.0121	0.0113	0.0107	0.0107	0.0107	0.0174	0.0107	0.015	0.0107	0	0.0109	0.0107	0.0107	0.0107	0.0107	0.0107	0.0107	0.0107	0.0107	0.0107	0.0107	0.0107	0.0107	0.0111	0.0107	0.0107	0.0151	0.0108	0.0107	0.0107	0.0107	0.0107	0.0107	0.0107	0.0107	0.011	0.0107	0.0107	0.0161	0.0107	0.0107	0.0107	0.0107	0.0107	0.0107	0.0107	0.0107	0.0107	0.0107	0.0121	0.0107	0.0107	0.0107	0.0107	0.0114	0.0107	0.0107	0.0107	0.0107	0.0161	0.0107	0.0477	0.0107	0.0141
  L	0.006	0.006	0.0122	0.006	0.0127	0.006	0.0061	0.0101	0.0148	0.006	0.0063	0	0.006	0.006	0.006	0.0112	0.006	0.0087	0.006	0.0079	0.075	0.006	0.006	0.0074	0.0102	0.0063	0.006	0.0109	0.0263	0.0168	0.006	0.006	0.006	0.0062	0.0061	0.044	0.0338	0.0085	0.006	0.006	0.006	0.006	0.006	0.006	0.0062	0.006	0.0505	0.006	0.0121	0.006	0.0586	0.006	0.006	0.006	0.0072	0.0288	0.0106	0.006	0.0061	0.006	0.0104	0.006	0.1005	0.0828	0.006
  M	0.0186	0.0186	0.0186	0.0186	0.0187	0.0186	0.0186	0.0186	0.0181	0.0186	0.0187	0.0181	0	0.0186	0.0186	0.0186	0.0186	0.0184	0.0186	0.0186	0.0185	0.0186	0.0187	0.0186	0.0187	0.0186	0.0186	0.0185	0.0186	0.0186	0.0186	0.0186	0.0186	0.0186	0.0186	0.0185	0.044	0.0186	0.0186	0.0186	0.0186	0.0186	0.0186	0.0186	0.0186	0.0186	0.0206	0.0186	0.0186	0.0186	0.0185	0.0186	0.0186	0.0186	0.0186	0.0187	0.0185	0.0186	0.0186	0.0186	0.0186	0.0186	0.0172	0.0184	0.0186
  N	0.0166	0.0166	0.0166	0.0166	0.0166	0.017	0.0165	0.0166	0.0162	0.0166	0.0167	0.0162	0.0166	0	0.0166	0.0166	0.0166	0.0265	0.0166	0.0166	0.02	0.0166	0.0166	0.0166	0.0166	0.0166	0.0166	0.0165	0.0166	0.0166	0.0166	0.0166	0.0166	0.0166	0.0165	0.0165	0.0194	0.0166	0.0166	0.0166	0.0166	0.0166	0.0166	0.0166	0.0166	0.0166	0.0246	0.0166	0.0166	0.0166	0.0165	0.0166	0.0166	0.0166	0.0166	0.0166	0.0165	0.0166	0.0166	0.0166	0.0166	0.0166	0.0231	0.0164	0.0166
  O	0.019	0.019	0.019	0.019	0.019	0.019	0.0189	0.019	0.0185	0.019	0.0191	0.0185	0.019	0.019	0	0.019	0.019	0.0188	0.019	0.019	0.0189	0.019	0.019	0.019	0.019	0.019	0.019	0.0189	0.0191	0.019	0.019	0.019	0.019	0.019	0.0189	0.0237	0.0217	0.019	0.019	0.019	0.019	0.019	0.019	0.019	0.019	0.019	0.0311	0.019	0.019	0.019	0.0189	0.0189	0.019	0.019	0.019	0.0191	0.0189	0.019	0.019	0.019	0.019	0.019	0.0175	0.0187	0.019
  P	0.0148	0.0148	0.0184	0.0148	0.0148	0.0221	0.0148	0.0148	0.0207	0.0148	0.0149	0.027	0.0148	0.0148	0.0148	0	0.0148	0.0367	0.0148	0.0148	0.0164	0.0148	0.0148	0.0148	0.0148	0.0148	0.0148	0.0148	0.0148	0.0148	0.0148	0.0148	0.0148	0.016	0.0148	0.0147	0.0159	0.0148	0.0148	0.0148	0.0148	0.0148	0.0148	0.0148	0.0148	0.0222	0.0147	0.0148	0.0148	0.0153	0.0148	0.0148	0.0148	0.0148	0.0194	0.0149	0.0147	0.0186	0.0148	0.0148	0.0432	0.0148	0.0313	0.0147	0.0148
  Q	0.0186	0.0186	0.0186	0.0186	0.0186	0.0186	0.0185	0.0186	0.0181	0.0186	0.0187	0.0181	0.0186	0.0186	0.0186	0.0186	0	0.0184	0.0186	0.0186	0.0185	0.0186	0.0186	0.0186	0.0186	0.0186	0.0186	0.0185	0.0186	0.0186	0.0186	0.0186	0.0186	0.0186	0.0185	0.0185	0.0458	0.0186	0.0186	0.0186	0.0186	0.0186	0.0186	0.0186	0.0186	0.0186	0.0185	0.0186	0.0186	0.0186	0.0185	0.0185	0.0186	0.0186	0.0186	0.0186	0.0185	0.0186	0.0186	0.0186	0.0186	0.0186	0.0172	0.0184	0.0186
  R	0.0116	0.0116	0.0117	0.0348	0.0116	0.0585	0.0116	0.0116	0.0119	0.0116	0.0117	0.0166	0.0116	0.0188	0.0116	0.0291	0.0116	0	0.0116	0.0117	0.0133	0.0211	0.0116	0.0116	0.0116	0.0116	0.0116	0.0517	0.0117	0.0116	0.0116	0.0116	0.0116	0.0116	0.0116	0.0116	0.0754	0.0116	0.0116	0.0116	0.0116	0.0116	0.0116	0.0116	0.0116	0.0116	0.0119	0.0116	0.0116	0.0116	0.0219	0.0914	0.0116	0.0116	0.0116	0.0117	0.0126	0.0116	0.0116	0.0116	0.0224	0.0116	0.0285	0.0116	0.0116
  S	0.017	0.017	0.017	0.017	0.017	0.017	0.0169	0.017	0.0166	0.017	0.0171	0.0166	0.017	0.017	0.017	0.017	0.017	0.0168	0	0.017	0.0169	0.017	0.017	0.017	0.017	0.017	0.017	0.0169	0.0169	0.017	0.017	0.017	0.017	0.017	0.0169	0.0169	0.0168	0.017	0.017	0.017	0.017	0.017	0.017	0.017	0.017	0.017	0.0169	0.017	0.017	0.017	0.0169	0.0169	0.017	0.017	0.017	0.017	0.0169	0.017	0.017	0.017	0.017	0.017	0.0235	0.0168	0.017
  T	0.0072	0.0072	0.0077	0.0072	0.0072	0.0072	0.0082	0.0072	0.0107	0.0072	0.0072	0.0092	0.0072	0.0072	0.0072	0.0072	0.0072	0.0071	0.0072	0	0.0072	0.0072	0.0072	0.0072	0.0072	0.0072	0.0072	0.0072	0.0072	0.0072	0.0072	0.0072	0.0072	0.0072	0.0073	0.0072	0.0072	0.0072	0.0072	0.0072	0.0072	0.0072	0.0076	0.0072	0.0072	0.0072	0.0072	0.0072	0.0073	0.0072	0.0072	0.0072	0.0072	0.0072	0.0072	0.0072	0.0072	0.0072	0.0072	0.0072	0.0072	0.0072	0.0591	0.0071	0.0072
