Map from character to field name
A:	Algeria
B:	Argentina
C:	Australia
D:	Austria
E:	Bangladesh
F:	Belgium
G:	Brazil
H:	Cambodia
I:	Canada
J:	Chad
K:	Chile
L:	China
M:	Czech Republic
N:	Denmark
O:	Egypt
P:	France
Q:	Georgia
R:	Germany
S:	Guam
T:	Guatemala
U:	Hong Kong
V:	Hungary
W:	Iceland
X:	India
Y:	Indonesia
Z:	Iran
[:	Ireland
\:	Italy
]:	Japan
^:	Kazakhstan
_:	Kuwait
`:	Laos
a:	Luxembourg
b:	Malaysia
c:	Mexico
d:	Mongolia
e:	Netherlands
f:	New Zealand
g:	Nicaragua
h:	Nigeria
i:	Norway
j:	Pakistan
k:	Peru
l:	Philippines
m:	Poland
n:	Romania
o:	Russia
p:	Saudi Arabia
q:	Singapore
r:	South Africa
s:	South Korea
t:	Spain
u:	Sri Lanka
v:	Sweden
w:	Switzerland
x:	Taiwan
y:	Thailand
z:	Turkey
{:	Ukraine
|:	United Arab Emirates
}:	United Kingdom
~:	Uruguay
:	Usa
:	Vietnam
:	Zambia
:	?


Substitution rate (mu): 16.589376

Equilibrium frequencies (pi_i):
  A: 0.0184
  B: 0.0157
  C: 0.0087
  D: 0.0186
  E: 0.0204
  F: 0.0184
  G: 0.0076
  H: 0.0182
  I: 0.0019
  J: 0.0194
  K: 0.0126
  L: 0.006
  M: 0.0191
  N: 0.0171
  O: 0.0195
  P: 0.0139
  Q: 0.0191
  R: 0.0124
  S: 0.0172
  T: 0.007
  U: 0.0069
  V: 0.019
  W: 0.0186
  X: 0.0178
  Y: 0.0188
  Z: 0.0194
  [: 0.0184
  \: 0.0182
  ]: 0.0073
  ^: 0.0163
  _: 0.0192
  `: 0.0194
  a: 0.0193
  b: 0.0142
  c: 0.0109
  d: 0.0114
  e: 0.0048
  f: 0.0169
  g: 0.0186
  h: 0.0194
  i: 0.0195
  j: 0.0174
  k: 0.0164
  l: 0.0192
  m: 0.0194
  n: 0.0195
  o: 0.0105
  p: 0.0163
  q: 0.0145
  r: 0.0144
  s: 0.0073
  t: 0.0191
  u: 0.0192
  v: 0.0146
  w: 0.0165
  x: 0.014
  y: 0.0165
  z: 0.0194
  {: 0.0176
  |: 0.0182
  }: 0.0095
  ~: 0.0176
  : 0.0052
  : 0.0126
  : 0.0194

Symmetrized rates from j->i (W_ij):
	A	B	C	D	E	F	G	H	I	J	K	L	M	N	O	P	Q	R	S	T	U	V	W	X	Y	Z	[	\	]	^	_	`	a	b	c	d	e	f	g	h	i	j	k	l	m	n	o	p	q	r	s	t	u	v	w	x	y	z	{	|	}	~			
  A	0	0.9687	0.9658	0.9688	0.9679	0.9674	0.9661	0.9686	0.9351	0.9689	0.9692	0.9417	0.9688	0.9687	0.9688	0.9682	0.9688	0.9587	0.9689	0.9682	0.9616	0.9686	0.9689	0.9686	0.9659	0.9687	0.9689	0.9637	1.2518	0.9687	0.9688	0.9689	0.9688	0.969	0.9643	0.9634	0.9587	0.9691	0.9688	0.9688	0.9689	0.9688	0.9688	0.9688	0.9687	0.9688	0.9642	0.9689	0.9689	0.969	0.9612	0.965	0.9688	0.9688	0.9693	0.9685	0.9612	0.9688	0.9689	0.9688	0.9662	0.969	1.0884	0.9588	0.9684
  B	0.9687	0	0.9655	0.9684	0.9677	0.9672	0.966	0.9683	0.9386	0.9685	1.1176	0.9435	0.9685	0.9684	0.9684	0.9679	0.9684	0.9598	0.9685	0.9678	0.9615	0.9683	0.9685	0.9683	0.966	0.9683	0.9685	0.9641	0.965	0.9684	0.9684	0.9684	0.9684	0.9684	0.9646	0.9637	0.9593	0.9686	0.9685	0.9684	0.9685	0.9684	0.9684	0.9684	0.9683	0.9684	0.9636	0.9685	0.9685	0.9685	0.9611	0.9652	0.9684	0.9684	0.9685	0.9674	0.962	0.9684	0.9686	0.9685	0.966	0.9685	1.7802	0.9596	0.9681
  C	0.9658	0.9655	0	0.9651	0.9642	0.9648	1.5949	0.9651	0.9535	1.0189	1.1741	1.7096	0.9649	0.9658	0.9647	1.1198	0.9649	0.9625	0.9652	1.1907	1.7125	1.3633	0.9654	1.017	0.9637	0.9647	0.965	1.1468	1.7113	0.966	0.9648	0.9647	0.9647	1.0666	0.9975	0.9659	3.0047	1.2362	1.6261	0.9647	0.9648	0.9651	1.3408	0.9647	0.9647	0.9647	1.1779	0.9655	1.6278	0.9662	1.5711	0.963	0.9648	0.9658	0.9655	0.9707	1.0603	0.9647	0.9655	0.965	0.9665	0.9654	6.2774	1.1521	1.251
  D	0.9688	0.9684	0.9651	0	0.9678	0.9674	0.9654	0.9685	0.9328	0.9688	0.9687	1.1861	0.9687	0.9692	0.9687	0.9679	0.9687	3.3967	0.9687	0.9677	0.9608	0.9687	0.9687	0.9685	0.9658	0.9685	0.9687	1.4229	0.9643	0.9686	0.9687	0.9686	0.9687	0.9686	0.9639	0.963	0.9577	0.969	0.9687	0.9687	0.9687	0.9686	0.9686	0.9686	0.9687	0.9687	0.9627	0.9686	0.9687	0.9687	0.9597	0.9649	0.9687	0.9685	0.9693	0.9673	0.9609	0.9687	0.9687	0.9687	0.9663	0.9687	0.8924	0.9584	0.9683
  E	0.9679	0.9677	0.9642	0.9678	0	0.9664	0.9647	0.9676	0.9294	0.9678	0.968	0.9363	0.9678	0.9677	1.2662	0.9672	0.9679	0.9568	0.9679	0.9672	0.9591	0.9676	0.9678	0.9678	0.9646	0.9676	0.9678	0.9621	0.9639	0.9821	0.9678	0.9677	0.9678	0.9679	0.9629	3.6707	0.9623	0.9681	0.9678	0.9677	0.9678	0.9677	0.9678	0.9677	0.9676	0.9677	3.7148	0.9679	0.968	0.968	0.9585	0.9635	0.9678	0.9678	0.9679	0.9669	0.9621	0.9677	0.9679	0.9678	0.9647	0.9678	0.8854	0.9569	0.9673
  F	0.9674	0.9672	0.9648	0.9674	0.9664	0	0.965	0.967	0.9333	0.9673	1.3058	0.9396	0.9696	1.016	0.9672	1.4476	1.1387	3.7499	0.9673	0.9672	1.0364	1.4841	0.9675	0.9672	0.9643	0.967	0.9672	1.4445	0.9642	0.9673	0.9673	0.9671	0.9671	0.968	0.9631	0.9622	3.9858	0.9677	0.9672	0.9671	0.9675	0.9672	0.9673	0.9672	0.967	0.9671	3.0535	0.9674	0.9676	0.9679	0.9594	0.9836	0.9671	0.9675	0.9674	0.9667	0.9993	0.9671	0.9674	0.9672	0.9651	0.9673	1.0248	0.9581	0.9673
  G	0.9661	0.966	1.5949	0.9654	0.9647	0.965	0	0.9654	0.9556	0.9656	1.5316	1.4387	0.9653	0.9658	0.9652	0.9663	0.9653	0.9624	0.9657	1.2886	1.0123	0.9653	0.9656	0.9655	0.9642	0.9652	0.9655	0.9648	0.9671	1.0192	0.9652	0.9652	0.9652	0.9664	0.9652	0.9645	0.9646	0.9663	1.0571	0.9652	0.9652	0.9656	0.9659	0.9652	0.9652	0.9652	0.965	0.9659	1.2715	0.9663	0.9807	0.9637	0.9653	0.9662	0.9662	0.9661	0.9637	0.9652	0.966	1.2336	1.0794	1.252	7.9536	0.9624	0.9669
  H	0.9686	0.9683	0.9651	0.9685	0.9676	0.967	0.9654	0	0.9336	0.9685	0.9686	1.6916	0.9685	0.9685	0.9685	0.9678	0.9685	0.9585	0.9685	0.9676	0.9604	0.9683	0.9685	0.9683	0.9656	0.9684	0.9685	0.9634	0.9798	0.9684	0.9685	0.9684	0.9685	0.9684	0.9639	1.036	0.9579	0.969	0.9685	0.9685	0.9685	0.9684	0.9684	0.9684	0.9683	0.9685	1.046	0.9685	0.9685	0.9685	0.9599	0.9647	0.9685	0.9684	0.9685	0.9811	0.9609	0.9685	0.9685	0.9685	0.9654	0.9685	0.8982	2.3978	0.9681
  I	0.9351	0.9386	0.9535	0.9328	0.9294	0.9333	0.9556	0.9336	0	0.9314	1.0007	1.3877	0.9318	0.9358	0.9311	0.991	0.9319	0.9441	0.9355	0.9559	0.9554	0.9322	0.9334	0.9344	0.9322	0.9314	0.9334	0.9334	1.4403	0.9375	0.9317	0.9314	0.9314	0.9418	3.9652	0.9459	0.9626	0.9361	0.9329	0.9314	0.9312	0.9352	1.0519	0.9318	0.9314	0.9311	0.9494	0.9374	0.941	0.9413	1.8226	0.9315	0.9317	0.9407	0.9371	0.942	0.9371	0.9313	0.9365	0.9336	0.9522	0.9352	59.9613	1.4019	0.9313
  J	0.9689	0.9685	1.0189	0.9688	0.9678	0.9673	0.9656	0.9685	0.9314	0	1.0427	0.9378	0.9688	0.9686	0.9687	0.9679	0.9687	0.9581	0.9687	0.9677	0.9599	0.9686	0.9688	0.9686	0.9657	0.9686	0.9688	1.3515	0.9641	0.9686	0.9687	0.9687	0.9687	0.9686	0.9637	0.9627	0.9573	0.969	0.9688	0.9688	0.9688	0.9686	0.9687	0.9687	0.9687	0.9687	0.9625	0.9687	0.9687	0.9688	0.9593	0.9647	0.9687	0.9686	0.9688	0.9673	0.9606	0.9687	0.9688	0.9688	0.9654	0.9688	0.8911	0.9577	1.0227
  K	0.9692	1.1176	1.1741	0.9687	0.968	1.3058	1.5316	0.9686	1.0007	1.0427	0	0.9573	0.9687	0.9692	0.9686	0.9701	0.9687	0.9633	0.9691	0.9723	1.0122	0.9687	0.9689	0.9688	0.9666	0.9685	0.9689	1.4797	0.9701	0.9692	0.9686	0.9686	0.9686	0.9703	0.9681	0.9654	1.1956	0.9695	0.9688	1.4523	0.9686	0.969	0.9694	0.9686	0.9686	0.9686	0.9675	0.9694	0.97	0.9701	0.9736	0.9661	0.9686	0.9699	0.9697	0.9694	1.1288	0.9686	0.9694	0.969	1.454	0.9693	3.2563	0.9624	1.1754
  L	0.9417	0.9435	1.7096	1.1861	0.9363	0.9396	1.4387	1.6916	1.3877	0.9378	0.9573	0	0.9381	0.945	0.9375	0.9474	0.9382	0.947	0.9411	1.1534	10.758	0.9387	0.9395	1.189	1.4043	0.9377	0.9393	1.1823	4.9116	2.2622	0.9379	0.9376	0.9377	0.9469	0.9508	8.8324	1.0846	1.2466	1.0683	0.9375	0.9376	0.9416	0.9426	0.938	0.9376	0.9374	4.2372	0.9426	1.6325	0.9455	7.701	0.9369	0.938	0.9457	0.9425	3.8266	1.4116	0.9375	0.9416	0.9395	1.4306	0.9408	15.0027	7.9373	0.9377
  M	0.9688	0.9685	0.9649	0.9687	0.9678	0.9696	0.9653	0.9685	0.9318	0.9688	0.9687	0.9381	0	0.9688	0.9687	0.9679	1.2577	0.9626	0.9687	0.9677	0.9603	0.9686	0.9689	0.9686	0.9657	0.9686	0.9688	0.9636	0.9641	0.9686	0.9688	0.9687	0.9687	0.9688	0.9638	0.9628	2.2183	0.969	0.9688	0.9687	1.1227	0.9686	0.9686	0.9687	0.9686	0.9687	0.985	0.9687	0.9687	0.9689	0.9595	0.9648	0.9687	0.9686	0.9687	0.9674	0.9608	0.9687	0.9688	0.9687	0.9655	0.9687	0.8905	0.9579	0.9685
  N	0.9687	0.9684	0.9658	0.9692	0.9677	1.016	0.9658	0.9685	0.9358	0.9686	0.9692	0.945	0.9688	0	0.9685	0.9683	0.9688	1.5123	0.9686	0.9677	1.1354	0.9689	0.9687	0.9684	0.9659	0.9684	0.9686	0.9657	0.9653	0.9685	0.9686	0.9685	0.9685	0.9696	0.9643	0.9634	1.1487	0.9691	0.9686	0.9685	0.9686	0.9685	0.9685	0.9686	0.9684	0.9685	0.9645	0.9686	0.9687	0.9686	0.9606	0.9665	0.9686	0.9685	0.9686	0.9676	0.9617	0.9685	0.9687	0.9686	0.9661	0.9686	1.3478	1.2617	0.9683
  O	0.9688	0.9684	0.9647	0.9687	1.2662	0.9672	0.9652	0.9685	0.9311	0.9687	0.9686	0.9375	0.9687	0.9685	0	0.9679	0.9687	0.9578	0.9687	0.9676	0.9598	0.9685	0.9687	0.9685	0.9656	0.9686	0.9687	0.9632	0.9641	0.9686	0.9687	0.9686	0.9687	0.9686	0.9637	0.9681	0.9637	0.9689	0.9687	0.9687	0.9688	0.9686	0.9686	0.9687	0.9685	0.9687	1.7327	0.9686	0.9687	0.9687	0.9592	0.9646	0.9687	0.9685	0.9687	0.9673	0.9605	0.9687	0.9687	0.9687	0.9653	0.9687	0.8887	0.9576	0.9683
  P	0.9682	0.9679	1.1198	0.9679	0.9672	1.4476	0.9663	0.9678	0.991	0.9679	0.9701	0.9474	0.9679	0.9683	0.9679	0	0.9679	2.4065	0.968	0.9678	0.9627	0.9679	0.968	0.9678	0.9657	0.9678	0.968	0.9643	0.9663	0.968	0.9679	0.9678	0.9679	0.9681	0.9648	0.9639	1.0046	0.9683	0.9679	0.9679	0.9679	0.9679	0.968	0.9679	0.9678	1.4518	0.9641	0.9681	0.9681	0.9682	0.9631	0.965	0.9679	0.9681	1.2333	0.9672	0.9626	0.968	0.9686	0.9679	2.9669	0.968	2.818	0.9603	0.9676
  Q	0.9688	0.9684	0.9649	0.9687	0.9679	1.1387	0.9653	0.9685	0.9319	0.9687	0.9687	0.9382	1.2577	0.9688	0.9687	0.9679	0	0.9619	0.9687	0.9676	0.9604	0.9686	0.9688	0.9685	0.9657	0.9686	0.9687	0.9637	0.9643	0.9686	0.9687	0.9686	0.9687	0.9687	0.9638	0.9629	1.8753	0.969	0.9687	0.9687	1.3009	0.9686	0.9686	0.9687	0.9686	0.9687	1.7345	0.9686	0.9687	0.9688	0.9595	0.9647	0.9687	0.9686	0.9687	0.9674	0.9608	0.9687	0.9688	0.9687	0.9655	0.9687	0.891	0.958	0.9684
  R	0.9587	0.9598	0.9625	3.3967	0.9568	3.7499	0.9624	0.9585	0.9441	0.9581	0.9633	0.947	0.9626	1.5123	0.9578	2.4065	0.9619	0	0.9591	0.9641	1.0596	2.0101	0.9589	0.9587	0.9563	0.9578	0.9585	3.3633	0.9622	0.9596	0.9581	0.9578	0.9579	0.9613	0.9595	0.9586	6.1216	0.9596	0.9583	0.9578	0.9596	0.9609	0.9595	0.958	0.9578	0.9578	0.9875	0.9596	0.9606	0.961	0.959	6.5542	0.958	0.9685	0.9595	0.9603	0.9549	0.9578	0.9592	0.9585	1.4426	0.9589	2.2608	1.0949	0.9582
  S	0.9689	0.9685	0.9652	0.9687	0.9679	0.9673	0.9657	0.9685	0.9355	0.9687	0.9691	0.9411	0.9687	0.9686	0.9687	0.968	0.9687	0.9591	0	0.9678	0.9608	0.9685	0.9687	0.9685	0.966	0.9686	0.9687	0.9639	0.9646	0.9686	0.9687	0.9686	0.9687	0.9686	0.9643	0.9633	0.9584	0.9689	0.9687	0.9687	0.9687	0.9686	0.9686	0.9687	0.9686	0.9687	0.9632	0.9687	0.9687	0.9687	0.9604	0.9651	0.9687	0.9686	0.9687	0.9674	0.9615	0.9687	0.9688	0.9687	0.9658	0.9687	1.3454	0.9589	0.9683
  T	0.9682	0.9678	1.1907	0.9677	0.9672	0.9672	1.2886	0.9676	0.9559	0.9677	0.9723	1.1534	0.9677	0.9677	0.9676	0.9678	0.9676	0.9641	0.9678	0	0.9654	0.9679	0.9679	0.9677	0.9666	0.9676	0.9678	0.9658	0.9673	0.9678	0.9676	0.9676	0.9676	0.9679	1.0291	0.966	0.9647	0.968	1.0239	0.9676	0.9677	0.9677	1.0921	0.9676	0.9676	0.9676	0.9661	0.9679	1.0811	0.9679	0.9654	0.9662	0.9676	0.9679	0.9678	0.9676	0.9652	0.9676	0.9681	0.9677	0.9675	0.968	7.5776	0.9641	0.9675
  U	0.9616	0.9615	1.7125	0.9608	0.9591	1.0364	1.0123	0.9604	0.9554	0.9599	1.0122	10.758	0.9603	1.1354	0.9598	0.9627	0.9604	1.0596	0.9608	0.9654	0	0.9604	0.961	0.9607	0.9594	0.9598	0.9603	1.439	3.1322	0.9614	0.9602	0.9598	0.9598	2.6727	0.9622	0.9616	5.5029	1.3989	0.9604	0.9598	0.96	0.9607	0.9612	0.96	0.9598	0.9597	1.022	0.9613	0.9624	0.9624	1.0199	0.9596	0.9688	0.9621	0.9612	1.3263	0.9657	0.9598	0.9612	0.9604	1.4453	0.9608	6.2441	2.6269	0.9602
  V	0.9686	0.9683	1.3633	0.9687	0.9676	1.4841	0.9653	0.9683	0.9322	0.9686	0.9687	0.9387	0.9686	0.9689	0.9685	0.9679	0.9686	2.0101	0.9685	0.9679	0.9604	0	0.9686	0.9684	0.9655	0.9684	0.9686	0.9635	0.9642	0.9684	0.9685	0.9685	0.9685	0.9685	0.9637	0.9627	1.4284	0.969	0.9688	0.9685	0.9686	0.9684	0.9805	0.9685	0.9684	0.9685	0.9734	0.9685	0.9687	0.9686	0.9599	0.977	0.9685	0.9684	0.9685	0.9672	0.9606	0.9685	0.9686	0.9685	0.9654	0.9685	0.974	0.9579	0.9682
  W	0.9689	0.9685	0.9654	0.9687	0.9678	0.9675	0.9656	0.9685	0.9334	0.9688	0.9689	0.9395	0.9689	0.9687	0.9687	0.968	0.9688	0.9589	0.9687	0.9679	0.961	0.9686	0	0.9685	0.9658	0.9686	0.9687	0.9638	0.9652	0.9687	0.9687	0.9687	0.9687	0.9689	0.964	0.963	1.3313	0.969	0.9687	0.9687	0.9688	0.9686	0.9686	0.9687	0.9686	0.9687	0.9637	0.9687	0.9688	0.9688	0.9599	0.9648	0.9687	0.9687	0.9687	0.9674	0.961	0.9687	0.9689	0.9687	0.966	0.9687	1.0013	0.9582	0.9684
  X	0.9686	0.9683	1.017	0.9685	0.9678	0.9672	0.9655	0.9683	0.9344	0.9686	0.9688	1.189	0.9686	0.9684	0.9685	0.9678	0.9685	0.9587	0.9685	0.9677	0.9607	0.9684	0.9685	0	0.9657	0.9684	0.9685	0.9636	0.9646	0.9685	0.9685	0.9685	0.9685	0.9685	0.964	1.9243	0.958	0.9691	0.9686	0.9685	0.9686	0.9684	0.9685	0.9685	0.9684	0.9685	1.3631	0.9685	0.9686	0.9686	0.9601	0.9648	0.9685	0.9684	0.9685	0.9674	0.9611	0.9685	0.9686	0.9685	0.9656	0.9685	1.1988	0.9595	0.9682
  Y	0.9659	0.966	0.9637	0.9658	0.9646	0.9643	0.9642	0.9656	0.9322	0.9657	0.9666	1.4043	0.9657	0.9659	0.9656	0.9657	0.9657	0.9563	0.966	0.9666	0.9594	0.9655	0.9658	0.9657	0	0.9655	0.9658	0.9606	0.9631	0.9661	0.9657	0.9656	0.9656	0.9663	0.9621	0.9614	0.9566	0.9665	0.9658	0.9656	0.9657	0.9659	0.966	0.9657	0.9655	0.9656	0.9611	0.9661	0.9664	0.9664	0.9586	0.9618	0.9657	0.9662	0.9661	0.9652	0.9583	0.9656	0.966	0.9658	0.964	0.9659	0.8908	0.9564	0.9652
  Z	0.9687	0.9683	0.9647	0.9685	0.9676	0.967	0.9652	0.9684	0.9314	0.9686	0.9685	0.9377	0.9686	0.9684	0.9686	0.9678	0.9686	0.9578	0.9686	0.9676	0.9598	0.9684	0.9686	0.9684	0.9655	0	0.9686	0.9632	0.964	0.9684	0.9686	0.9685	0.9685	0.9685	0.9636	0.9626	0.957	0.9688	0.9686	0.9685	0.9686	0.9685	0.9685	0.9685	0.9684	0.9685	1.4436	0.9685	0.9686	0.9686	0.9592	0.9645	0.9686	0.9684	0.9686	0.9672	0.9604	0.9686	0.9686	0.9686	0.9653	0.9686	0.8891	0.9576	0.9681
  [	0.9689	0.9685	0.965	0.9687	0.9678	0.9672	0.9655	0.9685	0.9334	0.9688	0.9689	0.9393	0.9688	0.9686	0.9687	0.968	0.9687	0.9585	0.9687	0.9678	0.9603	0.9686	0.9687	0.9685	0.9658	0.9686	0	0.9636	0.9644	0.9686	0.9687	0.9687	0.9687	0.9686	0.964	0.963	0.9578	0.9689	0.9687	0.9687	0.9688	0.9686	0.9686	0.9687	0.9686	0.9687	0.9628	1.3238	0.9687	0.9687	0.9598	0.9649	0.9687	0.9689	0.9687	0.9674	0.961	0.9687	0.9688	0.9687	1.0415	0.9687	1.0999	0.9582	0.9683
  \	0.9637	0.9641	1.1468	1.4229	0.9621	1.4445	0.9648	0.9634	0.9334	1.3515	1.4797	1.1823	0.9636	0.9657	0.9632	0.9643	0.9637	3.3633	0.9639	0.9658	1.439	0.9635	0.9638	0.9636	0.9606	0.9632	0.9636	0	0.964	0.9641	0.9634	0.9632	0.9633	0.965	0.961	0.9601	4.2013	0.9646	0.9636	0.9633	0.9635	0.9638	0.9641	0.9633	1.4442	0.9632	0.9604	0.9641	0.9648	0.9652	0.9583	0.9599	0.9633	0.9645	1.4464	0.9638	0.9569	0.9633	0.9641	0.9636	1.8695	0.9638	1.0896	0.9555	1.1591
  ]	1.2518	0.965	1.7113	0.9643	0.9639	0.9642	0.9671	0.9798	1.4403	0.9641	0.9701	4.9116	0.9641	0.9653	0.9641	0.9663	0.9643	0.9622	0.9646	0.9673	3.1322	0.9642	0.9652	0.9646	0.9631	0.964	0.9644	0.964	0	0.9673	0.9641	1.4464	0.9641	0.9665	0.9649	1.3246	1.4985	0.9661	0.9644	0.964	0.9641	0.9646	0.9649	0.9641	0.964	0.964	3.41	0.965	0.9656	0.9655	2.446	0.9626	0.9641	0.968	0.9655	3.6047	0.9624	0.964	0.9664	0.9644	1.4833	0.965	6.9717	3.5595	0.964
  ^	0.9687	0.9684	0.966	0.9686	0.9821	0.9673	1.0192	0.9684	0.9375	0.9686	0.9692	2.2622	0.9686	0.9685	0.9686	0.968	0.9686	0.9596	0.9686	0.9678	0.9614	0.9684	0.9687	0.9685	0.9661	0.9684	0.9686	0.9641	0.9673	0	0.9685	0.9685	0.9685	0.9685	0.9645	1.7537	1.0005	0.9693	0.9686	0.9685	0.9686	0.9685	0.9685	0.9685	0.9684	0.9685	1.2425	0.9686	0.9686	0.9686	0.961	0.9652	0.9685	0.9685	0.9686	0.9676	0.9619	0.9686	0.9688	0.9686	1.4215	0.9686	1.3657	0.9595	0.9682
  _	0.9688	0.9684	0.9648	0.9687	0.9678	0.9673	0.9652	0.9685	0.9317	0.9687	0.9686	0.9379	0.9688	0.9686	0.9687	0.9679	0.9687	0.9581	0.9687	0.9676	0.9602	0.9685	0.9687	0.9685	0.9657	0.9686	0.9687	0.9634	0.9641	0.9685	0	0.9686	0.9687	1.0547	0.9637	0.9627	1.3729	0.969	0.9687	0.9687	0.9688	0.9686	0.9686	0.9687	0.9686	0.9687	0.9626	0.9686	0.9687	0.9687	0.9594	0.9647	0.9687	0.9686	0.9687	0.9673	0.9606	0.9687	0.9687	0.9687	0.9654	0.9687	0.89	0.9578	0.9683
  `	0.9689	0.9684	0.9647	0.9686	0.9677	0.9671	0.9652	0.9684	0.9314	0.9687	0.9686	0.9376	0.9687	0.9685	0.9686	0.9678	0.9686	0.9578	0.9686	0.9676	0.9598	0.9685	0.9687	0.9685	0.9656	0.9685	0.9687	0.9632	1.4464	0.9685	0.9686	0	0.9686	0.9685	0.9637	0.9626	0.957	0.9689	0.9687	0.9686	0.9687	0.9685	0.9685	0.9686	0.9685	0.9686	0.9625	0.9686	0.9686	0.9687	0.9592	0.9646	0.9686	0.9685	0.9686	0.9673	0.9605	0.9686	0.9687	0.9687	0.9653	0.9687	0.8891	0.9576	0.9682
  a	0.9688	0.9684	0.9647	0.9687	0.9678	0.9671	0.9652	0.9685	0.9314	0.9687	0.9686	0.9377	0.9687	0.9685	0.9687	0.9679	0.9687	0.9579	0.9687	0.9676	0.9598	0.9685	0.9687	0.9685	0.9656	0.9685	0.9687	0.9633	0.9641	0.9685	0.9687	0.9686	0	0.9685	0.9637	0.9627	0.957	0.9689	0.9687	0.9687	0.9687	0.9686	0.9686	0.9686	0.9685	0.9687	1.4437	0.9686	0.9686	0.9687	0.9593	0.9646	0.9687	0.9685	0.9687	0.9673	0.9605	0.9687	0.9687	0.9687	0.9653	0.9687	0.8892	0.9576	0.9682
  b	0.969	0.9684	1.0666	0.9686	0.9679	0.968	0.9664	0.9684	0.9418	0.9686	0.9703	0.9469	0.9688	0.9696	0.9686	0.9681	0.9687	0.9613	0.9686	0.9679	2.6727	0.9685	0.9689	0.9685	0.9663	0.9685	0.9686	0.965	0.9665	0.9685	1.0547	0.9685	0.9685	0	0.9659	0.9643	2.6032	1.2026	0.9686	0.9686	0.9687	0.9685	0.9686	0.9686	0.9685	0.9686	0.9646	0.9686	0.9687	0.9698	0.9621	0.9656	0.9688	0.9685	0.9686	0.968	0.9629	0.9686	0.9688	0.9686	0.9665	0.9687	2.4296	1.2678	0.9685
  c	0.9643	0.9646	0.9975	0.9639	0.9629	0.9631	0.9652	0.9639	3.9652	0.9637	0.9681	0.9508	0.9638	0.9643	0.9637	0.9648	0.9638	0.9595	0.9643	1.0291	0.9622	0.9637	0.964	0.964	0.9621	0.9636	0.964	0.961	0.9649	0.9645	0.9637	0.9637	0.9637	0.9659	0	0.9624	0.9614	0.9645	0.9641	0.9637	0.9637	0.9642	1.2542	0.9637	0.9636	0.9636	0.9627	0.9645	1.068	0.9651	1.0094	0.9615	0.9637	0.9649	0.9645	0.9645	0.9601	0.9637	0.9644	0.964	0.9647	0.9643	3.3435	0.9593	0.9635
  d	0.9634	0.9637	0.9659	0.963	3.6707	0.9622	0.9645	1.036	0.9459	0.9627	0.9654	8.8324	0.9628	0.9634	0.9681	0.9639	0.9629	0.9586	0.9633	0.966	0.9616	0.9627	0.963	1.9243	0.9614	0.9626	0.963	0.9601	1.3246	1.7537	0.9627	0.9626	0.9627	0.9643	0.9624	0	1.0176	0.9652	0.963	0.9626	0.9627	0.9632	0.9635	0.9627	0.9626	0.9626	7.1532	0.9636	0.9643	0.9642	1.5478	0.9604	0.9627	0.9641	0.9636	0.9961	1.9153	0.9626	0.9633	0.963	0.9639	0.9632	0.9403	2.6874	0.9624
  e	0.9587	0.9593	3.0047	0.9577	0.9623	3.9858	0.9646	0.9579	0.9626	0.9573	1.1956	1.0846	2.2183	1.1487	0.9637	1.0046	1.8753	6.1216	0.9584	0.9647	5.5029	1.4284	1.3313	0.958	0.9566	0.957	0.9578	4.2013	1.4985	1.0005	1.3729	0.957	0.957	2.6032	0.9614	1.0176	0	1.7338	0.958	0.957	1.0636	1.0085	0.9615	1.4357	0.957	0.9569	6.6921	0.9591	1.1855	1.1737	1.0951	0.9578	0.9879	1.4836	0.9589	1.0605	1.916	0.957	1.4748	0.9577	2.0375	0.9584	16.634	2.2345	1.397
  f	0.9691	0.9686	1.2362	0.969	0.9681	0.9677	0.9663	0.969	0.9361	0.969	0.9695	1.2466	0.969	0.9691	0.9689	0.9683	0.969	0.9596	0.9689	0.968	1.3989	0.969	0.969	0.9691	0.9665	0.9688	0.9689	0.9646	0.9661	0.9693	0.969	0.9689	0.9689	1.2026	0.9645	0.9652	1.7338	0	0.9694	0.9689	0.969	0.9688	0.969	0.9689	0.9688	0.9689	0.9645	0.9689	0.9697	0.969	0.9626	0.9654	0.9689	0.9688	0.9689	0.9683	0.9622	0.9689	0.969	0.9689	0.9661	0.9689	1.3592	1.0605	0.9688
  g	0.9688	0.9685	1.6261	0.9687	0.9678	0.9672	1.0571	0.9685	0.9329	0.9688	0.9688	1.0683	0.9688	0.9686	0.9687	0.9679	0.9687	0.9583	0.9687	1.0239	0.9604	0.9688	0.9687	0.9686	0.9658	0.9686	0.9687	0.9636	0.9644	0.9686	0.9687	0.9687	0.9687	0.9686	0.9641	0.963	0.958	0.9694	0	0.9687	0.9688	0.9686	0.9966	0.9687	0.9686	0.9687	0.9628	0.9687	0.9691	0.9687	0.96	0.9648	0.9687	0.9686	0.9687	0.9674	0.961	0.9687	0.9687	0.9687	0.9655	0.9687	1.0296	0.9582	0.9684
  h	0.9688	0.9684	0.9647	0.9687	0.9677	0.9671	0.9652	0.9685	0.9314	0.9688	1.4523	0.9375	0.9687	0.9685	0.9687	0.9679	0.9687	0.9578	0.9687	0.9676	0.9598	0.9685	0.9687	0.9685	0.9656	0.9685	0.9687	0.9633	0.964	0.9685	0.9687	0.9686	0.9687	0.9686	0.9637	0.9626	0.957	0.9689	0.9687	0	0.9687	0.9686	0.9686	0.9687	0.9685	0.9687	0.9624	0.9686	0.9686	0.9687	0.9592	0.9646	0.9687	0.9685	0.9687	0.9672	0.9605	0.9687	0.9687	0.9687	0.9653	0.9687	0.8896	0.9576	0.9683
  i	0.9689	0.9685	0.9648	0.9687	0.9678	0.9675	0.9652	0.9685	0.9312	0.9688	0.9686	0.9376	1.1227	0.9686	0.9688	0.9679	1.3009	0.9596	0.9687	0.9677	0.96	0.9686	0.9688	0.9686	0.9657	0.9686	0.9688	0.9635	0.9641	0.9686	0.9688	0.9687	0.9687	0.9687	0.9637	0.9627	1.0636	0.969	0.9688	0.9687	0	0.9687	0.9686	0.9688	0.9686	0.9687	0.964	0.9687	0.9687	0.9688	0.9593	0.9647	0.9688	0.9686	0.9687	0.9673	0.9606	0.9687	0.9688	0.9688	0.9654	0.9688	0.889	0.9577	0.9684
  j	0.9688	0.9684	0.9651	0.9686	0.9677	0.9672	0.9656	0.9684	0.9352	0.9686	0.969	0.9416	0.9686	0.9685	0.9686	0.9679	0.9686	0.9609	0.9686	0.9677	0.9607	0.9684	0.9686	0.9684	0.9659	0.9685	0.9686	0.9638	0.9646	0.9685	0.9686	0.9685	0.9686	0.9685	0.9642	0.9632	1.0085	0.9688	0.9686	0.9686	0.9687	0	0.9685	0.9686	0.9685	0.9686	0.9631	0.9686	0.9686	0.9686	0.9602	0.965	0.9686	0.9698	0.9686	0.9673	0.9613	0.9686	0.9687	0.9686	0.9657	0.9686	1.2934	0.9587	0.9682
  k	0.9688	0.9684	1.3408	0.9686	0.9678	0.9673	0.9659	0.9684	1.0519	0.9687	0.9694	0.9426	0.9686	0.9685	0.9686	0.968	0.9686	0.9595	0.9686	1.0921	0.9612	0.9805	0.9686	0.9685	0.966	0.9685	0.9686	0.9641	0.9649	0.9685	0.9686	0.9685	0.9686	0.9686	1.2542	0.9635	0.9615	0.969	0.9966	0.9686	0.9686	0.9685	0	0.9686	0.9685	0.9686	0.9634	0.9686	1.1381	0.9686	0.9609	0.9652	0.9686	0.9685	0.9686	0.9674	0.9618	0.9686	0.9687	0.9686	0.9659	0.9686	1.546	0.9593	0.9683
  l	0.9688	0.9684	0.9647	0.9686	0.9677	0.9672	0.9652	0.9684	0.9318	0.9687	0.9686	0.938	0.9687	0.9686	0.9687	0.9679	0.9687	0.958	0.9687	0.9676	0.96	0.9685	0.9687	0.9685	0.9657	0.9685	0.9687	0.9633	0.9641	0.9685	0.9687	0.9686	0.9686	0.9686	0.9637	0.9627	1.4357	0.9689	0.9687	0.9687	0.9688	0.9686	0.9686	0	0.9685	0.9687	0.9625	0.9686	0.9686	0.9687	0.9594	0.9647	0.9687	0.9685	0.9687	0.9673	0.9606	0.9687	0.9687	0.9687	0.9654	0.9687	0.89	0.9578	0.9683
  m	0.9687	0.9683	0.9647	0.9687	0.9676	0.967	0.9652	0.9683	0.9314	0.9687	0.9686	0.9376	0.9686	0.9684	0.9685	0.9678	0.9686	0.9578	0.9686	0.9676	0.9598	0.9684	0.9686	0.9684	0.9655	0.9684	0.9686	1.4442	0.964	0.9684	0.9686	0.9685	0.9685	0.9685	0.9636	0.9626	0.957	0.9688	0.9686	0.9685	0.9686	0.9685	0.9685	0.9685	0	0.9685	0.9624	0.9685	0.9686	0.9686	0.9592	0.9645	0.9686	0.9684	0.9689	0.9671	0.9604	0.9686	0.9686	0.9686	0.9653	0.9686	0.889	0.9575	0.9682
  n	0.9688	0.9684	0.9647	0.9687	0.9677	0.9671	0.9652	0.9685	0.9311	0.9687	0.9686	0.9374	0.9687	0.9685	0.9687	1.4518	0.9687	0.9578	0.9687	0.9676	0.9597	0.9685	0.9687	0.9685	0.9656	0.9685	0.9687	0.9632	0.964	0.9685	0.9687	0.9686	0.9687	0.9686	0.9636	0.9626	0.9569	0.9689	0.9687	0.9687	0.9687	0.9686	0.9686	0.9687	0.9685	0	0.9624	0.9686	0.9686	0.9687	0.9592	0.9646	0.9687	0.9685	0.9687	0.9672	0.9605	0.9687	0.9687	0.9687	0.9653	0.9687	0.8886	0.9575	0.9682
  o	0.9642	0.9636	1.1779	0.9627	3.7148	3.0535	0.965	1.046	0.9494	0.9625	0.9675	4.2372	0.985	0.9645	1.7327	0.9641	1.7345	0.9875	0.9632	0.9661	1.022	0.9734	0.9637	1.3631	0.9611	1.4436	0.9628	0.9604	3.41	1.2425	0.9626	0.9625	1.4437	0.9646	0.9627	7.1532	6.6921	0.9645	0.9628	0.9624	0.964	0.9631	0.9634	0.9625	0.9624	0.9624	0	0.9635	1.0023	0.9645	1.1963	0.9604	0.9625	0.964	0.9634	1.5361	0.9597	0.9624	0.9634	0.9628	0.966	0.9632	3.9908	1.7726	0.9627
  p	0.9689	0.9685	0.9655	0.9686	0.9679	0.9674	0.9659	0.9685	0.9374	0.9687	0.9694	0.9426	0.9687	0.9686	0.9686	0.9681	0.9686	0.9596	0.9687	0.9679	0.9613	0.9685	0.9687	0.9685	0.9661	0.9685	1.3238	0.9641	0.965	0.9686	0.9686	0.9686	0.9686	0.9686	0.9645	0.9636	0.9591	0.9689	0.9687	0.9686	0.9687	0.9686	0.9686	0.9686	0.9685	0.9686	0.9635	0	0.9687	0.9687	0.9609	0.9653	0.9686	1.9407	0.9687	0.9675	0.9619	0.9686	0.9688	0.9687	1.0508	0.9687	1.6113	0.9593	0.9683
  q	0.9689	0.9685	1.6278	0.9687	0.968	0.9676	1.2715	0.9685	0.941	0.9687	0.97	1.6325	0.9687	0.9687	0.9687	0.9681	0.9687	0.9606	0.9687	1.0811	0.9624	0.9687	0.9688	0.9686	0.9664	0.9686	0.9687	0.9648	0.9656	0.9686	0.9687	0.9686	0.9686	0.9687	1.068	0.9643	1.1855	0.9697	0.9691	0.9686	0.9687	0.9686	1.1381	0.9686	0.9686	0.9686	1.0023	0.9687	0	0.9687	0.991	0.9656	0.9686	0.9686	0.9687	0.9678	0.9628	0.9686	0.9688	0.9687	0.9664	0.9688	2.1384	0.9605	0.9685
  r	0.969	0.9685	0.9662	0.9687	0.968	0.9679	0.9663	0.9685	0.9413	0.9688	0.9701	0.9455	0.9689	0.9686	0.9687	0.9682	0.9688	0.961	0.9687	0.9679	0.9624	0.9686	0.9688	0.9686	0.9664	0.9686	0.9687	0.9652	0.9655	0.9686	0.9687	0.9687	0.9687	0.9698	0.9651	0.9642	1.1737	0.969	0.9687	0.9687	0.9688	0.9686	0.9686	0.9687	0.9686	0.9687	0.9645	0.9687	0.9687	0	0.9618	0.9657	0.9687	0.9686	0.9687	0.9677	0.9629	0.9687	0.9689	0.9687	0.9665	0.9688	2.2689	0.9606	1.5475
  s	0.9612	0.9611	1.5711	0.9597	0.9585	0.9594	0.9807	0.9599	1.8226	0.9593	0.9736	7.701	0.9595	0.9606	0.9592	0.9631	0.9595	0.959	0.9604	0.9654	1.0199	0.9599	0.9599	0.9601	0.9586	0.9592	0.9598	0.9583	2.446	0.961	0.9594	0.9592	0.9593	0.9621	1.0094	1.5478	1.0951	0.9626	0.96	0.9592	0.9593	0.9602	0.9609	0.9594	0.9592	0.9592	1.1963	0.9609	0.991	0.9618	0	0.9579	0.9594	0.9617	0.9608	1.5708	0.9586	0.9592	0.9606	0.9599	0.9637	0.9603	7.6255	1.1575	0.9592
  t	0.965	0.9652	0.963	0.9649	0.9635	0.9836	0.9637	0.9647	0.9315	0.9647	0.9661	0.9369	0.9648	0.9665	0.9646	0.965	0.9647	6.5542	0.9651	0.9662	0.9596	0.977	0.9648	0.9648	0.9618	0.9645	0.9649	0.9599	0.9626	0.9652	0.9647	0.9646	0.9646	0.9656	0.9615	0.9604	0.9578	0.9654	0.9648	0.9646	0.9647	0.965	0.9652	0.9647	0.9645	0.9646	0.9604	0.9653	0.9656	0.9657	0.9579	0	0.9647	0.9655	0.9652	0.9644	0.9573	0.9646	0.9651	0.9649	0.9634	0.965	0.8893	0.9558	0.9642
  u	0.9688	0.9684	0.9648	0.9687	0.9678	0.9671	0.9653	0.9685	0.9317	0.9687	0.9686	0.938	0.9687	0.9686	0.9687	0.9679	0.9687	0.958	0.9687	0.9676	0.9688	0.9685	0.9687	0.9685	0.9657	0.9686	0.9687	0.9633	0.9641	0.9685	0.9687	0.9686	0.9687	0.9688	0.9637	0.9627	0.9879	0.9689	0.9687	0.9687	0.9688	0.9686	0.9686	0.9687	0.9686	0.9687	0.9625	0.9686	0.9686	0.9687	0.9594	0.9647	0	0.9685	0.9687	0.9673	0.9606	0.9687	0.9687	0.9687	0.9654	0.9687	0.8898	1.411	0.9683
  v	0.9688	0.9684	0.9658	0.9685	0.9678	0.9675	0.9662	0.9684	0.9407	0.9686	0.9699	0.9457	0.9686	0.9685	0.9685	0.9681	0.9686	0.9685	0.9686	0.9679	0.9621	0.9684	0.9687	0.9684	0.9662	0.9684	0.9689	0.9645	0.968	0.9685	0.9686	0.9685	0.9685	0.9685	0.9649	0.9641	1.4836	0.9688	0.9686	0.9685	0.9686	0.9698	0.9685	0.9685	0.9684	0.9685	0.964	1.9407	0.9686	0.9686	0.9617	0.9655	0.9685	0	0.9686	0.9676	0.9625	0.9685	0.9687	0.9686	0.9721	0.9686	2.2173	0.9603	0.9683
  w	0.9693	0.9685	0.9655	0.9693	0.9679	0.9674	0.9662	0.9685	0.9371	0.9688	0.9697	0.9425	0.9687	0.9686	0.9687	1.2333	0.9687	0.9595	0.9687	0.9678	0.9612	0.9685	0.9687	0.9685	0.9661	0.9686	0.9687	1.4464	0.9655	0.9686	0.9687	0.9686	0.9687	0.9686	0.9645	0.9636	0.9589	0.9689	0.9687	0.9687	0.9687	0.9686	0.9686	0.9687	0.9689	0.9687	0.9634	0.9687	0.9687	0.9687	0.9608	0.9652	0.9687	0.9686	0	0.9675	0.9619	0.9687	0.9689	0.9687	1.4496	0.9696	1.638	0.9593	0.9684
  x	0.9685	0.9674	0.9707	0.9673	0.9669	0.9667	0.9661	0.9811	0.942	0.9673	0.9694	3.8266	0.9674	0.9676	0.9673	0.9672	0.9674	0.9603	0.9674	0.9676	1.3263	0.9672	0.9674	0.9674	0.9652	0.9672	0.9674	0.9638	3.6047	0.9676	0.9673	0.9673	0.9673	0.968	0.9645	0.9961	1.0605	0.9683	0.9674	0.9672	0.9673	0.9673	0.9674	0.9673	0.9671	0.9672	1.5361	0.9675	0.9678	0.9677	1.5708	0.9644	0.9673	0.9676	0.9675	0	0.9618	0.9672	0.9676	0.9673	0.966	0.9675	2.0049	1.1394	0.967
  y	0.9612	0.962	1.0603	0.9609	0.9621	0.9993	0.9637	0.9609	0.9371	0.9606	1.1288	1.4116	0.9608	0.9617	0.9605	0.9626	0.9608	0.9549	0.9615	0.9652	0.9657	0.9606	0.961	0.9611	0.9583	0.9604	0.961	0.9569	0.9624	0.9619	0.9606	0.9605	0.9605	0.9629	0.9601	1.9153	1.916	0.9622	0.961	0.9605	0.9606	0.9613	0.9618	0.9606	0.9604	0.9605	0.9597	0.9619	0.9628	0.9629	0.9586	0.9573	0.9606	0.9625	0.9619	0.9618	0	0.9606	0.9616	0.9611	1.4409	0.9614	1.6394	0.9542	0.9604
  z	0.9688	0.9684	0.9647	0.9687	0.9677	0.9671	0.9652	0.9685	0.9313	0.9687	0.9686	0.9375	0.9687	0.9685	0.9687	0.968	0.9687	0.9578	0.9687	0.9676	0.9598	0.9685	0.9687	0.9685	0.9656	0.9686	0.9687	0.9633	0.964	0.9686	0.9687	0.9686	0.9687	0.9686	0.9637	0.9626	0.957	0.9689	0.9687	0.9687	0.9687	0.9686	0.9686	0.9687	0.9686	0.9687	0.9624	0.9686	0.9686	0.9687	0.9592	0.9646	0.9687	0.9685	0.9687	0.9672	0.9606	0	0.9688	0.9687	1.4481	0.9687	0.8889	0.9576	0.9682
  {	0.9689	0.9686	0.9655	0.9687	0.9679	0.9674	0.966	0.9685	0.9365	0.9688	0.9694	0.9416	0.9688	0.9687	0.9687	0.9686	0.9688	0.9592	0.9688	0.9681	0.9612	0.9686	0.9689	0.9686	0.966	0.9686	0.9688	0.9641	0.9664	0.9688	0.9687	0.9687	0.9687	0.9688	0.9644	0.9633	1.4748	0.969	0.9687	0.9687	0.9688	0.9687	0.9687	0.9687	0.9686	0.9687	0.9634	0.9688	0.9688	0.9689	0.9606	0.9651	0.9687	0.9687	0.9689	0.9676	0.9616	0.9688	0	0.9688	1.0576	0.9688	1.2494	0.9588	0.9684
  |	0.9688	0.9685	0.965	0.9687	0.9678	0.9672	1.2336	0.9685	0.9336	0.9688	0.969	0.9395	0.9687	0.9686	0.9687	0.9679	0.9687	0.9585	0.9687	0.9677	0.9604	0.9685	0.9687	0.9685	0.9658	0.9686	0.9687	0.9636	0.9644	0.9686	0.9687	0.9687	0.9687	0.9686	0.964	0.963	0.9577	0.9689	0.9687	0.9687	0.9688	0.9686	0.9686	0.9687	0.9686	0.9687	0.9628	0.9687	0.9687	0.9687	0.9599	0.9649	0.9687	0.9686	0.9687	0.9673	0.9611	0.9687	0.9688	0	0.9656	0.9687	1.1187	0.9583	0.9683
  }	0.9662	0.966	0.9665	0.9663	0.9647	0.9651	1.0794	0.9654	0.9522	0.9654	1.454	1.4306	0.9655	0.9661	0.9653	2.9669	0.9655	1.4426	0.9658	0.9675	1.4453	0.9654	0.966	0.9656	0.964	0.9653	1.0415	1.8695	1.4833	1.4215	0.9654	0.9653	0.9653	0.9665	0.9647	0.9639	2.0375	0.9661	0.9655	0.9653	0.9654	0.9657	0.9659	0.9654	0.9653	0.9653	0.966	1.0508	0.9664	0.9665	0.9637	0.9634	0.9654	0.9721	1.4496	0.966	1.4409	1.4481	1.0576	0.9656	0	0.9659	5.2243	0.9628	0.9653
  ~	0.969	0.9685	0.9654	0.9687	0.9678	0.9673	1.252	0.9685	0.9352	0.9688	0.9693	0.9408	0.9687	0.9686	0.9687	0.968	0.9687	0.9589	0.9687	0.968	0.9608	0.9685	0.9687	0.9685	0.9659	0.9686	0.9687	0.9638	0.965	0.9686	0.9687	0.9687	0.9687	0.9687	0.9643	0.9632	0.9584	0.9689	0.9687	0.9687	0.9688	0.9686	0.9686	0.9687	0.9686	0.9687	0.9632	0.9687	0.9688	0.9688	0.9603	0.965	0.9687	0.9686	0.9696	0.9675	0.9614	0.9687	0.9688	0.9687	0.9659	0	1.2368	0.9586	0.9683
  	1.0884	1.7802	6.2774	0.8924	0.8854	1.0248	7.9536	0.8982	59.9613	0.8911	3.2563	15.0027	0.8905	1.3478	0.8887	2.818	0.891	2.2608	1.3454	7.5776	6.2441	0.974	1.0013	1.1988	0.8908	0.8891	1.0999	1.0896	6.9717	1.3657	0.89	0.8891	0.8892	2.4296	3.3435	0.9403	16.634	1.3592	1.0296	0.8896	0.889	1.2934	1.546	0.89	0.889	0.8886	3.9908	1.6113	2.1384	2.2689	7.6255	0.8893	0.8898	2.2173	1.638	2.0049	1.6394	0.8889	1.2494	1.1187	5.2243	1.2368	0	1.0892	0.8983
  	0.9588	0.9596	1.1521	0.9584	0.9569	0.9581	0.9624	2.3978	1.4019	0.9577	0.9624	7.9373	0.9579	1.2617	0.9576	0.9603	0.958	1.0949	0.9589	0.9641	2.6269	0.9579	0.9582	0.9595	0.9564	0.9576	0.9582	0.9555	3.5595	0.9595	0.9578	0.9576	0.9576	1.2678	0.9593	2.6874	2.2345	1.0605	0.9582	0.9576	0.9577	0.9587	0.9593	0.9578	0.9575	0.9575	1.7726	0.9593	0.9605	0.9606	1.1575	0.9558	1.411	0.9603	0.9593	1.1394	0.9542	0.9576	0.9588	0.9583	0.9628	0.9586	1.0892	0	0.9575
  	0.9684	0.9681	1.251	0.9683	0.9673	0.9673	0.9669	0.9681	0.9313	1.0227	1.1754	0.9377	0.9685	0.9683	0.9683	0.9676	0.9684	0.9582	0.9683	0.9675	0.9602	0.9682	0.9684	0.9682	0.9652	0.9681	0.9683	1.1591	0.964	0.9682	0.9683	0.9682	0.9682	0.9685	0.9635	0.9624	1.397	0.9688	0.9684	0.9683	0.9684	0.9682	0.9683	0.9683	0.9682	0.9682	0.9627	0.9683	0.9685	1.5475	0.9592	0.9642	0.9683	0.9683	0.9684	0.967	0.9604	0.9682	0.9684	0.9683	0.9653	0.9683	0.8983	0.9575	0

Actual rates from j->i (Q_ij):
	A	B	C	D	E	F	G	H	I	J	K	L	M	N	O	P	Q	R	S	T	U	V	W	X	Y	Z	[	\	]	^	_	`	a	b	c	d	e	f	g	h	i	j	k	l	m	n	o	p	q	r	s	t	u	v	w	x	y	z	{	|	}	~			
  A	0	0.0178	0.0177	0.0178	0.0178	0.0178	0.0177	0.0178	0.0172	0.0178	0.0178	0.0173	0.0178	0.0178	0.0178	0.0178	0.0178	0.0176	0.0178	0.0178	0.0176	0.0178	0.0178	0.0178	0.0177	0.0178	0.0178	0.0177	0.023	0.0178	0.0178	0.0178	0.0178	0.0178	0.0177	0.0177	0.0176	0.0178	0.0178	0.0178	0.0178	0.0178	0.0178	0.0178	0.0178	0.0178	0.0177	0.0178	0.0178	0.0178	0.0176	0.0177	0.0178	0.0178	0.0178	0.0178	0.0176	0.0178	0.0178	0.0178	0.0177	0.0178	0.02	0.0176	0.0178
  B	0.0152	0	0.0151	0.0152	0.0152	0.0152	0.0151	0.0152	0.0147	0.0152	0.0175	0.0148	0.0152	0.0152	0.0152	0.0152	0.0152	0.015	0.0152	0.0152	0.0151	0.0152	0.0152	0.0152	0.0151	0.0152	0.0152	0.0151	0.0151	0.0152	0.0152	0.0152	0.0152	0.0152	0.0151	0.0151	0.015	0.0152	0.0152	0.0152	0.0152	0.0152	0.0152	0.0152	0.0152	0.0152	0.0151	0.0152	0.0152	0.0152	0.0151	0.0151	0.0152	0.0152	0.0152	0.0152	0.0151	0.0152	0.0152	0.0152	0.0151	0.0152	0.0279	0.015	0.0152
  C	0.0084	0.0084	0	0.0084	0.0084	0.0084	0.0139	0.0084	0.0083	0.0089	0.0102	0.0149	0.0084	0.0084	0.0084	0.0097	0.0084	0.0084	0.0084	0.0104	0.0149	0.0119	0.0084	0.0088	0.0084	0.0084	0.0084	0.01	0.0149	0.0084	0.0084	0.0084	0.0084	0.0093	0.0087	0.0084	0.0261	0.0108	0.0142	0.0084	0.0084	0.0084	0.0117	0.0084	0.0084	0.0084	0.0102	0.0084	0.0142	0.0084	0.0137	0.0084	0.0084	0.0084	0.0084	0.0084	0.0092	0.0084	0.0084	0.0084	0.0084	0.0084	0.0546	0.01	0.0109
  D	0.018	0.018	0.018	0	0.018	0.018	0.018	0.018	0.0174	0.018	0.018	0.0221	0.018	0.0181	0.018	0.018	0.018	0.0633	0.018	0.018	0.0179	0.018	0.018	0.018	0.018	0.018	0.018	0.0265	0.018	0.018	0.018	0.018	0.018	0.018	0.018	0.0179	0.0178	0.018	0.018	0.018	0.018	0.018	0.018	0.018	0.018	0.018	0.0179	0.018	0.018	0.018	0.0179	0.018	0.018	0.018	0.0181	0.018	0.0179	0.018	0.018	0.018	0.018	0.018	0.0166	0.0179	0.018
  E	0.0197	0.0197	0.0197	0.0197	0	0.0197	0.0197	0.0197	0.019	0.0197	0.0197	0.0191	0.0197	0.0197	0.0258	0.0197	0.0197	0.0195	0.0197	0.0197	0.0196	0.0197	0.0197	0.0197	0.0197	0.0197	0.0197	0.0196	0.0197	0.02	0.0197	0.0197	0.0197	0.0197	0.0196	0.0749	0.0196	0.0197	0.0197	0.0197	0.0197	0.0197	0.0197	0.0197	0.0197	0.0197	0.0758	0.0197	0.0197	0.0197	0.0195	0.0196	0.0197	0.0197	0.0197	0.0197	0.0196	0.0197	0.0197	0.0197	0.0197	0.0197	0.0181	0.0195	0.0197
  F	0.0178	0.0178	0.0178	0.0178	0.0178	0	0.0178	0.0178	0.0172	0.0178	0.0241	0.0173	0.0179	0.0187	0.0178	0.0267	0.021	0.0691	0.0178	0.0178	0.0191	0.0274	0.0178	0.0178	0.0178	0.0178	0.0178	0.0266	0.0178	0.0178	0.0178	0.0178	0.0178	0.0178	0.0178	0.0177	0.0735	0.0178	0.0178	0.0178	0.0178	0.0178	0.0178	0.0178	0.0178	0.0178	0.0563	0.0178	0.0178	0.0178	0.0177	0.0181	0.0178	0.0178	0.0178	0.0178	0.0184	0.0178	0.0178	0.0178	0.0178	0.0178	0.0189	0.0177	0.0178
  G	0.0074	0.0074	0.0121	0.0074	0.0073	0.0073	0	0.0074	0.0073	0.0074	0.0117	0.011	0.0074	0.0074	0.0074	0.0074	0.0074	0.0073	0.0074	0.0098	0.0077	0.0074	0.0074	0.0074	0.0073	0.0074	0.0074	0.0073	0.0074	0.0078	0.0074	0.0074	0.0074	0.0074	0.0074	0.0073	0.0073	0.0074	0.0081	0.0074	0.0074	0.0074	0.0074	0.0074	0.0074	0.0074	0.0073	0.0074	0.0097	0.0074	0.0075	0.0073	0.0074	0.0074	0.0074	0.0074	0.0073	0.0074	0.0074	0.0094	0.0082	0.0095	0.0606	0.0073	0.0074
  H	0.0176	0.0176	0.0176	0.0176	0.0176	0.0176	0.0176	0	0.017	0.0176	0.0176	0.0308	0.0176	0.0176	0.0176	0.0176	0.0176	0.0175	0.0176	0.0176	0.0175	0.0176	0.0176	0.0176	0.0176	0.0176	0.0176	0.0176	0.0179	0.0176	0.0176	0.0176	0.0176	0.0176	0.0176	0.0189	0.0175	0.0177	0.0176	0.0176	0.0176	0.0176	0.0176	0.0176	0.0176	0.0176	0.0191	0.0176	0.0176	0.0176	0.0175	0.0176	0.0176	0.0176	0.0176	0.0179	0.0175	0.0176	0.0176	0.0176	0.0176	0.0176	0.0164	0.0437	0.0176
  I	0.0018	0.0018	0.0018	0.0018	0.0017	0.0018	0.0018	0.0018	0	0.0018	0.0019	0.0026	0.0018	0.0018	0.0018	0.0019	0.0018	0.0018	0.0018	0.0018	0.0018	0.0018	0.0018	0.0018	0.0018	0.0018	0.0018	0.0018	0.0027	0.0018	0.0018	0.0018	0.0018	0.0018	0.0075	0.0018	0.0018	0.0018	0.0018	0.0018	0.0018	0.0018	0.002	0.0018	0.0018	0.0018	0.0018	0.0018	0.0018	0.0018	0.0034	0.0018	0.0018	0.0018	0.0018	0.0018	0.0018	0.0018	0.0018	0.0018	0.0018	0.0018	0.1128	0.0026	0.0018
  J	0.0188	0.0188	0.0197	0.0188	0.0187	0.0187	0.0187	0.0188	0.018	0	0.0202	0.0182	0.0188	0.0188	0.0188	0.0187	0.0188	0.0186	0.0188	0.0187	0.0186	0.0188	0.0188	0.0188	0.0187	0.0188	0.0188	0.0262	0.0187	0.0188	0.0188	0.0188	0.0188	0.0188	0.0187	0.0186	0.0185	0.0188	0.0188	0.0188	0.0188	0.0188	0.0188	0.0188	0.0188	0.0188	0.0186	0.0188	0.0188	0.0188	0.0186	0.0187	0.0188	0.0188	0.0188	0.0187	0.0186	0.0188	0.0188	0.0188	0.0187	0.0188	0.0173	0.0185	0.0198
  K	0.0122	0.014	0.0148	0.0122	0.0122	0.0164	0.0192	0.0122	0.0126	0.0131	0	0.012	0.0122	0.0122	0.0122	0.0122	0.0122	0.0121	0.0122	0.0122	0.0127	0.0122	0.0122	0.0122	0.0121	0.0122	0.0122	0.0186	0.0122	0.0122	0.0122	0.0122	0.0122	0.0122	0.0122	0.0121	0.015	0.0122	0.0122	0.0182	0.0122	0.0122	0.0122	0.0122	0.0122	0.0122	0.0122	0.0122	0.0122	0.0122	0.0122	0.0121	0.0122	0.0122	0.0122	0.0122	0.0142	0.0122	0.0122	0.0122	0.0183	0.0122	0.0409	0.0121	0.0148
  L	0.0056	0.0056	0.0102	0.0071	0.0056	0.0056	0.0086	0.0101	0.0083	0.0056	0.0057	0	0.0056	0.0057	0.0056	0.0057	0.0056	0.0057	0.0056	0.0069	0.0644	0.0056	0.0056	0.0071	0.0084	0.0056	0.0056	0.0071	0.0294	0.0135	0.0056	0.0056	0.0056	0.0057	0.0057	0.0529	0.0065	0.0075	0.0064	0.0056	0.0056	0.0056	0.0056	0.0056	0.0056	0.0056	0.0254	0.0056	0.0098	0.0057	0.0461	0.0056	0.0056	0.0057	0.0056	0.0229	0.0084	0.0056	0.0056	0.0056	0.0086	0.0056	0.0898	0.0475	0.0056
  M	0.0185	0.0185	0.0185	0.0185	0.0185	0.0186	0.0185	0.0185	0.0178	0.0185	0.0185	0.018	0	0.0185	0.0185	0.0185	0.0241	0.0184	0.0185	0.0185	0.0184	0.0185	0.0185	0.0185	0.0185	0.0185	0.0185	0.0184	0.0185	0.0185	0.0185	0.0185	0.0185	0.0185	0.0184	0.0184	0.0425	0.0185	0.0185	0.0185	0.0215	0.0185	0.0185	0.0185	0.0185	0.0185	0.0189	0.0185	0.0185	0.0185	0.0184	0.0185	0.0185	0.0185	0.0185	0.0185	0.0184	0.0185	0.0185	0.0185	0.0185	0.0185	0.017	0.0183	0.0185
  N	0.0165	0.0165	0.0165	0.0166	0.0165	0.0174	0.0165	0.0165	0.016	0.0165	0.0166	0.0161	0.0165	0	0.0165	0.0165	0.0165	0.0258	0.0165	0.0165	0.0194	0.0165	0.0165	0.0165	0.0165	0.0165	0.0165	0.0165	0.0165	0.0165	0.0165	0.0165	0.0165	0.0166	0.0165	0.0165	0.0196	0.0166	0.0165	0.0165	0.0165	0.0165	0.0165	0.0165	0.0165	0.0165	0.0165	0.0165	0.0165	0.0165	0.0164	0.0165	0.0165	0.0165	0.0165	0.0165	0.0164	0.0165	0.0165	0.0165	0.0165	0.0165	0.023	0.0215	0.0165
  O	0.0189	0.0189	0.0188	0.0189	0.0247	0.0189	0.0188	0.0189	0.0182	0.0189	0.0189	0.0183	0.0189	0.0189	0	0.0189	0.0189	0.0187	0.0189	0.0189	0.0187	0.0189	0.0189	0.0189	0.0188	0.0189	0.0189	0.0188	0.0188	0.0189	0.0189	0.0189	0.0189	0.0189	0.0188	0.0189	0.0188	0.0189	0.0189	0.0189	0.0189	0.0189	0.0189	0.0189	0.0189	0.0189	0.0338	0.0189	0.0189	0.0189	0.0187	0.0188	0.0189	0.0189	0.0189	0.0189	0.0187	0.0189	0.0189	0.0189	0.0188	0.0189	0.0173	0.0187	0.0189
  P	0.0135	0.0135	0.0156	0.0135	0.0135	0.0202	0.0135	0.0135	0.0138	0.0135	0.0135	0.0132	0.0135	0.0135	0.0135	0	0.0135	0.0336	0.0135	0.0135	0.0134	0.0135	0.0135	0.0135	0.0135	0.0135	0.0135	0.0134	0.0135	0.0135	0.0135	0.0135	0.0135	0.0135	0.0135	0.0134	0.014	0.0135	0.0135	0.0135	0.0135	0.0135	0.0135	0.0135	0.0135	0.0202	0.0134	0.0135	0.0135	0.0135	0.0134	0.0135	0.0135	0.0135	0.0172	0.0135	0.0134	0.0135	0.0135	0.0135	0.0414	0.0135	0.0393	0.0134	0.0135
  Q	0.0185	0.0185	0.0184	0.0185	0.0185	0.0217	0.0184	0.0185	0.0178	0.0185	0.0185	0.0179	0.024	0.0185	0.0185	0.0185	0	0.0184	0.0185	0.0185	0.0183	0.0185	0.0185	0.0185	0.0184	0.0185	0.0185	0.0184	0.0184	0.0185	0.0185	0.0185	0.0185	0.0185	0.0184	0.0184	0.0358	0.0185	0.0185	0.0185	0.0248	0.0185	0.0185	0.0185	0.0185	0.0185	0.0331	0.0185	0.0185	0.0185	0.0183	0.0184	0.0185	0.0185	0.0185	0.0185	0.0183	0.0185	0.0185	0.0185	0.0184	0.0185	0.017	0.0183	0.0185
  R	0.0119	0.0119	0.012	0.0422	0.0119	0.0466	0.012	0.0119	0.0117	0.0119	0.012	0.0118	0.012	0.0188	0.0119	0.0299	0.012	0	0.0119	0.012	0.0132	0.025	0.0119	0.0119	0.0119	0.0119	0.0119	0.0418	0.012	0.0119	0.0119	0.0119	0.0119	0.012	0.0119	0.0119	0.0761	0.0119	0.0119	0.0119	0.0119	0.0119	0.0119	0.0119	0.0119	0.0119	0.0123	0.0119	0.0119	0.012	0.0119	0.0815	0.0119	0.012	0.0119	0.0119	0.0119	0.0119	0.0119	0.0119	0.0179	0.0119	0.0281	0.0136	0.0119
  S	0.0167	0.0167	0.0166	0.0167	0.0166	0.0166	0.0166	0.0167	0.0161	0.0167	0.0167	0.0162	0.0167	0.0167	0.0167	0.0167	0.0167	0.0165	0	0.0166	0.0165	0.0167	0.0167	0.0167	0.0166	0.0167	0.0167	0.0166	0.0166	0.0167	0.0167	0.0167	0.0167	0.0167	0.0166	0.0166	0.0165	0.0167	0.0167	0.0167	0.0167	0.0167	0.0167	0.0167	0.0167	0.0167	0.0166	0.0167	0.0167	0.0167	0.0165	0.0166	0.0167	0.0167	0.0167	0.0166	0.0165	0.0167	0.0167	0.0167	0.0166	0.0167	0.0231	0.0165	0.0167
