Map from character to field name
A:	Algeria
B:	Argentina
C:	Australia
D:	Austria
E:	Bangladesh
F:	Belgium
G:	Brazil
H:	Cambodia
I:	Canada
J:	Chad
K:	Chile
L:	China
M:	Czech Republic
N:	Denmark
O:	Egypt
P:	France
Q:	Georgia
R:	Germany
S:	Guam
T:	Guatemala
U:	Hong Kong
V:	Hungary
W:	Iceland
X:	India
Y:	Indonesia
Z:	Iran
[:	Ireland
\:	Italy
]:	Japan
^:	Kazakhstan
_:	Kuwait
`:	Laos
a:	Luxembourg
b:	Malaysia
c:	Mexico
d:	Mongolia
e:	Netherlands
f:	New Zealand
g:	Nicaragua
h:	Nigeria
i:	Norway
j:	Pakistan
k:	Peru
l:	Philippines
m:	Poland
n:	Romania
o:	Russia
p:	Saudi Arabia
q:	Singapore
r:	South Africa
s:	South Korea
t:	Spain
u:	Sri Lanka
v:	Sweden
w:	Switzerland
x:	Taiwan
y:	Thailand
z:	Turkey
{:	Ukraine
|:	United Arab Emirates
}:	United Kingdom
~:	Uruguay
:	Usa
:	Vietnam
:	Zambia
:	?


Substitution rate (mu): 23.206362

Equilibrium frequencies (pi_i):
  A: 0.0182
  B: 0.0159
  C: 0.0101
  D: 0.0179
  E: 0.0174
  F: 0.0163
  G: 0.0086
  H: 0.0184
  I: 0.0018
  J: 0.0195
  K: 0.0097
  L: 0.008
  M: 0.0196
  N: 0.0186
  O: 0.0173
  P: 0.0174
  Q: 0.0198
  R: 0.0121
  S: 0.0173
  T: 0.0072
  U: 0.0057
  V: 0.0191
  W: 0.0193
  X: 0.0189
  Y: 0.0191
  Z: 0.0194
  [: 0.0173
  \: 0.0154
  ]: 0.0096
  ^: 0.0162
  _: 0.0182
  `: 0.0197
  a: 0.0196
  b: 0.017
  c: 0.0114
  d: 0.0098
  e: 0.0043
  f: 0.019
  g: 0.0198
  h: 0.0173
  i: 0.0194
  j: 0.0195
  k: 0.0175
  l: 0.0194
  m: 0.0197
  n: 0.0194
  o: 0.0096
  p: 0.0148
  q: 0.0181
  r: 0.0158
  s: 0.0065
  t: 0.0175
  u: 0.0194
  v: 0.0153
  w: 0.0151
  x: 0.0141
  y: 0.0108
  z: 0.0197
  {: 0.0192
  |: 0.0188
  }: 0.0108
  ~: 0.0173
  : 0.0052
  : 0.0107
  : 0.0193

Symmetrized rates from j->i (W_ij):
	A	B	C	D	E	F	G	H	I	J	K	L	M	N	O	P	Q	R	S	T	U	V	W	X	Y	Z	[	\	]	^	_	`	a	b	c	d	e	f	g	h	i	j	k	l	m	n	o	p	q	r	s	t	u	v	w	x	y	z	{	|	}	~			
  A	0	0.9609	0.9594	0.9609	0.9603	0.9601	0.9598	0.9612	0.9356	0.961	0.9608	0.9406	0.9607	0.9608	0.9605	0.9607	0.9608	0.9483	0.9609	0.9611	0.9537	0.9607	0.9609	0.9608	0.96	0.9608	0.9609	0.9564	1.1987	0.9608	0.9609	0.961	0.9609	0.9609	0.9586	0.9567	0.9532	0.9608	0.9609	0.9609	0.9608	0.9609	0.961	0.9609	0.9608	0.961	0.9566	0.9609	0.9609	0.961	0.9548	0.9577	0.9609	0.9609	0.9611	0.9608	0.9548	0.9608	0.961	0.9609	0.9601	0.9609	1.1546	0.9532	0.9609
  B	0.9609	0	0.9592	0.9607	0.9601	0.96	0.9594	0.9612	1.0755	0.9607	0.9604	0.941	0.9605	0.9607	0.9603	0.9605	0.9606	0.9497	0.9607	0.9604	1.3611	0.9606	0.9607	0.9606	0.9599	0.9606	0.9607	0.9568	0.9594	0.9606	0.9607	0.9607	0.9607	1.024	0.9586	0.9567	0.9535	0.9606	0.9606	0.9607	0.9606	0.9607	0.9607	0.9607	0.9606	0.9607	0.9567	0.9606	0.9608	0.9744	0.9544	0.9579	0.9607	0.9606	0.9608	0.9602	0.9553	0.9606	0.9608	0.9607	0.9596	0.9607	1.6684	0.954	0.9607
  C	0.9594	0.9592	0	0.9589	1.0322	0.9613	1.7522	0.9604	0.9718	1.0125	1.2882	3.4821	0.9587	1.2137	0.9588	0.9594	0.9589	0.9556	0.9588	0.964	3.1353	1.4355	0.9585	0.9606	0.9588	0.9587	0.9588	1.0918	1.4903	0.9596	0.9589	0.9585	0.9585	1.2485	0.9609	0.969	4.0827	0.9622	1.913	0.9588	0.9587	0.9585	1.2072	0.9587	0.9584	0.9586	1.1363	0.9593	1.7909	0.9594	2.3648	0.957	0.9585	0.9596	0.9595	1.2917	0.9577	0.9584	0.9591	0.9586	0.9615	0.9588	4.0477	1.426	1.0812
  D	0.9609	0.9607	0.9589	0	0.9602	0.9605	0.9592	0.9611	0.9327	0.9609	0.9602	1.2835	0.9606	0.9611	0.9603	0.9608	0.9606	3.3542	0.9607	0.9604	0.9538	0.9608	0.961	0.9607	0.9599	0.9607	0.9607	1.292	0.9592	0.9608	0.9607	0.9607	0.9607	0.9607	0.9583	0.9564	0.9533	0.9607	0.9607	0.9607	0.9607	0.9607	0.9608	0.9607	0.9636	0.9608	0.9566	0.9607	0.9609	0.9608	0.9537	0.9578	0.9607	0.9607	0.9608	0.9601	0.9552	0.9607	0.9608	0.9607	1.2013	0.9607	0.8953	0.9531	0.9608
  E	0.9603	0.9601	1.0322	0.9602	0	0.9601	0.9592	0.9607	0.9346	0.9601	0.9608	2.3683	0.96	0.96	0.9601	0.9599	1.4348	0.949	0.9601	0.9603	0.9553	0.96	0.9602	1.1727	0.9593	0.9602	0.9601	0.9563	1.0553	0.9603	0.9601	0.96	0.96	0.9603	0.9581	1.4404	1.9326	0.9601	0.96	0.9601	0.96	0.96	0.9603	0.96	0.96	0.9601	3.3322	0.9601	0.9604	0.9603	0.9547	0.9571	0.96	0.9602	0.9602	0.9601	0.9545	0.9599	0.9606	0.96	0.9596	0.9601	1.0165	1.2273	0.9603
  F	0.9601	0.96	0.9613	0.9605	0.9601	0	0.9595	0.9603	1.3539	0.9599	0.9607	1.433	1.0814	0.9606	0.9603	2.3265	0.96	3.8795	0.9599	0.9605	0.9593	0.9935	0.9608	0.9603	0.9595	0.962	0.9599	1.3869	0.9604	0.96	0.9599	0.9598	0.9607	0.9601	0.9585	0.96	4.025	0.96	0.9598	0.9599	0.9599	0.9598	0.9603	0.9599	0.9598	0.96	3.8661	0.96	0.9604	0.9602	1.0577	1.3872	0.9598	0.9602	0.9603	0.9598	0.9728	0.9598	0.9615	0.9599	1.0444	0.9599	1.2983	0.954	0.9603
  G	0.9598	0.9594	1.7522	0.9592	0.9592	0.9595	0	0.9602	3.2143	0.9593	1.0026	1.569	0.959	0.9599	0.959	0.9594	0.9591	0.9543	0.9592	1.0025	1.9869	0.959	0.9591	0.9592	0.9587	0.959	0.9592	1.0186	1.4388	0.9595	0.9591	0.959	0.959	0.9593	0.959	0.9595	0.958	0.959	0.9592	0.9592	0.959	0.959	0.9593	0.959	0.959	0.9591	1.0346	0.9594	1.2592	0.9594	0.9575	0.9577	0.959	0.9594	0.9596	0.9616	0.9585	0.959	0.9593	1.3074	0.9597	0.9607	5.7875	0.9632	0.9595
  H	0.9612	0.9612	0.9604	0.9611	0.9607	0.9603	0.9602	0	0.9489	0.9611	0.9608	1.4346	0.9609	0.9612	0.9606	0.9611	0.961	0.9486	0.9611	0.961	1.3059	0.9609	0.9611	0.961	0.9602	0.961	0.9611	0.9567	0.9609	0.961	0.9611	0.961	0.961	0.9621	0.959	1.4364	0.9566	0.9614	0.961	0.9611	0.961	0.9612	0.9611	0.961	0.961	0.9611	0.9573	0.961	0.9613	0.9612	0.955	0.9578	0.9612	0.9611	0.9612	0.9613	0.956	0.961	0.9611	0.9611	0.96	0.9611	0.9664	2.0682	0.9611
  I	0.9356	1.0755	0.9718	0.9327	0.9346	1.3539	3.2143	0.9489	0	0.9303	1.4528	3.9566	0.9302	0.9325	0.9525	1.1746	0.93	0.9426	0.9336	1.4796	5.0119	0.9309	0.9305	0.9315	0.9311	0.9304	0.9336	1.4531	2.3752	0.9359	0.9322	0.93	0.9302	0.9347	2.5426	1.4647	1.0884	0.9312	0.9297	0.9336	0.9304	0.9303	0.9485	0.9304	0.9298	0.9308	3.1467	0.9376	0.9328	0.9361	1.9095	0.933	0.9304	0.9369	0.9377	0.9555	3.6531	0.9298	0.9317	0.9314	0.9452	0.9338	72.0009	1.4778	0.931
  J	0.961	0.9607	1.0125	0.9609	0.9601	0.9599	0.9593	0.9611	0.9303	0	1.0339	0.9362	0.9607	0.9703	0.9603	0.9605	0.9607	0.9476	0.9608	0.9605	0.9525	0.9607	0.9609	0.9607	0.9598	0.9608	0.9608	1.372	0.9588	0.9607	0.9608	0.9608	0.9608	0.9608	0.9581	0.9557	0.9516	0.9607	0.9608	0.9608	0.9608	0.9608	0.9609	0.9608	0.9608	0.9609	0.9558	0.9607	0.9609	0.9609	0.9531	0.9575	0.9608	0.9608	0.9609	0.9601	0.9541	0.9608	0.9609	0.9608	0.9595	0.9608	0.9038	0.9521	1.0063
  K	0.9608	0.9604	1.2882	0.9602	0.9608	0.9607	1.0026	0.9608	1.4528	1.0339	0	1.0194	0.96	1.0679	0.96	0.9604	0.9601	0.9546	0.9602	0.9621	0.9813	0.9602	0.96	0.9603	0.9596	0.9599	0.9602	1.1636	1.0447	0.9608	0.9601	0.9601	0.96	0.9605	0.9599	0.9633	0.9666	0.96	0.9604	0.9602	0.9599	0.96	0.9604	0.96	0.9599	0.9601	0.9816	0.9606	0.9609	0.9606	0.9618	0.9584	0.96	0.9605	1.141	0.9628	1.4348	0.9599	0.9602	0.9601	1.4416	0.9602	4.9961	0.9669	1.1216
  L	0.9406	0.941	3.4821	1.2835	2.3683	1.433	1.569	1.4346	3.9566	0.9362	1.0194	0	0.9362	0.9408	0.9405	1.2558	0.9365	1.4135	0.9388	1.4014	13.2446	0.937	0.9366	1.4147	0.9521	0.9371	0.9388	1.0738	5.2877	3.5307	0.9378	0.9359	0.936	0.9409	0.9672	11.4902	8.5551	0.9444	0.9371	0.9388	0.9363	0.9388	0.9397	0.9363	0.9365	0.9364	7.3263	0.9421	2.2215	0.9417	5.7297	0.9377	0.9361	1.027	0.942	2.4755	1.898	0.9357	0.9563	0.937	2.2649	0.9388	8.9006	11.3478	1.2064
  M	0.9607	0.9605	0.9587	0.9606	0.96	1.0814	0.959	0.9609	0.9302	0.9607	0.96	0.9362	0	0.9606	0.9601	0.9604	0.9605	0.9475	0.9606	0.9604	0.9524	0.9605	0.9607	0.9605	0.9597	0.9605	0.9606	0.9559	0.9588	0.9605	0.9606	0.9606	0.9606	0.9606	0.958	0.9558	1.1392	0.9605	0.9606	0.9606	0.9606	0.9606	0.9607	0.9606	0.9605	0.9606	1.6477	0.9605	0.9607	0.9607	0.953	0.9572	0.9606	0.9606	0.9607	0.9599	0.9539	0.9605	0.9609	0.9606	0.9594	0.9606	0.8884	0.952	0.9607
  N	0.9608	0.9607	1.2137	0.9611	0.96	0.9606	0.9599	0.9612	0.9325	0.9703	1.0679	0.9408	0.9606	0	0.9603	0.9607	0.9606	1.7876	0.9607	0.9604	1.2559	0.9608	0.9609	0.9606	0.9598	0.9606	0.9607	0.9934	0.9591	0.9606	0.9607	0.9607	0.9607	0.961	0.9582	0.9559	0.9554	0.9607	0.9607	0.9607	0.9607	0.9607	0.9608	0.9607	0.9607	0.9608	0.9562	0.9606	0.9609	0.9608	0.9534	0.9586	0.9608	0.9607	0.9608	0.9604	0.955	0.9606	0.9608	0.9607	0.9597	0.9607	0.9844	0.9681	0.9782
  O	0.9605	0.9603	0.9588	0.9603	0.9601	0.9603	0.959	0.9606	0.9525	0.9603	0.96	0.9405	0.9601	0.9603	0	0.9601	0.9602	0.9485	0.9603	0.9603	0.9535	0.9602	0.9603	0.9607	0.9595	0.9605	0.9603	0.9561	0.959	0.9602	0.9603	0.9602	0.9603	0.9603	0.9582	0.9562	1.4149	0.9602	0.9602	0.9603	0.9602	0.9603	0.9604	0.9603	0.9602	0.9603	0.966	0.9603	0.9604	0.9604	0.9538	0.9573	0.9603	0.9603	0.9604	0.9598	0.9545	0.9602	0.9604	0.9603	0.9594	0.9603	1.325	0.9529	0.9603
  P	0.9607	0.9605	0.9594	0.9608	0.9599	2.3265	0.9594	0.9611	1.1746	0.9605	0.9604	1.2558	0.9604	0.9607	0.9601	0	0.9603	1.5028	0.9605	0.9605	1.7099	0.9604	0.9605	0.9604	0.9596	0.9604	0.9605	1.0745	0.9608	0.9604	0.9604	0.9604	0.9604	0.9606	0.9585	0.9564	1.4321	0.9604	0.9604	0.9605	0.9604	0.9604	0.9606	0.9604	0.9604	1.219	0.9619	0.9605	0.9607	0.9606	0.9541	0.958	0.9604	0.9605	1.3025	0.9601	0.9553	0.9604	0.9606	0.9604	2.5611	0.9605	1.4723	0.9535	0.9605
  Q	0.9608	0.9606	0.9589	0.9606	1.4348	0.96	0.9591	0.961	0.93	0.9607	0.9601	0.9365	0.9605	0.9606	0.9602	0.9603	0	0.9472	0.9606	0.9604	0.9524	0.9605	0.9608	0.9606	0.9597	0.9606	0.9606	0.9558	0.9589	0.9605	0.9606	0.9606	0.9606	0.9606	0.958	0.9559	1.4152	0.9605	0.9606	0.9606	0.9606	0.9606	0.9608	0.9606	0.9606	0.9607	1.9571	0.9606	0.9608	0.9608	0.953	0.9572	0.9606	0.9606	0.9607	0.9599	0.9539	0.9606	0.9609	0.9606	0.9594	0.9606	0.8879	0.952	0.9607
  R	0.9483	0.9497	0.9556	3.3542	0.949	3.8795	0.9543	0.9486	0.9426	0.9476	0.9546	1.4135	0.9475	1.7876	0.9485	1.5028	0.9472	0	0.9487	0.9559	1.6654	1.8573	1.389	0.9478	0.9473	0.9473	0.9487	6.0994	0.9542	0.95	0.9481	0.9471	0.9472	0.9495	0.9517	0.9521	6.345	0.9478	0.947	0.9487	0.9473	0.9473	0.949	0.9474	0.9471	0.9474	1.3749	0.9505	0.9488	0.9499	0.9523	7.2565	0.9474	0.9506	0.9504	0.9509	1.4142	0.9471	0.9482	0.9477	1.3451	0.9487	1.8361	0.9604	0.9481
  S	0.9609	0.9607	0.9588	0.9607	0.9601	0.9599	0.9592	0.9611	0.9336	0.9608	0.9602	0.9388	0.9606	0.9607	0.9603	0.9605	0.9606	0.9487	0	0.9604	0.9534	0.9606	0.9607	0.9606	0.9599	0.9607	0.9607	0.9564	0.9591	0.9606	0.9607	0.9607	0.9607	0.9607	0.9584	0.9562	0.9523	0.9606	0.9607	0.9607	0.9607	0.9607	0.9608	0.9607	0.9607	0.9608	0.9564	0.9607	0.9608	0.9608	0.9539	0.9577	0.9607	0.9607	0.9608	0.9601	0.9548	0.9607	0.9608	0.9607	0.9595	0.9607	1.3438	0.9531	0.9607
  T	0.9611	0.9604	0.964	0.9604	0.9603	0.9605	1.0025	0.961	1.4796	0.9605	0.9621	1.4014	0.9604	0.9604	0.9603	0.9605	0.9604	0.9559	0.9604	0	0.9602	0.9604	0.9604	0.9604	0.9601	0.9604	0.9604	0.9591	0.9615	0.9605	0.9604	0.9604	0.9604	0.9606	1.0844	0.9595	1.1305	0.9605	0.9604	0.9604	0.9604	0.9604	1.1351	0.9604	0.9604	0.9605	0.9597	0.9605	1.1384	0.9605	0.9581	0.9592	0.9604	0.9605	0.9607	0.9607	0.9582	0.9604	0.9606	0.9604	0.9603	0.9604	8.4745	0.9583	0.9605
  U	0.9537	1.3611	3.1353	0.9538	0.9553	0.9593	1.9869	1.3059	5.0119	0.9525	0.9813	13.2446	0.9524	1.2559	0.9535	1.7099	0.9524	1.6654	0.9534	0.9602	0	0.9531	0.9525	0.9529	0.9529	0.9525	0.9534	1.3214	1.685	0.9543	0.9533	0.9522	0.9523	3.3992	1.9756	0.9616	9.0436	1.4601	0.9523	0.9534	0.9525	0.9525	0.9542	0.9525	0.9522	0.9526	0.9666	0.9547	1.3143	1.1283	1.0027	0.9532	1.4282	0.9548	0.9548	1.0294	2.7937	0.9522	0.9531	0.9527	0.9626	0.9534	6.528	4.3933	0.9538
  V	0.9607	0.9606	1.4355	0.9608	0.96	0.9935	0.959	0.9609	0.9309	0.9607	0.9602	0.937	0.9605	0.9608	0.9602	0.9604	0.9605	1.8573	0.9606	0.9604	0.9531	0	0.9607	0.9605	0.9597	0.9605	0.9606	1.2581	0.959	0.9605	0.9606	0.9606	0.9606	0.9606	0.9581	0.9558	1.6974	0.9605	0.9631	0.9606	0.9606	0.9606	0.9613	0.9606	0.9606	0.9607	0.9563	0.9605	0.9608	0.9607	0.9537	0.9596	0.9606	0.9606	0.9607	0.9599	0.9543	0.9605	0.9607	0.9606	0.9597	0.9606	0.8903	0.9522	0.9607
  W	0.9609	0.9607	0.9585	0.961	0.9602	0.9608	0.9591	0.9611	0.9305	0.9609	0.96	0.9366	0.9607	0.9609	0.9603	0.9605	0.9608	1.389	0.9607	0.9604	0.9525	0.9607	0	0.9608	0.9598	0.9607	0.9608	0.9563	0.9588	0.9606	0.9608	0.9608	0.9608	0.9607	0.9581	0.956	0.9524	0.9607	0.9607	0.9608	0.9607	0.9608	0.9608	0.9608	0.9607	0.9608	1.0375	0.9607	0.9609	0.9608	0.9531	0.9579	0.9608	0.9607	0.9608	0.9601	0.9542	0.9607	0.9609	0.9608	0.9595	0.9607	0.8894	0.9522	0.9608
  X	0.9608	0.9606	0.9606	0.9607	1.1727	0.9603	0.9592	0.961	0.9315	0.9607	0.9603	1.4147	0.9605	0.9606	0.9607	0.9604	0.9606	0.9478	0.9606	0.9604	0.9529	0.9605	0.9608	0	0.9597	0.9608	0.9606	0.9561	0.9592	0.9606	0.9606	0.9606	0.9606	0.9607	0.9581	1.1086	1.3292	0.9606	0.9606	0.9606	0.9606	0.9606	0.9607	0.9606	0.9606	0.9607	2.2915	0.9606	0.961	0.9608	0.9534	0.9574	0.9606	0.9606	0.9607	0.96	0.9542	0.9606	0.9609	0.9606	0.9595	0.9606	0.8951	0.9526	0.9607
  Y	0.96	0.9599	0.9588	0.9599	0.9593	0.9595	0.9587	0.9602	0.9311	0.9598	0.9596	0.9521	0.9597	0.9598	0.9595	0.9596	0.9597	0.9473	0.9599	0.9601	0.9529	0.9597	0.9598	0.9597	0	0.9598	0.9599	0.9556	0.9587	0.9598	0.9599	0.9597	0.9598	0.9601	0.9576	0.956	1.1695	0.9598	0.9597	0.9599	0.9598	0.9598	0.96	0.9598	0.9597	0.9598	0.9573	0.9599	0.96	0.96	1.1101	0.9566	0.9598	0.96	0.96	0.9594	0.9537	0.9597	0.9599	0.9598	0.9591	0.9599	0.9664	0.9524	0.9598
  Z	0.9608	0.9606	0.9587	0.9607	0.9602	0.962	0.959	0.961	0.9304	0.9608	0.9599	0.9371	0.9605	0.9606	0.9605	0.9604	0.9606	0.9473	0.9607	0.9604	0.9525	0.9605	0.9607	0.9608	0.9598	0	0.9607	0.9559	0.9588	0.9605	0.9607	0.9607	0.9607	0.9607	0.9581	0.9558	1.4173	0.9606	0.9606	0.9607	0.9606	0.9607	0.9608	0.9607	0.9606	0.9607	0.9621	0.9606	0.9608	0.9607	0.9531	0.9573	0.9607	0.9606	0.9607	0.9599	0.954	0.9606	0.9608	0.9607	0.9594	0.9607	0.889	0.9521	0.9607
  [	0.9609	0.9607	0.9588	0.9607	0.9601	0.9599	0.9592	0.9611	0.9336	0.9608	0.9602	0.9388	0.9606	0.9607	0.9603	0.9605	0.9606	0.9487	0.9607	0.9604	0.9534	0.9606	0.9608	0.9606	0.9599	0.9607	0	0.9564	0.9591	0.9606	0.9607	0.9607	0.9607	0.9607	0.9584	0.9562	0.9523	0.9606	0.9607	0.9607	0.9607	0.9607	0.9608	0.9607	0.9607	0.9608	0.9563	0.9607	0.9608	0.9608	0.9539	0.9577	0.9607	0.9607	0.9608	0.9601	0.9548	0.9607	0.9608	0.9607	0.9595	0.9607	1.3439	0.9531	0.9607
  \	0.9564	0.9568	1.0918	1.292	0.9563	1.3869	1.0186	0.9567	1.4531	1.372	1.1636	1.0738	0.9559	0.9934	0.9561	1.0745	0.9558	6.0994	0.9564	0.9591	1.3214	1.2581	0.9563	0.9561	0.9556	0.9559	0.9564	0	0.9582	0.9569	0.9562	0.9558	0.9559	0.957	0.9563	0.9555	4.3476	0.9562	0.9559	0.9564	0.956	0.9559	0.9569	0.956	0.9589	0.9561	0.957	0.9571	0.9581	0.9569	0.9541	1.0892	0.9559	1.108	1.436	0.9573	0.9544	0.9559	0.9563	0.9561	1.2734	0.9564	1.4204	0.9526	1.1195
  ]	1.1987	0.9594	1.4903	0.9592	1.0553	0.9604	1.4388	0.9609	2.3752	0.9588	1.0447	5.2877	0.9588	0.9591	0.959	0.9608	0.9589	0.9542	0.9591	0.9615	1.685	0.959	0.9588	0.9592	0.9587	0.9588	0.9591	0.9582	0	0.9928	0.959	1.438	0.9588	0.9598	0.9594	3.5071	2.1308	0.959	0.9589	0.9591	0.9588	0.9588	0.9594	0.9588	0.9587	0.9589	1.7341	0.9596	0.9598	0.9597	1.8491	0.9573	0.9587	0.9597	0.9598	2.5008	0.9584	0.9587	0.9596	0.9589	1.4419	0.9591	4.5324	2.1689	0.9593
  ^	0.9608	0.9606	0.9596	0.9608	0.9603	0.96	0.9595	0.961	0.9359	0.9607	0.9608	3.5307	0.9605	0.9606	0.9602	0.9604	0.9605	0.95	0.9606	0.9605	0.9543	0.9605	0.9606	0.9606	0.9598	0.9605	0.9606	0.9569	0.9928	0	0.9606	0.9606	0.9606	0.9606	0.9585	1.1665	0.955	0.9605	0.9606	0.9606	0.9606	0.9606	0.9607	0.9606	0.9606	0.9607	1.0116	0.9606	0.9608	0.9607	0.9547	0.9578	0.9606	0.9606	0.9607	0.9602	0.9552	0.9606	0.9607	0.9606	1.4079	0.9606	1.0486	0.9572	0.9607
  _	0.9609	0.9607	0.9589	0.9607	0.9601	0.9599	0.9591	0.9611	0.9322	0.9608	0.9601	0.9378	0.9606	0.9607	0.9603	0.9604	0.9606	0.9481	0.9607	0.9604	0.9533	0.9606	0.9608	0.9606	0.9599	0.9607	0.9607	0.9562	0.959	0.9606	0	0.9607	0.9607	0.9607	0.9583	0.956	1.1866	0.9606	0.9607	0.9607	0.9607	0.9607	0.9608	0.9607	0.9607	0.9608	0.9561	0.9607	0.9608	0.9608	0.9536	0.9576	0.9607	0.9607	0.9608	0.9601	0.9545	0.9607	0.9608	0.9607	0.9595	0.9607	1.1249	0.9527	0.9607
  `	0.961	0.9607	0.9585	0.9607	0.96	0.9598	0.959	0.961	0.93	0.9608	0.9601	0.9359	0.9606	0.9607	0.9602	0.9604	0.9606	0.9471	0.9607	0.9604	0.9522	0.9606	0.9608	0.9606	0.9597	0.9607	0.9607	0.9558	1.438	0.9606	0.9607	0	0.9607	0.9607	0.958	0.9556	0.9512	0.9606	0.9607	0.9607	0.9607	0.9607	0.9608	0.9607	0.9607	0.9608	0.9556	0.9606	0.9608	0.9608	0.9529	0.9573	0.9607	0.9606	0.9608	0.96	0.9539	0.9607	0.9608	0.9607	0.9593	0.9607	0.8882	0.9519	0.9607
  a	0.9609	0.9607	0.9585	0.9607	0.96	0.9607	0.959	0.961	0.9302	0.9608	0.96	0.936	0.9606	0.9607	0.9603	0.9604	0.9606	0.9472	0.9607	0.9604	0.9523	0.9606	0.9608	0.9606	0.9598	0.9607	0.9607	0.9559	0.9588	0.9606	0.9607	0.9607	0	0.9607	0.9581	0.9556	0.9512	0.9606	0.9607	0.9607	0.9607	0.9607	0.9608	0.9607	0.9607	0.9608	1.4333	0.9606	0.9608	0.9608	0.953	0.9573	0.9607	0.9607	0.9608	0.96	0.954	0.9607	0.9608	0.9607	0.9594	0.9607	0.8884	0.952	0.9608
  b	0.9609	1.024	1.2485	0.9607	0.9603	0.9601	0.9593	0.9621	0.9347	0.9608	0.9605	0.9409	0.9606	0.961	0.9603	0.9606	0.9606	0.9495	0.9607	0.9606	3.3992	0.9606	0.9607	0.9607	0.9601	0.9607	0.9607	0.957	0.9598	0.9606	0.9607	0.9607	0.9607	0	0.9588	0.9567	2.8202	0.9635	0.9607	0.9607	0.9607	0.9607	0.961	0.9607	0.9607	0.9608	0.9568	0.9606	0.9611	1.3134	0.9545	0.9578	0.9607	0.9607	0.9608	0.9606	0.9553	0.9607	0.9609	0.9607	0.9599	0.9607	1.3573	1.2395	0.9608
  c	0.9586	0.9586	0.9609	0.9583	0.9581	0.9585	0.959	0.959	2.5426	0.9581	0.9599	0.9672	0.958	0.9582	0.9582	0.9585	0.958	0.9517	0.9584	1.0844	1.9756	0.9581	0.9581	0.9581	0.9576	0.9581	0.9584	0.9563	0.9594	0.9585	0.9583	0.958	0.9581	0.9588	0	0.9572	1.2152	0.9582	0.958	0.9584	0.9581	0.9581	1.0873	0.9581	0.958	0.9582	0.9577	0.9587	1.0886	0.9586	0.9557	0.9564	0.9581	0.9587	0.9588	0.9588	1.1382	0.958	0.9583	0.9582	0.9587	0.9584	3.3655	0.9553	0.9582
  d	0.9567	0.9567	0.969	0.9564	1.4404	0.96	0.9595	1.4364	1.4647	0.9557	0.9633	11.4902	0.9558	0.9559	0.9562	0.9564	0.9559	0.9521	0.9562	0.9595	0.9616	0.9558	0.956	1.1086	0.956	0.9558	0.9562	0.9555	3.5071	1.1665	0.956	0.9556	0.9556	0.9567	0.9572	0	2.6367	0.956	0.9556	0.9562	0.9557	1.0934	0.9564	0.9557	0.9555	0.9557	9.8367	0.9569	0.9567	1.0268	3.1136	0.9545	0.9556	0.9569	0.957	1.7957	1.3026	0.9555	0.9576	0.9558	0.959	0.9562	1.6	4.7266	0.989
  e	0.9532	0.9535	4.0827	0.9533	1.9326	4.025	0.958	0.9566	1.0884	0.9516	0.9666	8.5551	1.1392	0.9554	1.4149	1.4321	1.4152	6.345	0.9523	1.1305	9.0436	1.6974	0.9524	1.3292	1.1695	1.4173	0.9523	4.3476	2.1308	0.955	1.1866	0.9512	0.9512	2.8202	1.2152	2.6367	0	2.2471	0.953	0.9523	1.4269	0.9515	1.3836	1.4268	0.9512	0.9515	11.0491	0.9538	1.4421	0.9546	2.3171	0.9576	0.9514	1.7084	0.9538	1.2015	1.1037	0.9511	1.2525	0.9516	2.7017	0.9523	14.5682	3.398	1.1612
  f	0.9608	0.9606	0.9622	0.9607	0.9601	0.96	0.959	0.9614	0.9312	0.9607	0.96	0.9444	0.9605	0.9607	0.9602	0.9604	0.9605	0.9478	0.9606	0.9605	1.4601	0.9605	0.9607	0.9606	0.9598	0.9606	0.9606	0.9562	0.959	0.9605	0.9606	0.9606	0.9606	0.9635	0.9582	0.956	2.2471	0	0.9606	0.9606	0.9606	0.9606	0.9608	0.9606	0.9606	0.9607	0.9561	0.9606	0.9609	0.9607	0.9538	0.9573	0.9606	0.9606	0.9607	0.96	0.9543	0.9606	0.9608	0.9606	1.1777	0.9606	0.9087	1.3919	0.9607
  g	0.9609	0.9606	1.913	0.9607	0.96	0.9598	0.9592	0.961	0.9297	0.9608	0.9604	0.9371	0.9606	0.9607	0.9602	0.9604	0.9606	0.947	0.9607	0.9604	0.9523	0.9631	0.9607	0.9606	0.9597	0.9606	0.9607	0.9559	0.9589	0.9606	0.9607	0.9607	0.9607	0.9607	0.958	0.9556	0.953	0.9606	0	0.9607	0.9607	0.9607	0.961	0.9607	0.9607	0.9608	0.9558	0.9606	0.9617	0.9608	0.9531	0.9573	0.9607	0.9606	0.9608	0.9599	0.9539	0.9607	0.9608	0.9607	0.9593	0.9607	0.8894	0.9519	0.9608
  h	0.9609	0.9607	0.9588	0.9607	0.9601	0.9599	0.9592	0.9611	0.9336	0.9608	0.9602	0.9388	0.9606	0.9607	0.9603	0.9605	0.9606	0.9487	0.9607	0.9604	0.9534	0.9606	0.9608	0.9606	0.9599	0.9607	0.9607	0.9564	0.9591	0.9606	0.9607	0.9607	0.9607	0.9607	0.9584	0.9562	0.9523	0.9606	0.9607	0	0.9607	0.9607	0.9608	0.9607	0.9607	0.9608	0.9563	0.9607	0.9608	0.9608	0.9539	0.9577	0.9607	0.9607	0.9608	0.9601	0.9548	0.9607	0.9608	0.9607	0.9595	0.9607	1.3441	0.9531	0.9607
  i	0.9608	0.9606	0.9587	0.9607	0.96	0.9599	0.959	0.961	0.9304	0.9608	0.9599	0.9363	0.9606	0.9607	0.9602	0.9604	0.9606	0.9473	0.9607	0.9604	0.9525	0.9606	0.9607	0.9606	0.9598	0.9606	0.9607	0.956	0.9588	0.9606	0.9607	0.9607	0.9607	0.9607	0.9581	0.9557	1.4269	0.9606	0.9607	0.9607	0	0.9607	0.9608	0.9607	0.9607	0.9608	0.9557	0.9606	0.9608	0.9608	0.9531	0.9573	0.9607	0.9606	0.9608	0.96	0.954	0.9607	0.9608	0.9607	0.9594	0.9607	0.8891	0.9521	0.9607
  j	0.9609	0.9607	0.9585	0.9607	0.96	0.9598	0.959	0.9612	0.9303	0.9608	0.96	0.9388	0.9606	0.9607	0.9603	0.9604	0.9606	0.9473	0.9607	0.9604	0.9525	0.9606	0.9608	0.9606	0.9598	0.9607	0.9607	0.9559	0.9588	0.9606	0.9607	0.9607	0.9607	0.9607	0.9581	1.0934	0.9515	0.9606	0.9607	0.9607	0.9607	0	0.9608	0.9607	0.9607	0.9608	0.9558	0.9606	0.9608	0.9608	0.953	0.9573	0.9607	0.9607	0.9608	0.96	0.954	0.9607	0.9608	0.9607	0.9593	0.9607	0.8887	1.3005	0.9607
  k	0.961	0.9607	1.2072	0.9608	0.9603	0.9603	0.9593	0.9611	0.9485	0.9609	0.9604	0.9397	0.9607	0.9608	0.9604	0.9606	0.9608	0.949	0.9608	1.1351	0.9542	0.9613	0.9608	0.9607	0.96	0.9608	0.9608	0.9569	0.9594	0.9607	0.9608	0.9608	0.9608	0.961	1.0873	0.9564	1.3836	0.9608	0.961	0.9608	0.9608	0.9608	0	0.9608	0.9608	0.9609	0.957	0.9607	1.3277	0.9608	0.9542	0.9578	0.9608	0.9608	0.9608	0.9602	0.9548	0.9607	0.9609	0.9608	0.9597	0.9608	1.3367	0.9533	0.9609
  l	0.9609	0.9607	0.9587	0.9607	0.96	0.9599	0.959	0.961	0.9304	0.9608	0.96	0.9363	0.9606	0.9607	0.9603	0.9604	0.9606	0.9474	0.9607	0.9604	0.9525	0.9606	0.9608	0.9606	0.9598	0.9607	0.9607	0.956	0.9588	0.9606	0.9607	0.9607	0.9607	0.9607	0.9581	0.9557	1.4268	0.9606	0.9607	0.9607	0.9607	0.9607	0.9608	0	0.9607	0.9608	0.9557	0.9606	0.9608	0.9608	0.9531	0.9574	0.9607	0.9607	0.9608	0.96	0.9541	0.9607	0.9608	0.9607	0.9594	0.9607	0.8891	0.9521	0.9607
  m	0.9608	0.9606	0.9584	0.9636	0.96	0.9598	0.959	0.961	0.9298	0.9608	0.9599	0.9365	0.9605	0.9607	0.9602	0.9604	0.9606	0.9471	0.9607	0.9604	0.9522	0.9606	0.9607	0.9606	0.9597	0.9606	0.9607	0.9589	0.9587	0.9606	0.9607	0.9607	0.9607	0.9607	0.958	0.9555	0.9512	0.9606	0.9607	0.9607	0.9607	0.9607	0.9608	0.9607	0	0.9608	0.9556	0.9606	0.9608	0.9608	0.9529	0.9573	0.9607	0.9606	0.9608	0.9599	0.9539	0.9607	0.9608	0.9607	1.4711	0.9607	0.8878	0.9519	0.9607
  n	0.961	0.9607	0.9586	0.9608	0.9601	0.96	0.9591	0.9611	0.9308	0.9609	0.9601	0.9364	0.9606	0.9608	0.9603	1.219	0.9607	0.9474	0.9608	0.9605	0.9526	0.9607	0.9608	0.9607	0.9598	0.9607	0.9608	0.9561	0.9589	0.9607	0.9608	0.9608	0.9608	0.9608	0.9582	0.9557	0.9515	0.9607	0.9608	0.9608	0.9608	0.9608	0.9609	0.9608	0.9608	0	0.9558	0.9607	0.9609	0.9609	0.9532	0.9574	0.9608	0.9607	1.227	0.9601	0.9541	0.9607	0.9609	0.9608	0.9596	0.9608	0.9583	0.9521	0.9608
  o	0.9566	0.9567	1.1363	0.9566	3.3322	3.8661	1.0346	0.9573	3.1467	0.9558	0.9816	7.3263	1.6477	0.9562	0.966	0.9619	1.9571	1.3749	0.9564	0.9597	0.9666	0.9563	1.0375	2.2915	0.9573	0.9621	0.9563	0.957	1.7341	1.0116	0.9561	0.9556	1.4333	0.9568	0.9577	9.8367	11.0491	0.9561	0.9558	0.9563	0.9557	0.9558	0.957	0.9557	0.9556	0.9558	0	0.957	1.019	1.3505	2.5178	0.9552	0.9557	0.9571	0.957	1.9222	0.9571	0.9556	1.5563	0.9559	1.4398	0.9563	2.5521	2.3606	1.6641
  p	0.9609	0.9606	0.9593	0.9607	0.9601	0.96	0.9594	0.961	0.9376	0.9607	0.9606	0.9421	0.9605	0.9606	0.9603	0.9605	0.9606	0.9505	0.9607	0.9605	0.9547	0.9605	0.9607	0.9606	0.9599	0.9606	0.9607	0.9571	0.9596	0.9606	0.9607	0.9606	0.9606	0.9606	0.9587	0.9569	0.9538	0.9606	0.9606	0.9607	0.9606	0.9606	0.9607	0.9606	0.9606	0.9607	0.957	0	0.9607	0.9607	0.9549	0.9581	0.9606	2.0982	0.9608	0.9602	0.9556	0.9606	0.9608	0.9607	1.4374	0.9607	2.0432	0.9543	0.9607
  q	0.9609	0.9608	1.7909	0.9609	0.9604	0.9604	1.2592	0.9613	0.9328	0.9609	0.9609	2.2215	0.9607	0.9609	0.9604	0.9607	0.9608	0.9488	0.9608	1.1384	1.3143	0.9608	0.9609	0.961	0.96	0.9608	0.9608	0.9581	0.9598	0.9608	0.9608	0.9608	0.9608	0.9611	1.0886	0.9567	1.4421	0.9609	0.9617	0.9608	0.9608	0.9608	1.3277	0.9608	0.9608	0.9609	1.019	0.9607	0	0.9609	0.9891	0.9577	0.9608	0.9608	0.9608	0.9603	0.9547	0.9608	0.961	0.9608	0.9599	0.9608	0.9181	0.9536	0.961
  r	0.961	0.9744	0.9594	0.9608	0.9603	0.9602	0.9594	0.9612	0.9361	0.9609	0.9606	0.9417	0.9607	0.9608	0.9604	0.9606	0.9608	0.9499	0.9608	0.9605	1.1283	0.9607	0.9608	0.9608	0.96	0.9607	0.9608	0.9569	0.9597	0.9607	0.9608	0.9608	0.9608	1.3134	0.9586	1.0268	0.9546	0.9607	0.9608	0.9608	0.9608	0.9608	0.9608	0.9608	0.9608	0.9609	1.3505	0.9607	0.9609	0	0.9546	0.958	0.9608	0.9607	0.9609	0.9604	0.9554	0.9607	0.961	0.9608	0.9597	0.9608	1.8025	0.9542	1.1993
  s	0.9548	0.9544	2.3648	0.9537	0.9547	1.0577	0.9575	0.955	1.9095	0.9531	0.9618	5.7297	0.953	0.9534	0.9538	0.9541	0.953	0.9523	0.9539	0.9581	1.0027	0.9537	0.9531	0.9534	1.1101	0.9531	0.9539	0.9541	1.8491	0.9547	0.9536	0.9529	0.953	0.9545	0.9557	3.1136	2.3171	0.9538	0.9531	0.9539	0.9531	0.953	0.9542	0.9531	0.9529	0.9532	2.5178	0.9549	0.9891	0.9546	0	0.9527	0.953	0.9548	0.955	0.989	0.9984	0.9529	0.9538	0.9533	0.9569	0.9539	9.4241	2.2579	0.9534
  t	0.9577	0.9579	0.957	0.9578	0.9571	1.3872	0.9577	0.9578	0.933	0.9575	0.9584	0.9377	0.9572	0.9586	0.9573	0.958	0.9572	7.2565	0.9577	0.9592	0.9532	0.9596	0.9579	0.9574	0.9566	0.9573	0.9577	1.0892	0.9573	0.9578	0.9576	0.9573	0.9573	0.9578	0.9564	0.9545	0.9576	0.9573	0.9573	0.9577	0.9573	0.9573	0.9578	0.9574	0.9573	0.9574	0.9552	0.9581	0.9577	0.958	0.9527	0	0.9574	0.958	0.9582	0.9576	0.9542	0.9573	0.9575	0.9575	0.9583	0.9577	0.8949	0.9511	0.9574
  u	0.9609	0.9607	0.9585	0.9607	0.96	0.9598	0.959	0.9612	0.9304	0.9608	0.96	0.9361	0.9606	0.9608	0.9603	0.9604	0.9606	0.9474	0.9607	0.9604	1.4282	0.9606	0.9608	0.9606	0.9598	0.9607	0.9607	0.9559	0.9587	0.9606	0.9607	0.9607	0.9607	0.9607	0.9581	0.9556	0.9514	0.9606	0.9607	0.9607	0.9607	0.9607	0.9608	0.9607	0.9607	0.9608	0.9557	0.9606	0.9608	0.9608	0.953	0.9574	0	0.9607	0.9608	0.96	0.9541	0.9607	0.9608	0.9607	0.9594	0.9607	0.889	0.9526	0.9607
  v	0.9609	0.9606	0.9596	0.9607	0.9602	0.9602	0.9594	0.9611	0.9369	0.9608	0.9605	1.027	0.9606	0.9607	0.9603	0.9605	0.9606	0.9506	0.9607	0.9605	0.9548	0.9606	0.9607	0.9606	0.96	0.9606	0.9607	1.108	0.9597	0.9606	0.9607	0.9606	0.9607	0.9607	0.9587	0.9569	1.7084	0.9606	0.9606	0.9607	0.9606	0.9607	0.9608	0.9607	0.9606	0.9607	0.9571	2.0982	0.9608	0.9607	0.9548	0.958	0.9607	0	0.9608	0.9602	0.9555	0.9606	0.9608	0.9607	0.9618	0.9607	1.9067	0.9541	0.9607
  w	0.9611	0.9608	0.9595	0.9608	0.9602	0.9603	0.9596	0.9612	0.9377	0.9609	1.141	0.942	0.9607	0.9608	0.9604	1.3025	0.9607	0.9504	0.9608	0.9607	0.9548	0.9607	0.9608	0.9607	0.96	0.9607	0.9608	1.436	0.9598	0.9607	0.9608	0.9608	0.9608	0.9608	0.9588	0.957	0.9538	0.9607	0.9608	0.9608	0.9608	0.9608	0.9608	0.9608	0.9608	1.227	0.957	0.9608	0.9608	0.9609	0.955	0.9582	0.9608	0.9608	0	0.9603	0.9557	0.9607	0.9609	0.9608	0.9601	0.9608	2.0271	0.9542	0.9609
  x	0.9608	0.9602	1.2917	0.9601	0.9601	0.9598	0.9616	0.9613	0.9555	0.9601	0.9628	2.4755	0.9599	0.9604	0.9598	0.9601	0.9599	0.9509	0.9601	0.9607	1.0294	0.9599	0.9601	0.96	0.9594	0.9599	0.9601	0.9573	2.5008	0.9602	0.9601	0.96	0.96	0.9606	0.9588	1.7957	1.2015	0.96	0.9599	0.9601	0.96	0.96	0.9602	0.96	0.9599	0.9601	1.9222	0.9602	0.9603	0.9604	0.989	0.9576	0.96	0.9602	0.9603	0	0.9846	0.9599	0.9603	0.96	0.9599	0.9601	2.1853	2.5214	0.9603
  y	0.9548	0.9553	0.9577	0.9552	0.9545	0.9728	0.9585	0.956	3.6531	0.9541	1.4348	1.898	0.9539	0.955	0.9545	0.9553	0.9539	1.4142	0.9548	0.9582	2.7937	0.9543	0.9542	0.9542	0.9537	0.954	0.9548	0.9544	0.9584	0.9552	0.9545	0.9539	0.954	0.9553	1.1382	1.3026	1.1037	0.9543	0.9539	0.9548	0.954	0.954	0.9548	0.9541	0.9539	0.9541	0.9571	0.9556	0.9547	0.9554	0.9984	0.9542	0.9541	0.9555	0.9557	0.9846	0	0.9539	0.9542	0.9543	0.9852	0.9548	3.0059	1.1421	0.9542
  z	0.9608	0.9606	0.9584	0.9607	0.9599	0.9598	0.959	0.961	0.9298	0.9608	0.9599	0.9357	0.9605	0.9606	0.9602	0.9604	0.9606	0.9471	0.9607	0.9604	0.9522	0.9605	0.9607	0.9606	0.9597	0.9606	0.9607	0.9559	0.9587	0.9606	0.9607	0.9607	0.9607	0.9607	0.958	0.9555	0.9511	0.9606	0.9607	0.9607	0.9607	0.9607	0.9607	0.9607	0.9607	0.9607	0.9556	0.9606	0.9608	0.9607	0.9529	0.9573	0.9607	0.9606	0.9607	0.9599	0.9539	0	0.9608	0.9607	1.4389	0.9607	0.8877	0.9519	0.9607
  {	0.961	0.9608	0.9591	0.9608	0.9606	0.9615	0.9593	0.9611	0.9317	0.9609	0.9602	0.9563	0.9609	0.9608	0.9604	0.9606	0.9609	0.9482	0.9608	0.9606	0.9531	0.9607	0.9609	0.9609	0.9599	0.9608	0.9608	0.9563	0.9596	0.9607	0.9608	0.9608	0.9608	0.9609	0.9583	0.9576	1.2525	0.9608	0.9608	0.9608	0.9608	0.9608	0.9609	0.9608	0.9608	0.9609	1.5563	0.9608	0.961	0.961	0.9538	0.9575	0.9608	0.9608	0.9609	0.9603	0.9542	0.9608	0	0.9608	0.9706	0.9608	0.9341	0.9528	0.9611
  |	0.9609	0.9607	0.9586	0.9607	0.96	0.9599	1.3074	0.9611	0.9314	0.9608	0.9601	0.937	0.9606	0.9607	0.9603	0.9604	0.9606	0.9477	0.9607	0.9604	0.9527	0.9606	0.9608	0.9606	0.9598	0.9607	0.9607	0.9561	0.9589	0.9606	0.9607	0.9607	0.9607	0.9607	0.9582	0.9558	0.9516	0.9606	0.9607	0.9607	0.9607	0.9607	0.9608	0.9607	0.9607	0.9608	0.9559	0.9607	0.9608	0.9608	0.9533	0.9575	0.9607	0.9607	0.9608	0.96	0.9543	0.9607	0.9608	0	0.9594	0.9607	1.0445	0.9524	0.9607
  }	0.9601	0.9596	0.9615	1.2013	0.9596	1.0444	0.9597	0.96	0.9452	0.9595	1.4416	2.2649	0.9594	0.9597	0.9594	2.5611	0.9594	1.3451	0.9595	0.9603	0.9626	0.9597	0.9595	0.9595	0.9591	0.9594	0.9595	1.2734	1.4419	1.4079	0.9595	0.9593	0.9594	0.9599	0.9587	0.959	2.7017	1.1777	0.9593	0.9595	0.9594	0.9593	0.9597	0.9594	1.4711	0.9596	1.4398	1.4374	0.9599	0.9597	0.9569	0.9583	0.9594	0.9618	0.9601	0.9599	0.9852	1.4389	0.9706	0.9594	0	0.9595	4.0586	0.9565	0.9598
  ~	0.9609	0.9607	0.9588	0.9607	0.9601	0.9599	0.9607	0.9611	0.9338	0.9608	0.9602	0.9388	0.9606	0.9607	0.9603	0.9605	0.9606	0.9487	0.9607	0.9604	0.9534	0.9606	0.9607	0.9606	0.9599	0.9607	0.9607	0.9564	0.9591	0.9606	0.9607	0.9607	0.9607	0.9607	0.9584	0.9562	0.9523	0.9606	0.9607	0.9607	0.9607	0.9607	0.9608	0.9607	0.9607	0.9608	0.9563	0.9607	0.9608	0.9608	0.9539	0.9577	0.9607	0.9607	0.9608	0.9601	0.9548	0.9607	0.9608	0.9607	0.9595	0	1.3428	0.9531	0.9607
  	1.1546	1.6684	4.0477	0.8953	1.0165	1.2983	5.7875	0.9664	72.0009	0.9038	4.9961	8.9006	0.8884	0.9844	1.325	1.4723	0.8879	1.8361	1.3438	8.4745	6.528	0.8903	0.8894	0.8951	0.9664	0.889	1.3439	1.4204	4.5324	1.0486	1.1249	0.8882	0.8884	1.3573	3.3655	1.6	14.5682	0.9087	0.8894	1.3441	0.8891	0.8887	1.3367	0.8891	0.8878	0.9583	2.5521	2.0432	0.9181	1.8025	9.4241	0.8949	0.889	1.9067	2.0271	2.1853	3.0059	0.8877	0.9341	1.0445	4.0586	1.3428	0	1.5208	0.9304
  	0.9532	0.954	1.426	0.9531	1.2273	0.954	0.9632	2.0682	1.4778	0.9521	0.9669	11.3478	0.952	0.9681	0.9529	0.9535	0.952	0.9604	0.9531	0.9583	4.3933	0.9522	0.9522	0.9526	0.9524	0.9521	0.9531	0.9526	2.1689	0.9572	0.9527	0.9519	0.952	1.2395	0.9553	4.7266	3.398	1.3919	0.9519	0.9531	0.9521	1.3005	0.9533	0.9521	0.9519	0.9521	2.3606	0.9543	0.9536	0.9542	2.2579	0.9511	0.9526	0.9541	0.9542	2.5214	1.1421	0.9519	0.9528	0.9524	0.9565	0.9531	1.5208	0	0.9535
  	0.9609	0.9607	1.0812	0.9608	0.9603	0.9603	0.9595	0.9611	0.931	1.0063	1.1216	1.2064	0.9607	0.9782	0.9603	0.9605	0.9607	0.9481	0.9607	0.9605	0.9538	0.9607	0.9608	0.9607	0.9598	0.9607	0.9607	1.1195	0.9593	0.9607	0.9607	0.9607	0.9608	0.9608	0.9582	0.989	1.1612	0.9607	0.9608	0.9607	0.9607	0.9607	0.9609	0.9607	0.9607	0.9608	1.6641	0.9607	0.961	1.1993	0.9534	0.9574	0.9607	0.9607	0.9609	0.9603	0.9542	0.9607	0.9611	0.9607	0.9598	0.9607	0.9304	0.9535	0

Actual rates from j->i (Q_ij):
	A	B	C	D	E	F	G	H	I	J	K	L	M	N	O	P	Q	R	S	T	U	V	W	X	Y	Z	[	\	]	^	_	`	a	b	c	d	e	f	g	h	i	j	k	l	m	n	o	p	q	r	s	t	u	v	w	x	y	z	{	|	}	~			
  A	0	0.0175	0.0175	0.0175	0.0175	0.0175	0.0175	0.0175	0.017	0.0175	0.0175	0.0171	0.0175	0.0175	0.0175	0.0175	0.0175	0.0173	0.0175	0.0175	0.0173	0.0175	0.0175	0.0175	0.0175	0.0175	0.0175	0.0174	0.0218	0.0175	0.0175	0.0175	0.0175	0.0175	0.0174	0.0174	0.0173	0.0175	0.0175	0.0175	0.0175	0.0175	0.0175	0.0175	0.0175	0.0175	0.0174	0.0175	0.0175	0.0175	0.0174	0.0174	0.0175	0.0175	0.0175	0.0175	0.0174	0.0175	0.0175	0.0175	0.0175	0.0175	0.021	0.0173	0.0175
  B	0.0153	0	0.0153	0.0153	0.0153	0.0153	0.0153	0.0153	0.0171	0.0153	0.0153	0.015	0.0153	0.0153	0.0153	0.0153	0.0153	0.0151	0.0153	0.0153	0.0217	0.0153	0.0153	0.0153	0.0153	0.0153	0.0153	0.0153	0.0153	0.0153	0.0153	0.0153	0.0153	0.0163	0.0153	0.0152	0.0152	0.0153	0.0153	0.0153	0.0153	0.0153	0.0153	0.0153	0.0153	0.0153	0.0153	0.0153	0.0153	0.0155	0.0152	0.0153	0.0153	0.0153	0.0153	0.0153	0.0152	0.0153	0.0153	0.0153	0.0153	0.0153	0.0266	0.0152	0.0153
  C	0.0097	0.0097	0	0.0097	0.0105	0.0098	0.0178	0.0097	0.0099	0.0103	0.0131	0.0353	0.0097	0.0123	0.0097	0.0097	0.0097	0.0097	0.0097	0.0098	0.0318	0.0146	0.0097	0.0097	0.0097	0.0097	0.0097	0.0111	0.0151	0.0097	0.0097	0.0097	0.0097	0.0127	0.0097	0.0098	0.0414	0.0098	0.0194	0.0097	0.0097	0.0097	0.0122	0.0097	0.0097	0.0097	0.0115	0.0097	0.0182	0.0097	0.024	0.0097	0.0097	0.0097	0.0097	0.0131	0.0097	0.0097	0.0097	0.0097	0.0098	0.0097	0.0411	0.0145	0.011
  D	0.0172	0.0172	0.0171	0	0.0171	0.0172	0.0171	0.0172	0.0167	0.0172	0.0171	0.0229	0.0172	0.0172	0.0172	0.0172	0.0172	0.0599	0.0172	0.0172	0.017	0.0172	0.0172	0.0172	0.0171	0.0172	0.0172	0.0231	0.0171	0.0172	0.0172	0.0172	0.0172	0.0172	0.0171	0.0171	0.017	0.0172	0.0172	0.0172	0.0172	0.0172	0.0172	0.0172	0.0172	0.0172	0.0171	0.0172	0.0172	0.0172	0.017	0.0171	0.0172	0.0172	0.0172	0.0171	0.0171	0.0172	0.0172	0.0172	0.0215	0.0172	0.016	0.017	0.0172
  E	0.0167	0.0167	0.018	0.0167	0	0.0167	0.0167	0.0167	0.0163	0.0167	0.0168	0.0413	0.0167	0.0167	0.0167	0.0167	0.025	0.0165	0.0167	0.0167	0.0167	0.0167	0.0167	0.0204	0.0167	0.0167	0.0167	0.0167	0.0184	0.0167	0.0167	0.0167	0.0167	0.0167	0.0167	0.0251	0.0337	0.0167	0.0167	0.0167	0.0167	0.0167	0.0167	0.0167	0.0167	0.0167	0.0581	0.0167	0.0167	0.0167	0.0166	0.0167	0.0167	0.0167	0.0167	0.0167	0.0166	0.0167	0.0167	0.0167	0.0167	0.0167	0.0177	0.0214	0.0167
  F	0.0157	0.0157	0.0157	0.0157	0.0157	0	0.0157	0.0157	0.0221	0.0157	0.0157	0.0234	0.0177	0.0157	0.0157	0.038	0.0157	0.0634	0.0157	0.0157	0.0157	0.0162	0.0157	0.0157	0.0157	0.0157	0.0157	0.0227	0.0157	0.0157	0.0157	0.0157	0.0157	0.0157	0.0157	0.0157	0.0658	0.0157	0.0157	0.0157	0.0157	0.0157	0.0157	0.0157	0.0157	0.0157	0.0632	0.0157	0.0157	0.0157	0.0173	0.0227	0.0157	0.0157	0.0157	0.0157	0.0159	0.0157	0.0157	0.0157	0.0171	0.0157	0.0212	0.0156	0.0157
  G	0.0083	0.0083	0.0151	0.0083	0.0083	0.0083	0	0.0083	0.0277	0.0083	0.0087	0.0135	0.0083	0.0083	0.0083	0.0083	0.0083	0.0082	0.0083	0.0086	0.0171	0.0083	0.0083	0.0083	0.0083	0.0083	0.0083	0.0088	0.0124	0.0083	0.0083	0.0083	0.0083	0.0083	0.0083	0.0083	0.0083	0.0083	0.0083	0.0083	0.0083	0.0083	0.0083	0.0083	0.0083	0.0083	0.0089	0.0083	0.0109	0.0083	0.0083	0.0083	0.0083	0.0083	0.0083	0.0083	0.0083	0.0083	0.0083	0.0113	0.0083	0.0083	0.0499	0.0083	0.0083
  H	0.0176	0.0176	0.0176	0.0176	0.0176	0.0176	0.0176	0	0.0174	0.0176	0.0176	0.0263	0.0176	0.0176	0.0176	0.0176	0.0176	0.0174	0.0176	0.0176	0.024	0.0176	0.0176	0.0176	0.0176	0.0176	0.0176	0.0176	0.0176	0.0176	0.0176	0.0176	0.0176	0.0177	0.0176	0.0264	0.0176	0.0176	0.0176	0.0176	0.0176	0.0176	0.0176	0.0176	0.0176	0.0176	0.0176	0.0176	0.0176	0.0176	0.0175	0.0176	0.0176	0.0176	0.0176	0.0176	0.0175	0.0176	0.0176	0.0176	0.0176	0.0176	0.0177	0.038	0.0176
  I	0.0017	0.002	0.0018	0.0017	0.0017	0.0025	0.0059	0.0017	0	0.0017	0.0027	0.0072	0.0017	0.0017	0.0017	0.0021	0.0017	0.0017	0.0017	0.0027	0.0092	0.0017	0.0017	0.0017	0.0017	0.0017	0.0017	0.0027	0.0043	0.0017	0.0017	0.0017	0.0017	0.0017	0.0046	0.0027	0.002	0.0017	0.0017	0.0017	0.0017	0.0017	0.0017	0.0017	0.0017	0.0017	0.0057	0.0017	0.0017	0.0017	0.0035	0.0017	0.0017	0.0017	0.0017	0.0017	0.0067	0.0017	0.0017	0.0017	0.0017	0.0017	0.1315	0.0027	0.0017
  J	0.0187	0.0187	0.0197	0.0187	0.0187	0.0187	0.0187	0.0187	0.0181	0	0.0202	0.0183	0.0187	0.0189	0.0187	0.0187	0.0187	0.0185	0.0187	0.0187	0.0186	0.0187	0.0187	0.0187	0.0187	0.0187	0.0187	0.0267	0.0187	0.0187	0.0187	0.0187	0.0187	0.0187	0.0187	0.0186	0.0186	0.0187	0.0187	0.0187	0.0187	0.0187	0.0187	0.0187	0.0187	0.0187	0.0186	0.0187	0.0187	0.0187	0.0186	0.0187	0.0187	0.0187	0.0187	0.0187	0.0186	0.0187	0.0187	0.0187	0.0187	0.0187	0.0176	0.0186	0.0196
  K	0.0093	0.0093	0.0124	0.0093	0.0093	0.0093	0.0097	0.0093	0.014	0.01	0	0.0098	0.0093	0.0103	0.0093	0.0093	0.0093	0.0092	0.0093	0.0093	0.0095	0.0093	0.0093	0.0093	0.0093	0.0093	0.0093	0.0112	0.0101	0.0093	0.0093	0.0093	0.0093	0.0093	0.0093	0.0093	0.0093	0.0093	0.0093	0.0093	0.0093	0.0093	0.0093	0.0093	0.0093	0.0093	0.0095	0.0093	0.0093	0.0093	0.0093	0.0093	0.0093	0.0093	0.011	0.0093	0.0138	0.0093	0.0093	0.0093	0.0139	0.0093	0.0482	0.0093	0.0108
  L	0.0075	0.0075	0.0278	0.0103	0.0189	0.0115	0.0125	0.0115	0.0316	0.0075	0.0081	0	0.0075	0.0075	0.0075	0.01	0.0075	0.0113	0.0075	0.0112	0.1058	0.0075	0.0075	0.0113	0.0076	0.0075	0.0075	0.0086	0.0423	0.0282	0.0075	0.0075	0.0075	0.0075	0.0077	0.0918	0.0684	0.0075	0.0075	0.0075	0.0075	0.0075	0.0075	0.0075	0.0075	0.0075	0.0585	0.0075	0.0178	0.0075	0.0458	0.0075	0.0075	0.0082	0.0075	0.0198	0.0152	0.0075	0.0076	0.0075	0.0181	0.0075	0.0711	0.0907	0.0096
  M	0.0188	0.0188	0.0188	0.0188	0.0188	0.0212	0.0188	0.0188	0.0182	0.0188	0.0188	0.0183	0	0.0188	0.0188	0.0188	0.0188	0.0186	0.0188	0.0188	0.0187	0.0188	0.0188	0.0188	0.0188	0.0188	0.0188	0.0187	0.0188	0.0188	0.0188	0.0188	0.0188	0.0188	0.0188	0.0187	0.0223	0.0188	0.0188	0.0188	0.0188	0.0188	0.0188	0.0188	0.0188	0.0188	0.0323	0.0188	0.0188	0.0188	0.0187	0.0188	0.0188	0.0188	0.0188	0.0188	0.0187	0.0188	0.0188	0.0188	0.0188	0.0188	0.0174	0.0187	0.0188
  N	0.0179	0.0179	0.0226	0.0179	0.0179	0.0179	0.0179	0.0179	0.0174	0.0181	0.0199	0.0175	0.0179	0	0.0179	0.0179	0.0179	0.0333	0.0179	0.0179	0.0234	0.0179	0.0179	0.0179	0.0179	0.0179	0.0179	0.0185	0.0179	0.0179	0.0179	0.0179	0.0179	0.0179	0.0179	0.0178	0.0178	0.0179	0.0179	0.0179	0.0179	0.0179	0.0179	0.0179	0.0179	0.0179	0.0178	0.0179	0.0179	0.0179	0.0178	0.0179	0.0179	0.0179	0.0179	0.0179	0.0178	0.0179	0.0179	0.0179	0.0179	0.0179	0.0183	0.018	0.0182
  O	0.0166	0.0166	0.0166	0.0166	0.0166	0.0166	0.0166	0.0166	0.0165	0.0166	0.0166	0.0163	0.0166	0.0166	0	0.0166	0.0166	0.0164	0.0166	0.0166	0.0165	0.0166	0.0166	0.0166	0.0166	0.0166	0.0166	0.0166	0.0166	0.0166	0.0166	0.0166	0.0166	0.0166	0.0166	0.0166	0.0245	0.0166	0.0166	0.0166	0.0166	0.0166	0.0166	0.0166	0.0166	0.0166	0.0167	0.0166	0.0166	0.0166	0.0165	0.0166	0.0166	0.0166	0.0166	0.0166	0.0165	0.0166	0.0166	0.0166	0.0166	0.0166	0.023	0.0165	0.0166
  P	0.0167	0.0167	0.0167	0.0167	0.0167	0.0404	0.0167	0.0167	0.0204	0.0167	0.0167	0.0218	0.0167	0.0167	0.0167	0	0.0167	0.0261	0.0167	0.0167	0.0297	0.0167	0.0167	0.0167	0.0167	0.0167	0.0167	0.0187	0.0167	0.0167	0.0167	0.0167	0.0167	0.0167	0.0166	0.0166	0.0249	0.0167	0.0167	0.0167	0.0167	0.0167	0.0167	0.0167	0.0167	0.0212	0.0167	0.0167	0.0167	0.0167	0.0166	0.0166	0.0167	0.0167	0.0226	0.0167	0.0166	0.0167	0.0167	0.0167	0.0445	0.0167	0.0256	0.0166	0.0167
  Q	0.019	0.019	0.019	0.019	0.0284	0.019	0.019	0.019	0.0184	0.019	0.019	0.0185	0.019	0.019	0.019	0.019	0	0.0187	0.019	0.019	0.0188	0.019	0.019	0.019	0.019	0.019	0.019	0.0189	0.019	0.019	0.019	0.019	0.019	0.019	0.019	0.0189	0.028	0.019	0.019	0.019	0.019	0.019	0.019	0.019	0.019	0.019	0.0387	0.019	0.019	0.019	0.0189	0.0189	0.019	0.019	0.019	0.019	0.0189	0.019	0.019	0.019	0.019	0.019	0.0176	0.0188	0.019
  R	0.0115	0.0115	0.0116	0.0407	0.0115	0.0471	0.0116	0.0115	0.0114	0.0115	0.0116	0.0171	0.0115	0.0217	0.0115	0.0182	0.0115	0	0.0115	0.0116	0.0202	0.0225	0.0168	0.0115	0.0115	0.0115	0.0115	0.074	0.0116	0.0115	0.0115	0.0115	0.0115	0.0115	0.0115	0.0115	0.077	0.0115	0.0115	0.0115	0.0115	0.0115	0.0115	0.0115	0.0115	0.0115	0.0167	0.0115	0.0115	0.0115	0.0116	0.088	0.0115	0.0115	0.0115	0.0115	0.0172	0.0115	0.0115	0.0115	0.0163	0.0115	0.0223	0.0116	0.0115
  S	0.0166	0.0166	0.0166	0.0166	0.0166	0.0166	0.0166	0.0166	0.0162	0.0166	0.0166	0.0162	0.0166	0.0166	0.0166	0.0166	0.0166	0.0164	0	0.0166	0.0165	0.0166	0.0166	0.0166	0.0166	0.0166	0.0166	0.0165	0.0166	0.0166	0.0166	0.0166	0.0166	0.0166	0.0166	0.0165	0.0165	0.0166	0.0166	0.0166	0.0166	0.0166	0.0166	0.0166	0.0166	0.0166	0.0165	0.0166	0.0166	0.0166	0.0165	0.0166	0.0166	0.0166	0.0166	0.0166	0.0165	0.0166	0.0166	0.0166	0.0166	0.0166	0.0233	0.0165	0.0166
