Map from character to field name
A:	Algeria
B:	Argentina
C:	Australia
D:	Austria
E:	Bangladesh
F:	Belgium
G:	Brazil
H:	Cambodia
I:	Canada
J:	Chad
K:	Chile
L:	China
M:	Czech Republic
N:	Denmark
O:	Egypt
P:	France
Q:	Georgia
R:	Germany
S:	Guam
T:	Guatemala
U:	Hong Kong
V:	Hungary
W:	Iceland
X:	India
Y:	Indonesia
Z:	Iran
[:	Ireland
\:	Italy
]:	Japan
^:	Kazakhstan
_:	Kuwait
`:	Laos
a:	Luxembourg
b:	Malaysia
c:	Mexico
d:	Mongolia
e:	Netherlands
f:	New Zealand
g:	Nicaragua
h:	Nigeria
i:	Norway
j:	Pakistan
k:	Peru
l:	Philippines
m:	Poland
n:	Romania
o:	Russia
p:	Saudi Arabia
q:	Singapore
r:	South Africa
s:	South Korea
t:	Spain
u:	Sri Lanka
v:	Sweden
w:	Switzerland
x:	Taiwan
y:	Thailand
z:	Turkey
{:	Ukraine
|:	United Arab Emirates
}:	United Kingdom
~:	Uruguay
:	Usa
:	Vietnam
:	Zambia
:	?


Substitution rate (mu): 15.67444

Equilibrium frequencies (pi_i):
  A: 0.0185
  B: 0.0161
  C: 0.0088
  D: 0.019
  E: 0.0184
  F: 0.0171
  G: 0.0095
  H: 0.0186
  I: 0.0018
  J: 0.0174
  K: 0.011
  L: 0.0056
  M: 0.0191
  N: 0.017
  O: 0.0195
  P: 0.0148
  Q: 0.019
  R: 0.0126
  S: 0.0174
  T: 0.0077
  U: 0.0064
  V: 0.0199
  W: 0.0194
  X: 0.0175
  Y: 0.0184
  Z: 0.0194
  [: 0.0193
  \: 0.0161
  ]: 0.0083
  ^: 0.0171
  _: 0.0193
  `: 0.0196
  a: 0.0195
  b: 0.0134
  c: 0.0128
  d: 0.0128
  e: 0.0044
  f: 0.0159
  g: 0.0177
  h: 0.0196
  i: 0.0193
  j: 0.0195
  k: 0.0164
  l: 0.0188
  m: 0.0195
  n: 0.0197
  o: 0.009
  p: 0.0168
  q: 0.0147
  r: 0.0158
  s: 0.006
  t: 0.0179
  u: 0.0194
  v: 0.0154
  w: 0.0163
  x: 0.0126
  y: 0.0151
  z: 0.0197
  {: 0.0192
  |: 0.0196
  }: 0.0105
  ~: 0.0176
  : 0.0051
  : 0.0112
  : 0.019

Symmetrized rates from j->i (W_ij):
	A	B	C	D	E	F	G	H	I	J	K	L	M	N	O	P	Q	R	S	T	U	V	W	X	Y	Z	[	\	]	^	_	`	a	b	c	d	e	f	g	h	i	j	k	l	m	n	o	p	q	r	s	t	u	v	w	x	y	z	{	|	}	~			
  A	0	0.9661	0.9653	0.9665	0.967	0.9652	0.9628	0.9664	0.9409	0.9663	0.9696	0.9407	0.9665	0.9656	0.9665	0.966	0.9664	0.9536	0.9664	0.9645	0.9596	0.9665	0.9665	0.9661	0.9668	0.9664	0.9665	0.9613	1.2247	0.9663	0.9665	0.9666	0.9665	0.966	0.9618	0.9585	0.9544	0.9661	0.9664	0.9666	0.9665	0.9665	0.9662	0.9664	0.9666	0.9666	0.9584	0.9663	0.9659	0.9663	0.9613	0.9625	0.9666	0.966	0.9668	0.968	0.9585	0.9666	0.9664	0.9666	0.9634	0.9664	1.1106	0.9533	0.966
  B	0.9661	0	0.9652	0.9662	0.9666	0.965	0.9628	0.966	1.0771	0.966	0.9698	0.9433	0.9661	0.9654	0.9662	0.9657	0.9661	0.9549	0.966	0.9643	0.9601	0.9661	0.9662	0.9658	0.9667	0.9661	0.9662	0.9616	0.9632	0.966	0.9662	0.9662	0.9662	0.9657	0.962	0.9591	0.9571	0.966	0.9661	0.9662	0.9662	0.9662	0.9659	0.9661	0.9662	0.9662	0.959	0.9659	0.9656	0.9659	0.9617	0.9626	0.9662	0.9657	0.966	0.9676	0.9592	0.9662	0.966	0.9662	0.9634	0.966	1.6594	0.9545	0.9658
  C	0.9653	0.9652	0	0.9649	1.1382	0.9671	0.9776	0.965	1.176	0.9665	1.1067	1.8839	0.9656	0.9651	0.9651	1.0704	0.9656	0.9618	0.9649	0.9788	1.8941	0.9889	0.9651	0.9737	0.9666	0.9648	0.9649	0.9644	1.5532	0.9654	0.9663	0.965	0.9648	0.9694	0.9657	1.6987	3.7696	0.9658	1.0068	0.9649	0.9651	0.9648	0.9692	0.9651	0.9649	0.9648	1.3246	0.965	2.6383	0.966	1.0653	0.9633	0.965	0.9656	0.9652	0.9685	0.9865	0.9649	0.9653	0.9648	0.9661	0.965	6.8474	0.9629	0.9653
  D	0.9665	0.9662	0.9649	0	0.967	0.9656	0.9625	0.9665	0.9401	0.9664	0.9696	1.0892	0.9666	0.9661	0.9666	0.9661	0.9665	3.4273	0.9664	0.9644	0.9599	0.9668	0.9667	0.9662	0.967	0.9665	0.9666	1.3571	0.9629	0.9665	0.9666	0.9667	0.9666	0.966	0.9617	0.9583	0.954	0.9661	0.9665	0.9667	0.9666	0.9666	0.9663	0.9665	0.9923	0.9667	0.9582	0.9663	0.9659	0.9663	0.9612	0.9628	0.9667	0.966	1.1229	0.968	0.9586	0.9667	0.9665	0.9667	0.9787	0.9664	0.8959	0.953	0.9661
  E	0.967	0.9666	1.1382	0.967	0	0.967	0.9632	0.967	0.9523	0.9668	0.971	1.9916	0.9675	0.9662	0.9673	0.9668	0.9675	0.9554	0.9668	0.965	0.9623	0.9672	0.9673	0.967	0.968	0.9673	0.967	0.9627	1.0686	0.967	0.9672	0.9672	0.967	0.967	0.9623	1.7789	1.2037	0.9669	0.967	0.9671	0.9672	0.9671	0.9668	0.967	0.9671	0.967	3.0796	0.9667	0.9675	0.9667	1.2131	0.963	0.9671	0.9667	0.9668	0.9753	0.9594	0.9671	0.9672	0.967	0.9645	0.9668	0.9323	1.1154	0.9669
  F	0.9652	0.965	0.9671	0.9656	0.967	0	0.9622	0.9651	0.9455	0.9651	0.9701	0.9448	0.9653	0.9875	0.9655	1.4401	0.9655	4.8624	0.9651	0.9639	0.9946	1.4713	0.9656	0.9652	0.9665	0.9651	0.9652	1.3206	0.9636	0.9654	0.9652	0.9652	0.9653	0.9651	0.9612	1.9316	4.3849	0.965	0.9652	0.9652	0.9652	0.994	0.9651	0.9652	0.9652	0.9652	1.9602	0.9651	0.965	0.9652	0.9689	1.2356	0.9653	0.9649	0.9652	0.9676	0.9589	0.9653	0.9653	0.9652	0.9642	0.9651	1.3458	0.954	0.9649
  G	0.9628	0.9628	0.9776	0.9625	0.9632	0.9622	0	0.9625	0.9556	0.9627	1.4504	1.0096	0.9625	0.9628	0.9625	0.963	0.9625	0.9573	0.9627	0.9696	0.9613	0.9695	0.9625	0.9626	0.9636	0.9624	0.9625	0.9605	0.9631	0.9974	0.9625	0.9624	0.9624	0.9632	0.9619	0.9596	0.9845	0.9628	0.9776	0.9625	0.9625	0.9624	0.9658	0.9625	0.9625	0.9624	0.9603	0.9628	1.8789	0.9629	0.9643	0.9607	0.9625	0.9629	0.9633	0.9656	0.9593	0.9625	0.9625	1.4416	1.0191	1.1299	5.8354	0.957	0.9624
  H	0.9664	0.966	0.965	0.9665	0.967	0.9651	0.9625	0	0.9414	0.9663	0.9696	1.6343	0.9664	0.9656	0.9665	0.966	0.9664	0.9535	0.9663	0.9643	0.9596	0.9665	0.9665	0.9661	0.9671	0.9664	0.9665	0.9612	1.2049	0.9663	0.9665	0.9665	0.9665	0.9659	0.9617	0.9585	0.9542	0.966	0.9664	0.9665	0.9665	0.9665	0.9661	0.9664	0.9665	0.9665	0.9582	0.9662	0.9658	0.9662	0.9625	0.9624	0.9666	0.9659	0.9663	0.9679	0.9584	0.9665	0.9663	0.9665	0.9633	0.9663	0.8976	1.9072	0.966
  I	0.9409	1.0771	1.176	0.9401	0.9523	0.9455	0.9556	0.9414	0	0.942	1.3433	1.8819	0.9406	0.9425	0.9394	1.3707	0.9407	0.9756	0.9417	1.4348	0.9747	0.9389	0.9395	0.9436	0.9703	0.9393	0.9392	0.9459	1.4437	0.9445	0.9396	0.939	0.9391	0.9503	2.8255	0.9863	1.3328	0.9555	0.9427	0.9394	0.9397	0.9392	1.1809	0.94	0.9391	0.9388	1.1106	0.9427	0.9484	0.9452	1.5532	0.9424	0.9393	0.9455	0.9438	0.9598	0.9578	0.9389	0.941	0.9389	0.9551	0.9416	74.0277	1.9849	0.9408
  J	0.9663	0.966	0.9665	0.9664	0.9668	0.9651	0.9627	0.9663	0.942	0	0.9695	0.9411	0.9664	0.9655	0.9664	0.9658	0.9663	0.9542	0.9662	0.9644	0.9597	0.9664	0.9664	0.966	0.9668	0.9663	0.9664	0.9615	0.963	0.9662	0.9664	0.9664	0.9664	0.9658	0.9619	0.9587	0.9545	0.9659	0.9663	0.9665	0.9664	0.9664	0.9661	0.9663	0.9664	0.9664	0.9586	0.9661	0.9658	0.9661	0.9612	0.9626	0.9665	0.9659	0.9662	0.9677	0.9588	0.9665	0.9663	0.9664	0.9633	0.9663	1.3362	0.9538	0.966
  K	0.9696	0.9698	1.1067	0.9696	0.971	0.9701	1.4504	0.9696	1.3433	0.9695	0	0.9866	0.9699	0.9691	0.9697	0.9705	0.9699	0.9637	0.9695	0.9701	0.9695	0.9698	0.9697	0.9698	1.0019	0.9695	0.9696	1.3647	0.972	0.9702	0.9696	0.9696	0.9696	0.9701	0.9693	0.9678	1.1499	0.9699	0.9698	1.4513	0.9697	0.9696	0.9698	0.9696	0.9696	0.9696	0.9691	0.9696	0.9705	0.9698	1.092	0.9677	0.9696	0.9713	0.9698	1.0311	0.9659	0.9696	0.9697	0.9696	1.4509	0.9696	4.2853	0.9649	1.3545
  L	0.9407	0.9433	1.8839	1.0892	1.9916	0.9448	1.0096	1.6343	1.8819	0.9411	0.9866	0	0.9394	0.9441	0.939	1.7746	0.9394	1.3794	0.941	1.2274	14.564	0.9379	0.9404	0.9745	1.6071	1.0141	0.9385	1.5761	4.2762	2.5343	0.9388	0.9382	0.9384	0.9508	0.9485	6.6528	5.6481	1.3526	0.9655	0.9383	0.9387	0.9387	0.9425	0.9394	0.9841	0.9381	6.7745	0.9419	1.4182	0.9437	8.8515	0.9403	0.9391	0.9443	1.2241	4.5899	1.6927	0.9382	0.9489	0.9382	1.6413	0.9408	18.2586	12.3478	0.9398
  M	0.9665	0.9661	0.9656	0.9666	0.9675	0.9653	0.9625	0.9664	0.9406	0.9664	0.9699	0.9394	0	0.9658	0.9667	0.966	0.9665	0.9534	0.9664	0.9644	0.9596	0.9666	0.9667	0.9662	0.9672	0.9665	0.9666	0.9612	0.9632	0.9664	0.9666	0.9666	0.9666	0.966	0.9616	0.9589	2.2891	0.9661	0.9665	0.9666	0.9666	0.9666	0.9662	0.9665	0.9666	0.9666	1.0577	0.9663	0.9659	0.9663	0.9611	0.9624	0.9667	0.966	0.9664	0.968	0.9583	0.9667	0.9665	0.9666	0.9634	0.9664	0.8961	0.9529	0.9661
  N	0.9656	0.9654	0.9651	0.9661	0.9662	0.9875	0.9628	0.9656	0.9425	0.9655	0.9691	0.9441	0.9658	0	0.9657	0.9657	0.9658	1.5428	0.9656	0.9641	1.1649	0.966	0.9658	0.9654	0.9661	0.9656	0.9657	0.9621	0.963	0.9656	0.9657	0.9657	0.9657	0.9658	0.9615	0.9589	1.1216	0.9654	0.9656	0.9657	0.9657	0.9657	0.9655	0.9656	0.9657	0.9657	1.4316	0.9655	0.9653	0.9655	0.9613	0.9634	0.9657	0.9654	0.9656	0.9673	0.9586	0.9657	0.9656	0.9657	0.9633	0.9656	1.3442	0.9541	0.9654
  O	0.9665	0.9662	0.9651	0.9666	0.9673	0.9655	0.9625	0.9665	0.9394	0.9664	0.9697	0.939	0.9667	0.9657	0	0.966	0.9666	0.9531	0.9665	0.9643	0.9593	0.9667	0.9668	0.9663	0.9671	0.9665	0.9667	0.9612	0.9704	0.9665	0.9667	0.9667	0.9667	0.966	0.9616	1.1663	1.1558	0.9661	0.9665	0.9667	0.9667	0.9667	0.9663	0.9666	0.9667	0.9667	1.5556	0.9663	0.966	0.9663	0.9608	0.9624	0.9667	0.9661	0.9664	0.9681	0.9582	0.9667	0.9666	0.9667	0.9633	0.9665	0.8939	0.9527	0.9662
  P	0.966	0.9657	1.0704	0.9661	0.9668	1.4401	0.963	0.966	1.3707	0.9658	0.9705	1.7746	0.966	0.9657	0.966	0	0.966	2.2873	0.9659	0.9644	1.0915	0.9661	0.966	0.9657	0.967	0.9659	0.9661	0.9626	0.9644	0.9662	0.966	0.966	0.966	1.0555	0.9623	0.9605	1.1331	0.9657	0.966	0.966	0.966	0.966	0.9657	0.9659	0.9663	1.4479	0.9605	0.9658	0.9656	1.0082	0.9631	0.9632	0.9661	0.9657	1.2573	0.9678	0.9601	1.214	0.9659	0.966	2.8121	0.9659	2.1691	0.9568	0.9657
  Q	0.9664	0.9661	0.9656	0.9665	0.9675	0.9655	0.9625	0.9664	0.9407	0.9663	0.9699	0.9394	0.9665	0.9658	0.9666	0.966	0	0.9533	0.9664	0.9643	0.9596	0.9665	0.9666	0.9662	0.9672	0.9664	0.9666	0.9612	0.9632	0.9664	0.9666	0.9666	0.9666	0.9659	0.9616	0.9588	2.3764	0.966	0.9665	0.9666	0.9665	0.9666	0.9662	0.9665	0.9666	0.9666	0.9585	0.9662	0.9659	0.9662	0.9611	0.9624	0.9667	0.966	0.9664	0.968	0.9583	0.9666	0.9665	0.9666	0.9634	0.9664	0.8962	0.9529	0.9661
  R	0.9536	0.9549	0.9618	3.4273	0.9554	4.8624	0.9573	0.9535	0.9756	0.9542	0.9637	1.3794	0.9534	1.5428	0.9531	2.2873	0.9533	0	0.9542	0.9597	1.0884	1.98	0.9532	0.9542	0.9555	0.9529	0.9531	3.9797	0.9597	0.9547	0.9531	0.9528	0.9529	0.9571	0.9562	0.9568	6.4989	0.9557	0.9541	0.9529	0.9531	0.953	0.9548	0.9534	0.9531	0.9528	0.9728	0.9546	0.956	0.9553	1.7781	7.4896	0.9531	0.9555	0.9554	0.9599	1.0287	0.953	0.9533	0.9529	1.9146	0.9541	2.1604	0.9507	0.9532
  S	0.9664	0.966	0.9649	0.9664	0.9668	0.9651	0.9627	0.9663	0.9417	0.9662	0.9695	0.941	0.9664	0.9656	0.9665	0.9659	0.9664	0.9542	0	0.9644	0.9596	0.9664	0.9665	0.966	0.9668	0.9663	0.9665	0.9615	0.963	0.9663	0.9664	0.9665	0.9664	0.9658	0.9619	0.9587	0.9545	0.9659	0.9663	0.9665	0.9664	0.9665	0.9661	0.9664	0.9665	0.9665	0.9586	0.9661	0.9658	0.9661	0.9611	0.9626	0.9665	0.9659	0.9662	0.9677	0.9588	0.9665	0.9663	0.9665	0.9633	0.9663	1.3374	0.9538	0.966
  T	0.9645	0.9643	0.9788	0.9644	0.965	0.9639	0.9696	0.9643	1.4348	0.9644	0.9701	1.2274	0.9644	0.9641	0.9643	0.9644	0.9643	0.9597	0.9644	0	0.9624	0.9644	0.9644	0.9643	0.9654	0.9643	0.9644	0.9625	0.9641	0.9645	0.9644	0.9643	0.9643	0.9645	1.323	0.9616	0.9709	0.9644	0.9671	0.9644	0.9644	0.9643	1.1543	0.9644	0.9644	0.9643	0.9619	0.9644	1.4652	0.9644	0.9656	0.9628	0.9644	0.9644	0.9645	0.9665	0.9615	0.9644	0.9643	0.9644	0.9637	0.9645	7.5359	0.9594	0.9642
  U	0.9596	0.9601	1.8941	0.9599	0.9623	0.9946	0.9613	0.9596	0.9747	0.9597	0.9695	14.564	0.9596	1.1649	0.9593	1.0915	0.9596	1.0884	0.9596	0.9624	0	0.9593	0.9594	0.96	0.9638	0.9592	0.9592	1.24	1.8783	0.9607	0.9593	0.9591	0.9591	2.1886	0.9597	0.9626	6.8432	0.9944	0.9599	0.9591	0.9593	0.9591	0.9599	0.9594	0.9594	0.9591	1.4438	0.9598	0.9608	0.9615	0.9684	0.9601	0.9724	0.9604	0.9604	1.4441	1.0379	0.9592	0.9597	0.9591	1.131	0.9596	7.3996	1.9472	0.9595
  V	0.9665	0.9661	0.9889	0.9668	0.9672	1.4713	0.9695	0.9665	0.9389	0.9664	0.9698	0.9379	0.9666	0.966	0.9667	0.9661	0.9665	1.98	0.9664	0.9644	0.9593	0	0.9667	0.9662	0.967	0.9665	0.9666	0.9825	0.9628	0.9664	0.9666	0.9666	0.9666	0.966	0.9615	0.958	1.4304	0.9661	0.9668	0.9667	0.9666	0.9667	0.9663	0.9665	0.9667	0.9667	0.9578	0.9663	1.4289	0.9663	0.9612	0.9631	0.9667	0.966	0.9664	0.968	0.9581	0.9667	0.9665	0.9667	0.9632	0.9664	0.9048	0.9523	0.9661
  W	0.9665	0.9662	0.9651	0.9667	0.9673	0.9656	0.9625	0.9665	0.9395	0.9664	0.9697	0.9404	0.9667	0.9658	0.9668	0.966	0.9666	0.9532	0.9665	0.9644	0.9594	0.9667	0	0.9663	0.9671	0.9666	0.9667	0.9613	0.9629	0.9665	0.9667	0.9667	0.9667	0.966	0.9616	0.9596	1.2524	0.9661	0.9666	0.9667	0.9667	0.9667	0.9663	0.9666	0.9667	0.9667	1.165	0.9663	0.966	0.9663	0.9607	0.9624	0.9667	0.9661	0.9664	0.968	0.9582	0.9667	0.9666	0.9667	0.9633	0.9665	0.8946	0.9528	0.9662
  X	0.9661	0.9658	0.9737	0.9662	0.967	0.9652	0.9626	0.9661	0.9436	0.966	0.9698	0.9745	0.9662	0.9654	0.9663	0.9657	0.9662	0.9542	0.966	0.9643	0.96	0.9662	0.9663	0	0.9668	0.9661	0.9662	0.9614	0.964	0.9661	0.9662	0.9662	0.9662	0.9657	0.9617	0.9746	1.4112	0.9658	0.9661	0.9662	0.9662	0.9662	0.9659	0.9661	0.9662	0.9662	1.9191	0.9659	0.9657	0.966	0.9617	0.9624	0.9663	0.9657	0.966	0.9678	0.9587	0.9663	0.9675	0.9662	0.9633	0.9661	1.334	1.3944	0.9658
  Y	0.9668	0.9667	0.9666	0.967	0.968	0.9665	0.9636	0.9671	0.9703	0.9668	1.0019	1.6071	0.9672	0.9661	0.9671	0.967	0.9672	0.9555	0.9668	0.9654	0.9638	0.967	0.9671	0.9668	0	0.9669	0.9669	0.9627	0.9652	0.9684	0.967	0.967	0.967	0.9668	0.963	0.9639	1.0209	0.9668	0.9671	0.9672	0.967	0.967	0.9667	0.9669	0.967	0.967	0.9631	0.9666	0.9669	0.9668	1.1067	0.9631	0.967	0.9667	0.9669	0.9705	0.9595	0.967	0.967	0.967	0.9647	0.9668	0.9547	0.9618	0.9669
  Z	0.9664	0.9661	0.9648	0.9665	0.9673	0.9651	0.9624	0.9664	0.9393	0.9663	0.9695	1.0141	0.9665	0.9656	0.9665	0.9659	0.9664	0.9529	0.9663	0.9643	0.9592	0.9665	0.9666	0.9661	0.9669	0	0.9665	0.961	0.9628	0.9663	0.9665	0.9665	0.9665	0.9659	0.9615	1.0593	0.9533	0.966	0.9664	0.9666	0.9665	0.9665	0.9662	0.9664	0.9666	0.9666	1.2561	0.9662	0.9658	0.9662	0.9606	0.9623	0.9666	0.9659	0.9663	0.9679	0.9581	0.9666	0.9664	0.9666	0.9631	0.9663	0.8935	0.9526	0.966
  [	0.9665	0.9662	0.9649	0.9666	0.967	0.9652	0.9625	0.9665	0.9392	0.9664	0.9696	0.9385	0.9666	0.9657	0.9667	0.9661	0.9666	0.9531	0.9665	0.9644	0.9592	0.9666	0.9667	0.9662	0.9669	0.9665	0	0.9612	0.9628	0.9664	0.9667	0.9667	0.9667	0.966	0.9616	0.9581	0.9533	0.9661	0.9665	0.9667	0.9666	0.9667	0.9663	0.9666	0.9667	0.9667	0.9579	1.0786	0.9659	0.9663	0.9606	0.9624	0.9667	1.3122	0.9665	0.9679	0.9582	0.9667	0.9665	0.9667	1.0682	0.9665	0.9634	0.9527	0.9661
  \	0.9613	0.9616	0.9644	1.3571	0.9627	1.3206	0.9605	0.9612	0.9459	0.9615	1.3647	1.5761	0.9612	0.9621	0.9612	0.9626	0.9612	3.9797	0.9615	0.9625	1.24	0.9825	0.9613	0.9614	0.9627	0.961	0.9612	0	0.9618	0.9618	0.9612	0.9611	0.9611	0.9623	0.9588	0.9567	3.7108	0.9623	0.9615	0.9611	0.9612	0.9611	0.9616	0.9613	1.0065	0.9611	0.9598	0.9616	0.9619	0.9619	0.9629	1.4846	0.9612	0.9618	1.4341	0.9648	0.9615	0.9612	0.9612	0.9611	1.9221	0.9615	1.5629	0.9522	1.0194
  ]	1.2247	0.9632	1.5532	0.9629	1.0686	0.9636	0.9631	1.2049	1.4437	0.963	0.972	4.2762	0.9632	0.963	0.9704	0.9644	0.9632	0.9597	0.963	0.9641	1.8783	0.9628	0.9629	0.964	0.9652	0.9628	0.9628	0.9618	0	0.9635	0.9629	1.443	0.9628	0.9711	0.9619	2.8921	2.3852	1.2076	0.9631	0.9628	0.9629	0.9628	0.9632	0.9629	0.9628	0.9627	1.1715	0.9631	0.9639	0.9633	1.7075	0.9613	0.9629	0.9635	0.9646	1.5623	0.9628	0.9628	0.9664	0.9628	1.4452	0.9632	6.682	2.0622	0.9629
  ^	0.9663	0.966	0.9654	0.9665	0.967	0.9654	0.9974	0.9663	0.9445	0.9662	0.9702	2.5343	0.9664	0.9656	0.9665	0.9662	0.9664	0.9547	0.9663	0.9645	0.9607	0.9664	0.9665	0.9661	0.9684	0.9663	0.9664	0.9618	0.9635	0	0.9664	0.9664	0.9664	0.9659	0.962	1.4587	1.1626	0.966	0.9663	0.9665	0.9664	0.9665	0.9661	0.9664	0.9666	0.9665	1.4416	0.9662	0.9659	0.9661	1.0251	0.9627	0.9665	0.966	0.9664	0.9741	0.9591	0.9665	0.9664	0.9665	1.3473	0.9663	1.0577	0.9553	0.966
  _	0.9665	0.9662	0.9663	0.9666	0.9672	0.9652	0.9625	0.9665	0.9396	0.9664	0.9696	0.9388	0.9666	0.9657	0.9667	0.966	0.9666	0.9531	0.9664	0.9644	0.9593	0.9666	0.9667	0.9662	0.967	0.9665	0.9667	0.9612	0.9629	0.9664	0	0.9667	0.9667	0.966	0.9616	0.9582	1.4263	0.9661	0.9665	0.9667	0.9666	0.9667	0.9663	0.9666	0.9667	0.9667	0.958	0.9663	0.9659	0.9663	0.9607	0.9624	0.9667	0.966	0.9664	0.968	0.9582	0.9667	0.9665	0.9667	0.9632	0.9665	0.8944	0.953	0.9661
  `	0.9666	0.9662	0.965	0.9667	0.9672	0.9652	0.9624	0.9665	0.939	0.9664	0.9696	0.9382	0.9666	0.9657	0.9667	0.966	0.9666	0.9528	0.9665	0.9643	0.9591	0.9666	0.9667	0.9662	0.967	0.9665	0.9667	0.9611	1.443	0.9664	0.9667	0	0.9667	0.966	0.9615	0.958	0.9532	0.9661	0.9666	0.9667	0.9667	0.9667	0.9663	0.9666	0.9667	0.9667	0.9578	0.9663	0.9659	0.9663	0.9605	0.9624	0.9667	0.9661	0.9664	0.968	0.9581	0.9667	0.9665	0.9667	0.9632	0.9665	0.893	0.9525	0.9661
  a	0.9665	0.9662	0.9648	0.9666	0.967	0.9653	0.9624	0.9665	0.9391	0.9664	0.9696	0.9384	0.9666	0.9657	0.9667	0.966	0.9666	0.9529	0.9664	0.9643	0.9591	0.9666	0.9667	0.9662	0.967	0.9665	0.9667	0.9611	0.9628	0.9664	0.9667	0.9667	0	0.966	0.9616	0.9581	0.9532	0.9661	0.9665	0.9667	0.9666	0.9667	0.9663	0.9666	0.9667	0.9667	1.4358	0.9663	0.9659	0.9663	0.9606	0.9624	0.9667	0.966	0.9664	0.968	0.9581	0.9667	0.9665	0.9667	0.9632	0.9665	0.8931	0.9525	0.9661
  b	0.966	0.9657	0.9694	0.966	0.967	0.9651	0.9632	0.9659	0.9503	0.9658	0.9701	0.9508	0.966	0.9658	0.966	1.0555	0.9659	0.9571	0.9658	0.9645	2.1886	0.966	0.966	0.9657	0.9668	0.9659	0.966	0.9623	0.9711	0.9659	0.966	0.966	0.966	0	0.9625	0.9605	3.0019	0.9887	0.9659	0.966	0.966	0.966	0.9657	0.9659	0.966	0.966	0.9603	0.9658	0.9655	1.3511	0.963	0.963	0.9917	0.9656	0.9659	0.9675	0.9603	0.966	0.9659	0.966	0.9642	0.9659	2.8163	0.9984	0.9657
  c	0.9618	0.962	0.9657	0.9617	0.9623	0.9612	0.9619	0.9617	2.8255	0.9619	0.9693	0.9485	0.9616	0.9615	0.9616	0.9623	0.9616	0.9562	0.9619	1.323	0.9597	0.9615	0.9616	0.9617	0.963	0.9615	0.9616	0.9588	0.9619	0.962	0.9616	0.9615	0.9616	0.9625	0	0.9578	0.9612	0.962	0.9619	0.9616	0.9616	0.9616	1.0254	0.9617	0.9616	0.9615	0.9585	0.962	1.1262	0.9622	1.4717	0.9592	0.9616	0.9621	0.9621	0.9647	0.9572	0.9616	0.9616	0.9616	0.9614	0.9619	2.6979	0.9543	0.9614
  d	0.9585	0.9591	1.6987	0.9583	1.7789	1.9316	0.9596	0.9585	0.9863	0.9587	0.9678	6.6528	0.9589	0.9589	1.1663	0.9605	0.9588	0.9568	0.9587	0.9616	0.9626	0.958	0.9596	0.9746	0.9639	1.0593	0.9581	0.9567	2.8921	1.4587	0.9582	0.958	0.9581	0.9605	0.9578	0	3.7773	0.9596	0.9588	0.958	0.9582	1.415	0.9591	0.9583	0.9581	0.958	10.5541	0.9589	0.9602	0.9594	2.423	0.9561	0.9582	0.9595	0.9594	1.6728	1.8951	0.958	1.0047	0.958	0.9615	0.9587	0.9762	1.6836	0.9582
  e	0.9544	0.9571	3.7696	0.954	1.2037	4.3849	0.9845	0.9542	1.3328	0.9545	1.1499	5.6481	2.2891	1.1216	1.1558	1.1331	2.3764	6.4989	0.9545	0.9709	6.8432	1.4304	1.2524	1.4112	1.0209	0.9533	0.9533	3.7108	2.3852	1.1626	1.4263	0.9532	0.9532	3.0019	0.9612	3.7773	0	1.8994	0.9571	0.9531	1.4272	0.9534	1.4282	1.3064	0.9533	0.953	8.9394	0.9551	1.4934	0.9903	1.5125	0.9576	1.1776	1.9083	0.9557	1.1415	1.681	0.9531	1.8378	0.953	2.4981	0.9544	17.4652	2.8668	1.9021
  f	0.9661	0.966	0.9658	0.9661	0.9669	0.965	0.9628	0.966	0.9555	0.9659	0.9699	1.3526	0.9661	0.9654	0.9661	0.9657	0.966	0.9557	0.9659	0.9644	0.9944	0.9661	0.9661	0.9658	0.9668	0.966	0.9661	0.9623	1.2076	0.966	0.9661	0.9661	0.9661	0.9887	0.962	0.9596	1.8994	0	0.966	0.9661	0.9661	0.9661	0.9658	0.966	0.9661	0.9661	0.9603	0.9658	0.9656	0.9659	0.9622	0.9626	1.2227	0.9657	0.9659	0.9676	0.9593	0.9661	0.966	0.9661	0.9636	0.966	1.6376	1.0863	0.9657
  g	0.9664	0.9661	1.0068	0.9665	0.967	0.9652	0.9776	0.9664	0.9427	0.9663	0.9698	0.9655	0.9665	0.9656	0.9665	0.966	0.9665	0.9541	0.9663	0.9671	0.9599	0.9668	0.9666	0.9661	0.9671	0.9664	0.9665	0.9615	0.9631	0.9663	0.9665	0.9666	0.9665	0.9659	0.9619	0.9588	0.9571	0.966	0	0.9666	0.9665	0.9665	0.9663	0.9664	0.9666	0.9666	0.9586	0.9662	1.3875	0.9662	0.9619	0.9626	0.9666	0.966	0.9663	0.9679	0.9588	0.9666	0.9664	0.9666	0.9634	0.9664	1.3265	0.9538	0.9661
  h	0.9666	0.9662	0.9649	0.9667	0.9671	0.9652	0.9625	0.9665	0.9394	0.9665	1.4513	0.9383	0.9666	0.9657	0.9667	0.966	0.9666	0.9529	0.9665	0.9644	0.9591	0.9667	0.9667	0.9662	0.9672	0.9666	0.9667	0.9611	0.9628	0.9665	0.9667	0.9667	0.9667	0.966	0.9616	0.958	0.9531	0.9661	0.9666	0	0.9667	0.9667	0.9663	0.9666	0.9667	0.9667	0.9578	0.9664	0.966	0.9664	0.9609	0.9624	0.9668	0.9661	0.9665	0.9683	0.9581	0.9668	0.9665	0.9667	0.9632	0.9665	0.8934	0.9525	0.9662
  i	0.9665	0.9662	0.9651	0.9666	0.9672	0.9652	0.9625	0.9665	0.9397	0.9664	0.9697	0.9387	0.9666	0.9657	0.9667	0.966	0.9665	0.9531	0.9664	0.9644	0.9593	0.9666	0.9667	0.9662	0.967	0.9665	0.9666	0.9612	0.9629	0.9664	0.9666	0.9667	0.9666	0.966	0.9616	0.9582	1.4272	0.9661	0.9665	0.9667	0	0.9666	0.9663	0.9665	0.9667	0.9667	0.9582	0.9663	0.9659	0.9663	0.9607	0.9624	0.9667	0.966	0.9664	0.9679	0.9582	0.9667	0.9666	0.9667	0.9632	0.9664	0.8942	0.9527	0.9661
  j	0.9665	0.9662	0.9648	0.9666	0.9671	0.994	0.9624	0.9665	0.9392	0.9664	0.9696	0.9387	0.9666	0.9657	0.9667	0.966	0.9666	0.953	0.9665	0.9643	0.9591	0.9667	0.9667	0.9662	0.967	0.9665	0.9667	0.9611	0.9628	0.9665	0.9667	0.9667	0.9667	0.966	0.9616	1.415	0.9534	0.9661	0.9665	0.9667	0.9666	0	0.9663	0.9666	0.9667	0.9667	0.9621	0.9663	0.9659	0.9663	0.9659	0.9624	0.9667	0.966	0.9664	0.968	0.9581	0.9667	0.9665	0.9667	0.9632	0.9665	0.8931	0.9526	0.9661
  k	0.9662	0.9659	0.9692	0.9663	0.9668	0.9651	0.9658	0.9661	1.1809	0.9661	0.9698	0.9425	0.9662	0.9655	0.9663	0.9657	0.9662	0.9548	0.9661	1.1543	0.9599	0.9663	0.9663	0.9659	0.9667	0.9662	0.9663	0.9616	0.9632	0.9661	0.9663	0.9663	0.9663	0.9657	1.0254	0.9591	1.4282	0.9658	0.9663	0.9663	0.9663	0.9663	0	0.9662	0.9663	0.9663	0.959	0.966	1.2886	0.966	0.9616	0.9627	0.9663	0.9658	0.9661	0.9676	0.9592	0.9663	0.9662	0.9663	0.9634	0.9661	1.5819	0.9544	0.9659
  l	0.9664	0.9661	0.9651	0.9665	0.967	0.9652	0.9625	0.9664	0.94	0.9663	0.9696	0.9394	0.9665	0.9656	0.9666	0.9659	0.9665	0.9534	0.9664	0.9644	0.9594	0.9665	0.9666	0.9661	0.9669	0.9664	0.9666	0.9613	0.9629	0.9664	0.9666	0.9666	0.9666	0.9659	0.9617	0.9583	1.3064	0.966	0.9664	0.9666	0.9665	0.9666	0.9662	0	0.9666	0.9666	0.9583	0.9662	0.9659	0.9662	0.9608	0.9624	0.9666	0.966	0.9663	0.9678	0.9584	0.9666	0.9664	0.9666	0.9633	0.9664	1.0114	0.953	0.9661
  m	0.9666	0.9662	0.9649	0.9923	0.9671	0.9652	0.9625	0.9665	0.9391	0.9664	0.9696	0.9841	0.9666	0.9657	0.9667	0.9663	0.9666	0.9531	0.9665	0.9644	0.9594	0.9667	0.9667	0.9662	0.967	0.9666	0.9667	1.0065	0.9628	0.9666	0.9667	0.9667	0.9667	0.966	0.9616	0.9581	0.9533	0.9661	0.9666	0.9667	0.9667	0.9667	0.9663	0.9666	0	0.9667	0.9579	0.9664	0.9659	0.9663	0.9606	0.9625	0.9667	0.9661	1.2028	0.968	0.9582	0.9668	0.9665	0.9667	1.4445	0.9665	0.8935	0.9527	0.9662
  n	0.9666	0.9662	0.9648	0.9667	0.967	0.9652	0.9624	0.9665	0.9388	0.9664	0.9696	0.9381	0.9666	0.9657	0.9667	1.4479	0.9666	0.9528	0.9665	0.9643	0.9591	0.9667	0.9667	0.9662	0.967	0.9666	0.9667	0.9611	0.9627	0.9665	0.9667	0.9667	0.9667	0.966	0.9615	0.958	0.953	0.9661	0.9666	0.9667	0.9667	0.9667	0.9663	0.9666	0.9667	0	0.9578	0.9663	0.9659	0.9663	0.9605	0.9623	0.9667	0.9661	0.9665	0.968	0.958	0.9668	0.9665	0.9667	0.9632	0.9665	0.8924	0.9524	0.9662
  o	0.9584	0.959	1.3246	0.9582	3.0796	1.9602	0.9603	0.9582	1.1106	0.9586	0.9691	6.7745	1.0577	1.4316	1.5556	0.9605	0.9585	0.9728	0.9586	0.9619	1.4438	0.9578	1.165	1.9191	0.9631	1.2561	0.9579	0.9598	1.1715	1.4416	0.958	0.9578	1.4358	0.9603	0.9585	10.5541	8.9394	0.9603	0.9586	0.9578	0.9582	0.9621	0.959	0.9583	0.9579	0.9578	0	0.9588	1.1026	0.9593	1.6793	0.9569	0.9581	0.9594	0.9592	1.8877	0.9583	0.9578	0.9625	0.9578	0.9622	0.9586	4.5473	1.1173	0.9581
  p	0.9663	0.9659	0.965	0.9663	0.9667	0.9651	0.9628	0.9662	0.9427	0.9661	0.9696	0.9419	0.9663	0.9655	0.9663	0.9658	0.9662	0.9546	0.9661	0.9644	0.9598	0.9663	0.9663	0.9659	0.9666	0.9662	1.0786	0.9616	0.9631	0.9662	0.9663	0.9663	0.9663	0.9658	0.962	0.9589	0.9551	0.9658	0.9662	0.9664	0.9663	0.9663	0.966	0.9662	0.9664	0.9663	0.9588	0	0.9657	0.966	0.9613	0.9626	0.9664	2.1823	0.9662	0.9676	0.959	0.9664	0.9662	0.9663	1.3667	0.9662	1.5279	0.9541	0.9659
  q	0.9659	0.9656	2.6383	0.9659	0.9675	0.965	1.8789	0.9658	0.9484	0.9658	0.9705	1.4182	0.9659	0.9653	0.966	0.9656	0.9659	0.956	0.9658	1.4652	0.9608	1.4289	0.966	0.9657	0.9669	0.9658	0.9659	0.9619	0.9639	0.9659	0.9659	0.9659	0.9659	0.9655	1.1262	0.9602	1.4934	0.9656	1.3875	0.966	0.9659	0.9659	1.2886	0.9659	0.9659	0.9659	1.1026	0.9657	0	0.9657	1.4625	0.9627	0.966	0.9655	0.9658	0.9676	0.9597	0.966	0.9658	0.9659	0.9636	0.9659	1.8843	0.9555	0.9656
  r	0.9663	0.9659	0.966	0.9663	0.9667	0.9652	0.9629	0.9662	0.9452	0.9661	0.9698	0.9437	0.9663	0.9655	0.9663	1.0082	0.9662	0.9553	0.9661	0.9644	0.9615	0.9663	0.9663	0.966	0.9668	0.9662	0.9663	0.9619	0.9633	0.9661	0.9663	0.9663	0.9663	1.3511	0.9622	0.9594	0.9903	0.9659	0.9662	0.9664	0.9663	0.9663	0.966	0.9662	0.9663	0.9663	0.9593	0.966	0.9657	0	0.9619	0.9628	0.9664	0.9658	0.9661	0.9677	0.9595	0.9664	0.9662	0.9663	0.9635	0.9662	1.9221	0.9549	1.4559
  s	0.9613	0.9617	1.0653	0.9612	1.2131	0.9689	0.9643	0.9625	1.5532	0.9612	1.092	8.8515	0.9611	0.9613	0.9608	0.9631	0.9611	1.7781	0.9611	0.9656	0.9684	0.9612	0.9607	0.9617	1.1067	0.9606	0.9606	0.9629	1.7075	1.0251	0.9607	0.9605	0.9606	0.963	1.4717	2.423	1.5125	0.9622	0.9619	0.9609	0.9607	0.9659	0.9616	0.9608	0.9606	0.9605	1.6793	0.9613	1.4625	0.9619	0	0.9643	0.9606	0.9621	0.9618	3.1075	1.1217	0.9605	0.961	0.9605	0.965	0.9611	11.2796	1.2804	0.9613
  t	0.9625	0.9626	0.9633	0.9628	0.963	1.2356	0.9607	0.9624	0.9424	0.9626	0.9677	0.9403	0.9624	0.9634	0.9624	0.9632	0.9624	7.4896	0.9626	0.9628	0.9601	0.9631	0.9624	0.9624	0.9631	0.9623	0.9624	1.4846	0.9613	0.9627	0.9624	0.9624	0.9624	0.963	0.9592	0.9561	0.9576	0.9626	0.9626	0.9624	0.9624	0.9624	0.9627	0.9624	0.9625	0.9623	0.9569	0.9626	0.9627	0.9628	0.9643	0	0.9624	0.9627	0.963	0.9653	0.957	0.9624	0.9623	0.9624	1.4411	0.9626	1.3401	0.9513	0.962
  u	0.9666	0.9662	0.965	0.9667	0.9671	0.9653	0.9625	0.9666	0.9393	0.9665	0.9696	0.9391	0.9667	0.9657	0.9667	0.9661	0.9667	0.9531	0.9665	0.9644	0.9724	0.9667	0.9667	0.9663	0.967	0.9666	0.9667	0.9612	0.9629	0.9665	0.9667	0.9667	0.9667	0.9917	0.9616	0.9582	1.1776	1.2227	0.9666	0.9668	0.9667	0.9667	0.9663	0.9666	0.9667	0.9667	0.9581	0.9664	0.966	0.9664	0.9606	0.9624	0	0.9661	0.9665	0.968	0.9582	0.9668	0.9666	0.9667	0.9632	0.9665	0.8938	1.0913	0.9662
  v	0.966	0.9657	0.9656	0.966	0.9667	0.9649	0.9629	0.9659	0.9455	0.9659	0.9713	0.9443	0.966	0.9654	0.9661	0.9657	0.966	0.9555	0.9659	0.9644	0.9604	0.966	0.9661	0.9657	0.9667	0.9659	1.3122	0.9618	0.9635	0.966	0.966	0.9661	0.966	0.9656	0.9621	0.9595	1.9083	0.9657	0.966	0.9661	0.966	0.966	0.9658	0.966	0.9661	0.9661	0.9594	2.1823	0.9655	0.9658	0.9621	0.9627	0.9661	0	0.9659	0.9676	0.9595	0.9661	0.9659	0.9661	1.1484	0.9659	1.9562	0.955	0.9657
  w	0.9668	0.966	0.9652	1.1229	0.9668	0.9652	0.9633	0.9663	0.9438	0.9662	0.9698	1.2241	0.9664	0.9656	0.9664	1.2573	0.9664	0.9554	0.9662	0.9645	0.9604	0.9664	0.9664	0.966	0.9669	0.9663	0.9665	1.4341	0.9646	0.9664	0.9664	0.9664	0.9664	0.9659	0.9621	0.9594	0.9557	0.9659	0.9663	0.9665	0.9664	0.9664	0.9661	0.9663	1.2028	0.9665	0.9592	0.9662	0.9658	0.9661	0.9618	0.963	0.9665	0.9659	0	0.9678	0.9594	0.9666	0.9663	0.9665	1.4518	0.9671	1.649	0.9548	0.966
  x	0.968	0.9676	0.9685	0.968	0.9753	0.9676	0.9656	0.9679	0.9598	0.9677	1.0311	4.5899	0.968	0.9673	0.9681	0.9678	0.968	0.9599	0.9677	0.9665	1.4441	0.968	0.968	0.9678	0.9705	0.9679	0.9679	0.9648	1.5623	0.9741	0.968	0.968	0.968	0.9675	0.9647	1.6728	1.1415	0.9676	0.9679	0.9683	0.9679	0.968	0.9676	0.9678	0.968	0.968	1.8877	0.9676	0.9676	0.9677	3.1075	0.9653	0.968	0.9676	0.9678	0	0.9629	0.968	0.968	0.968	0.9667	0.9678	2.3523	0.9788	0.9679
  y	0.9585	0.9592	0.9865	0.9586	0.9594	0.9589	0.9593	0.9584	0.9578	0.9588	0.9659	1.6927	0.9583	0.9586	0.9582	0.9601	0.9583	1.0287	0.9588	0.9615	1.0379	0.9581	0.9582	0.9587	0.9595	0.9581	0.9582	0.9615	0.9628	0.9591	0.9582	0.9581	0.9581	0.9603	0.9572	1.8951	1.681	0.9593	0.9588	0.9581	0.9582	0.9581	0.9592	0.9584	0.9582	0.958	0.9583	0.959	0.9597	0.9595	1.1217	0.957	0.9582	0.9595	0.9594	0.9629	0	0.9581	0.9582	0.9581	1.4312	0.9588	2.0268	0.9513	0.958
  z	0.9666	0.9662	0.9649	0.9667	0.9671	0.9653	0.9625	0.9665	0.9389	0.9665	0.9696	0.9382	0.9667	0.9657	0.9667	1.214	0.9666	0.953	0.9665	0.9644	0.9592	0.9667	0.9667	0.9663	0.967	0.9666	0.9667	0.9612	0.9628	0.9665	0.9667	0.9667	0.9667	0.966	0.9616	0.958	0.9531	0.9661	0.9666	0.9668	0.9667	0.9667	0.9663	0.9666	0.9668	0.9668	0.9578	0.9664	0.966	0.9664	0.9605	0.9624	0.9668	0.9661	0.9666	0.968	0.9581	0	0.9666	0.9668	1.312	0.9665	0.8927	0.9525	0.9662
  {	0.9664	0.966	0.9653	0.9665	0.9672	0.9653	0.9625	0.9663	0.941	0.9663	0.9697	0.9489	0.9665	0.9656	0.9666	0.9659	0.9665	0.9533	0.9663	0.9643	0.9597	0.9665	0.9666	0.9675	0.967	0.9664	0.9665	0.9612	0.9664	0.9664	0.9665	0.9665	0.9665	0.9659	0.9616	1.0047	1.8378	0.966	0.9664	0.9665	0.9666	0.9665	0.9662	0.9664	0.9665	0.9665	0.9625	0.9662	0.9658	0.9662	0.961	0.9623	0.9666	0.9659	0.9663	0.968	0.9582	0.9666	0	0.9665	0.9633	0.9663	0.8987	0.953	0.966
  |	0.9666	0.9662	0.9648	0.9667	0.967	0.9652	1.4416	0.9665	0.9389	0.9664	0.9696	0.9382	0.9666	0.9657	0.9667	0.966	0.9666	0.9529	0.9665	0.9644	0.9591	0.9667	0.9667	0.9662	0.967	0.9666	0.9667	0.9611	0.9628	0.9665	0.9667	0.9667	0.9667	0.966	0.9616	0.958	0.953	0.9661	0.9666	0.9667	0.9667	0.9667	0.9663	0.9666	0.9667	0.9667	0.9578	0.9663	0.9659	0.9663	0.9605	0.9624	0.9667	0.9661	0.9665	0.968	0.9581	0.9668	0.9665	0	0.9632	0.9665	0.8952	0.9525	0.9662
  }	0.9634	0.9634	0.9661	0.9787	0.9645	0.9642	1.0191	0.9633	0.9551	0.9633	1.4509	1.6413	0.9634	0.9633	0.9633	2.8121	0.9634	1.9146	0.9633	0.9637	1.131	0.9632	0.9633	0.9633	0.9647	0.9631	1.0682	1.9221	1.4452	1.3473	0.9632	0.9632	0.9632	0.9642	0.9614	0.9615	2.4981	0.9636	0.9634	0.9632	0.9632	0.9632	0.9634	0.9633	1.4445	0.9632	0.9622	1.3667	0.9636	0.9635	0.965	1.4411	0.9632	1.1484	1.4518	0.9667	1.4312	1.312	0.9633	0.9632	0	0.9634	4.6779	0.9596	0.9632
  ~	0.9664	0.966	0.965	0.9664	0.9668	0.9651	1.1299	0.9663	0.9416	0.9663	0.9696	0.9408	0.9664	0.9656	0.9665	0.9659	0.9664	0.9541	0.9663	0.9645	0.9596	0.9664	0.9665	0.9661	0.9668	0.9663	0.9665	0.9615	0.9632	0.9663	0.9665	0.9665	0.9665	0.9659	0.9619	0.9587	0.9544	0.966	0.9664	0.9665	0.9664	0.9665	0.9661	0.9664	0.9665	0.9665	0.9586	0.9662	0.9659	0.9662	0.9611	0.9626	0.9665	0.9659	0.9671	0.9678	0.9588	0.9665	0.9663	0.9665	0.9634	0	1.2909	0.9537	0.966
  	1.1106	1.6594	6.8474	0.8959	0.9323	1.3458	5.8354	0.8976	74.0277	1.3362	4.2853	18.2586	0.8961	1.3442	0.8939	2.1691	0.8962	2.1604	1.3374	7.5359	7.3996	0.9048	0.8946	1.334	0.9547	0.8935	0.9634	1.5629	6.682	1.0577	0.8944	0.893	0.8931	2.8163	2.6979	0.9762	17.4652	1.6376	1.3265	0.8934	0.8942	0.8931	1.5819	1.0114	0.8935	0.8924	4.5473	1.5279	1.8843	1.9221	11.2796	1.3401	0.8938	1.9562	1.649	2.3523	2.0268	0.8927	0.8987	0.8952	4.6779	1.2909	0	1.0735	0.9677
  	0.9533	0.9545	0.9629	0.953	1.1154	0.954	0.957	1.9072	1.9849	0.9538	0.9649	12.3478	0.9529	0.9541	0.9527	0.9568	0.9529	0.9507	0.9538	0.9594	1.9472	0.9523	0.9528	1.3944	0.9618	0.9526	0.9527	0.9522	2.0622	0.9553	0.953	0.9525	0.9525	0.9984	0.9543	1.6836	2.8668	1.0863	0.9538	0.9525	0.9527	0.9526	0.9544	0.953	0.9527	0.9524	1.1173	0.9541	0.9555	0.9549	1.2804	0.9513	1.0913	0.955	0.9548	0.9788	0.9513	0.9525	0.953	0.9525	0.9596	0.9537	1.0735	0	0.9527
  	0.966	0.9658	0.9653	0.9661	0.9669	0.9649	0.9624	0.966	0.9408	0.966	1.3545	0.9398	0.9661	0.9654	0.9662	0.9657	0.9661	0.9532	0.966	0.9642	0.9595	0.9661	0.9662	0.9658	0.9669	0.966	0.9661	1.0194	0.9629	0.966	0.9661	0.9661	0.9661	0.9657	0.9614	0.9582	1.9021	0.9657	0.9661	0.9662	0.9661	0.9661	0.9659	0.9661	0.9662	0.9662	0.9581	0.9659	0.9656	1.4559	0.9613	0.962	0.9662	0.9657	0.966	0.9679	0.958	0.9662	0.966	0.9662	0.9632	0.966	0.9677	0.9527	0

Actual rates from j->i (Q_ij):
	A	B	C	D	E	F	G	H	I	J	K	L	M	N	O	P	Q	R	S	T	U	V	W	X	Y	Z	[	\	]	^	_	`	a	b	c	d	e	f	g	h	i	j	k	l	m	n	o	p	q	r	s	t	u	v	w	x	y	z	{	|	}	~			
  A	0	0.0179	0.0178	0.0179	0.0179	0.0178	0.0178	0.0179	0.0174	0.0179	0.0179	0.0174	0.0179	0.0179	0.0179	0.0179	0.0179	0.0176	0.0179	0.0178	0.0177	0.0179	0.0179	0.0179	0.0179	0.0179	0.0179	0.0178	0.0226	0.0179	0.0179	0.0179	0.0179	0.0179	0.0178	0.0177	0.0176	0.0179	0.0179	0.0179	0.0179	0.0179	0.0179	0.0179	0.0179	0.0179	0.0177	0.0179	0.0179	0.0179	0.0178	0.0178	0.0179	0.0179	0.0179	0.0179	0.0177	0.0179	0.0179	0.0179	0.0178	0.0179	0.0205	0.0176	0.0179
  B	0.0156	0	0.0156	0.0156	0.0156	0.0156	0.0155	0.0156	0.0174	0.0156	0.0156	0.0152	0.0156	0.0156	0.0156	0.0156	0.0156	0.0154	0.0156	0.0156	0.0155	0.0156	0.0156	0.0156	0.0156	0.0156	0.0156	0.0155	0.0155	0.0156	0.0156	0.0156	0.0156	0.0156	0.0155	0.0155	0.0154	0.0156	0.0156	0.0156	0.0156	0.0156	0.0156	0.0156	0.0156	0.0156	0.0155	0.0156	0.0156	0.0156	0.0155	0.0155	0.0156	0.0156	0.0156	0.0156	0.0155	0.0156	0.0156	0.0156	0.0155	0.0156	0.0268	0.0154	0.0156
  C	0.0085	0.0085	0	0.0085	0.0101	0.0085	0.0086	0.0085	0.0104	0.0085	0.0098	0.0166	0.0085	0.0085	0.0085	0.0095	0.0085	0.0085	0.0085	0.0086	0.0167	0.0087	0.0085	0.0086	0.0085	0.0085	0.0085	0.0085	0.0137	0.0085	0.0085	0.0085	0.0085	0.0086	0.0085	0.015	0.0333	0.0085	0.0089	0.0085	0.0085	0.0085	0.0086	0.0085	0.0085	0.0085	0.0117	0.0085	0.0233	0.0085	0.0094	0.0085	0.0085	0.0085	0.0085	0.0086	0.0087	0.0085	0.0085	0.0085	0.0085	0.0085	0.0605	0.0085	0.0085
  D	0.0184	0.0184	0.0184	0	0.0184	0.0184	0.0183	0.0184	0.0179	0.0184	0.0185	0.0207	0.0184	0.0184	0.0184	0.0184	0.0184	0.0652	0.0184	0.0184	0.0183	0.0184	0.0184	0.0184	0.0184	0.0184	0.0184	0.0258	0.0183	0.0184	0.0184	0.0184	0.0184	0.0184	0.0183	0.0182	0.0182	0.0184	0.0184	0.0184	0.0184	0.0184	0.0184	0.0184	0.0189	0.0184	0.0182	0.0184	0.0184	0.0184	0.0183	0.0183	0.0184	0.0184	0.0214	0.0184	0.0182	0.0184	0.0184	0.0184	0.0186	0.0184	0.0171	0.0181	0.0184
  E	0.0178	0.0178	0.021	0.0178	0	0.0178	0.0178	0.0178	0.0176	0.0178	0.0179	0.0367	0.0178	0.0178	0.0178	0.0178	0.0178	0.0176	0.0178	0.0178	0.0177	0.0178	0.0178	0.0178	0.0178	0.0178	0.0178	0.0177	0.0197	0.0178	0.0178	0.0178	0.0178	0.0178	0.0177	0.0328	0.0222	0.0178	0.0178	0.0178	0.0178	0.0178	0.0178	0.0178	0.0178	0.0178	0.0568	0.0178	0.0178	0.0178	0.0224	0.0178	0.0178	0.0178	0.0178	0.018	0.0177	0.0178	0.0178	0.0178	0.0178	0.0178	0.0172	0.0206	0.0178
  F	0.0165	0.0165	0.0165	0.0165	0.0165	0	0.0164	0.0165	0.0161	0.0165	0.0165	0.0161	0.0165	0.0168	0.0165	0.0246	0.0165	0.0829	0.0165	0.0164	0.017	0.0251	0.0165	0.0165	0.0165	0.0165	0.0165	0.0225	0.0164	0.0165	0.0165	0.0165	0.0165	0.0165	0.0164	0.0329	0.0748	0.0165	0.0165	0.0165	0.0165	0.017	0.0165	0.0165	0.0165	0.0165	0.0334	0.0165	0.0165	0.0165	0.0165	0.0211	0.0165	0.0165	0.0165	0.0165	0.0164	0.0165	0.0165	0.0165	0.0164	0.0165	0.0229	0.0163	0.0165
  G	0.0091	0.0091	0.0093	0.0091	0.0091	0.0091	0	0.0091	0.0091	0.0091	0.0137	0.0096	0.0091	0.0091	0.0091	0.0091	0.0091	0.0091	0.0091	0.0092	0.0091	0.0092	0.0091	0.0091	0.0091	0.0091	0.0091	0.0091	0.0091	0.0094	0.0091	0.0091	0.0091	0.0091	0.0091	0.0091	0.0093	0.0091	0.0093	0.0091	0.0091	0.0091	0.0091	0.0091	0.0091	0.0091	0.0091	0.0091	0.0178	0.0091	0.0091	0.0091	0.0091	0.0091	0.0091	0.0091	0.0091	0.0091	0.0091	0.0137	0.0097	0.0107	0.0553	0.0091	0.0091
  H	0.0179	0.0179	0.0179	0.0179	0.0179	0.0179	0.0179	0	0.0175	0.0179	0.018	0.0303	0.0179	0.0179	0.0179	0.0179	0.0179	0.0177	0.0179	0.0179	0.0178	0.0179	0.0179	0.0179	0.0179	0.0179	0.0179	0.0178	0.0224	0.0179	0.0179	0.0179	0.0179	0.0179	0.0178	0.0178	0.0177	0.0179	0.0179	0.0179	0.0179	0.0179	0.0179	0.0179	0.0179	0.0179	0.0178	0.0179	0.0179	0.0179	0.0179	0.0179	0.0179	0.0179	0.0179	0.018	0.0178	0.0179	0.0179	0.0179	0.0179	0.0179	0.0167	0.0354	0.0179
  I	0.0017	0.0019	0.0021	0.0017	0.0017	0.0017	0.0017	0.0017	0	0.0017	0.0024	0.0034	0.0017	0.0017	0.0017	0.0025	0.0017	0.0018	0.0017	0.0026	0.0018	0.0017	0.0017	0.0017	0.0017	0.0017	0.0017	0.0017	0.0026	0.0017	0.0017	0.0017	0.0017	0.0017	0.0051	0.0018	0.0024	0.0017	0.0017	0.0017	0.0017	0.0017	0.0021	0.0017	0.0017	0.0017	0.002	0.0017	0.0017	0.0017	0.0028	0.0017	0.0017	0.0017	0.0017	0.0017	0.0017	0.0017	0.0017	0.0017	0.0017	0.0017	0.1332	0.0036	0.0017
  J	0.0169	0.0168	0.0169	0.0169	0.0169	0.0168	0.0168	0.0169	0.0164	0	0.0169	0.0164	0.0169	0.0168	0.0169	0.0168	0.0169	0.0166	0.0169	0.0168	0.0167	0.0169	0.0169	0.0168	0.0169	0.0169	0.0169	0.0168	0.0168	0.0169	0.0169	0.0169	0.0169	0.0168	0.0168	0.0167	0.0166	0.0168	0.0169	0.0169	0.0169	0.0169	0.0168	0.0169	0.0169	0.0169	0.0167	0.0169	0.0168	0.0169	0.0168	0.0168	0.0169	0.0168	0.0169	0.0169	0.0167	0.0169	0.0169	0.0169	0.0168	0.0169	0.0233	0.0166	0.0168
  K	0.0106	0.0106	0.0121	0.0106	0.0107	0.0106	0.0159	0.0106	0.0147	0.0106	0	0.0108	0.0106	0.0106	0.0106	0.0106	0.0106	0.0106	0.0106	0.0106	0.0106	0.0106	0.0106	0.0106	0.011	0.0106	0.0106	0.015	0.0107	0.0106	0.0106	0.0106	0.0106	0.0106	0.0106	0.0106	0.0126	0.0106	0.0106	0.0159	0.0106	0.0106	0.0106	0.0106	0.0106	0.0106	0.0106	0.0106	0.0106	0.0106	0.012	0.0106	0.0106	0.0107	0.0106	0.0113	0.0106	0.0106	0.0106	0.0106	0.0159	0.0106	0.047	0.0106	0.0149
  L	0.0053	0.0053	0.0106	0.0061	0.0112	0.0053	0.0057	0.0092	0.0106	0.0053	0.0055	0	0.0053	0.0053	0.0053	0.01	0.0053	0.0077	0.0053	0.0069	0.0817	0.0053	0.0053	0.0055	0.009	0.0057	0.0053	0.0088	0.024	0.0142	0.0053	0.0053	0.0053	0.0053	0.0053	0.0373	0.0317	0.0076	0.0054	0.0053	0.0053	0.0053	0.0053	0.0053	0.0055	0.0053	0.038	0.0053	0.008	0.0053	0.0497	0.0053	0.0053	0.0053	0.0069	0.0258	0.0095	0.0053	0.0053	0.0053	0.0092	0.0053	0.1025	0.0693	0.0053
  M	0.0184	0.0184	0.0184	0.0184	0.0184	0.0184	0.0183	0.0184	0.0179	0.0184	0.0185	0.0179	0	0.0184	0.0184	0.0184	0.0184	0.0182	0.0184	0.0184	0.0183	0.0184	0.0184	0.0184	0.0184	0.0184	0.0184	0.0183	0.0184	0.0184	0.0184	0.0184	0.0184	0.0184	0.0183	0.0183	0.0436	0.0184	0.0184	0.0184	0.0184	0.0184	0.0184	0.0184	0.0184	0.0184	0.0202	0.0184	0.0184	0.0184	0.0183	0.0183	0.0184	0.0184	0.0184	0.0185	0.0183	0.0184	0.0184	0.0184	0.0184	0.0184	0.0171	0.0182	0.0184
  N	0.0164	0.0164	0.0164	0.0165	0.0165	0.0168	0.0164	0.0164	0.0161	0.0164	0.0165	0.0161	0.0165	0	0.0164	0.0164	0.0164	0.0263	0.0164	0.0164	0.0198	0.0165	0.0164	0.0164	0.0165	0.0164	0.0164	0.0164	0.0164	0.0164	0.0164	0.0164	0.0164	0.0165	0.0164	0.0163	0.0191	0.0164	0.0164	0.0164	0.0164	0.0164	0.0164	0.0164	0.0164	0.0164	0.0244	0.0164	0.0164	0.0164	0.0164	0.0164	0.0164	0.0164	0.0164	0.0165	0.0163	0.0164	0.0164	0.0164	0.0164	0.0164	0.0229	0.0163	0.0164
  O	0.0188	0.0188	0.0188	0.0188	0.0188	0.0188	0.0188	0.0188	0.0183	0.0188	0.0189	0.0183	0.0188	0.0188	0	0.0188	0.0188	0.0186	0.0188	0.0188	0.0187	0.0188	0.0188	0.0188	0.0188	0.0188	0.0188	0.0187	0.0189	0.0188	0.0188	0.0188	0.0188	0.0188	0.0187	0.0227	0.0225	0.0188	0.0188	0.0188	0.0188	0.0188	0.0188	0.0188	0.0188	0.0188	0.0303	0.0188	0.0188	0.0188	0.0187	0.0188	0.0188	0.0188	0.0188	0.0189	0.0187	0.0188	0.0188	0.0188	0.0188	0.0188	0.0174	0.0186	0.0188
  P	0.0143	0.0143	0.0158	0.0143	0.0143	0.0213	0.0142	0.0143	0.0202	0.0143	0.0143	0.0262	0.0143	0.0143	0.0143	0	0.0143	0.0338	0.0143	0.0142	0.0161	0.0143	0.0143	0.0143	0.0143	0.0143	0.0143	0.0142	0.0142	0.0143	0.0143	0.0143	0.0143	0.0156	0.0142	0.0142	0.0167	0.0143	0.0143	0.0143	0.0143	0.0143	0.0143	0.0143	0.0143	0.0214	0.0142	0.0143	0.0143	0.0149	0.0142	0.0142	0.0143	0.0143	0.0186	0.0143	0.0142	0.0179	0.0143	0.0143	0.0415	0.0143	0.032	0.0141	0.0143
  Q	0.0184	0.0184	0.0184	0.0184	0.0184	0.0184	0.0183	0.0184	0.0179	0.0184	0.0185	0.0179	0.0184	0.0184	0.0184	0.0184	0	0.0181	0.0184	0.0183	0.0183	0.0184	0.0184	0.0184	0.0184	0.0184	0.0184	0.0183	0.0183	0.0184	0.0184	0.0184	0.0184	0.0184	0.0183	0.0182	0.0452	0.0184	0.0184	0.0184	0.0184	0.0184	0.0184	0.0184	0.0184	0.0184	0.0182	0.0184	0.0184	0.0184	0.0183	0.0183	0.0184	0.0184	0.0184	0.0184	0.0182	0.0184	0.0184	0.0184	0.0183	0.0184	0.0171	0.0181	0.0184
  R	0.012	0.012	0.0121	0.0431	0.012	0.0612	0.012	0.012	0.0123	0.012	0.0121	0.0174	0.012	0.0194	0.012	0.0288	0.012	0	0.012	0.0121	0.0137	0.0249	0.012	0.012	0.012	0.012	0.012	0.0501	0.0121	0.012	0.012	0.012	0.012	0.012	0.012	0.012	0.0818	0.012	0.012	0.012	0.012	0.012	0.012	0.012	0.012	0.012	0.0122	0.012	0.012	0.012	0.0224	0.0943	0.012	0.012	0.012	0.0121	0.0129	0.012	0.012	0.012	0.0241	0.012	0.0272	0.012	0.012
  S	0.0168	0.0168	0.0168	0.0168	0.0169	0.0168	0.0168	0.0168	0.0164	0.0168	0.0169	0.0164	0.0168	0.0168	0.0169	0.0168	0.0168	0.0166	0	0.0168	0.0167	0.0168	0.0169	0.0168	0.0169	0.0168	0.0169	0.0168	0.0168	0.0168	0.0169	0.0169	0.0169	0.0168	0.0168	0.0167	0.0166	0.0168	0.0168	0.0169	0.0168	0.0169	0.0168	0.0168	0.0169	0.0169	0.0167	0.0168	0.0168	0.0168	0.0168	0.0168	0.0169	0.0168	0.0168	0.0169	0.0167	0.0169	0.0168	0.0169	0.0168	0.0168	0.0233	0.0166	0.0168
