Map from character to field name
A:	Algeria
B:	Argentina
C:	Australia
D:	Austria
E:	Bangladesh
F:	Belgium
G:	Brazil
H:	Cambodia
I:	Canada
J:	Chad
K:	Chile
L:	China
M:	Czech Republic
N:	Denmark
O:	Egypt
P:	France
Q:	Georgia
R:	Germany
S:	Guam
T:	Guatemala
U:	Hong Kong
V:	Hungary
W:	Iceland
X:	India
Y:	Indonesia
Z:	Iran
[:	Ireland
\:	Italy
]:	Japan
^:	Kazakhstan
_:	Kuwait
`:	Laos
a:	Luxembourg
b:	Malaysia
c:	Mexico
d:	Mongolia
e:	Netherlands
f:	New Zealand
g:	Nicaragua
h:	Nigeria
i:	Norway
j:	Pakistan
k:	Peru
l:	Philippines
m:	Poland
n:	Romania
o:	Russia
p:	Saudi Arabia
q:	Singapore
r:	South Africa
s:	South Korea
t:	Spain
u:	Sri Lanka
v:	Sweden
w:	Switzerland
x:	Taiwan
y:	Thailand
z:	Turkey
{:	Ukraine
|:	United Arab Emirates
}:	United Kingdom
~:	Uruguay
:	Usa
:	Vietnam
:	Zambia
:	?


Substitution rate (mu): 20.328932

Equilibrium frequencies (pi_i):
  A: 0.0181
  B: 0.0149
  C: 0.0086
  D: 0.0195
  E: 0.0191
  F: 0.0165
  G: 0.0071
  H: 0.0183
  I: 0.0019
  J: 0.0175
  K: 0.0091
  L: 0.0079
  M: 0.0192
  N: 0.0172
  O: 0.0199
  P: 0.0144
  Q: 0.0199
  R: 0.0117
  S: 0.0175
  T: 0.006
  U: 0.0068
  V: 0.0179
  W: 0.0198
  X: 0.0194
  Y: 0.0197
  Z: 0.02
  [: 0.0184
  \: 0.0171
  ]: 0.0085
  ^: 0.0179
  _: 0.0198
  `: 0.0201
  a: 0.02
  b: 0.017
  c: 0.0093
  d: 0.0118
  e: 0.005
  f: 0.0176
  g: 0.016
  h: 0.0175
  i: 0.0198
  j: 0.0197
  k: 0.0157
  l: 0.0198
  m: 0.0202
  n: 0.0188
  o: 0.0093
  p: 0.0183
  q: 0.013
  r: 0.0156
  s: 0.0056
  t: 0.0192
  u: 0.0198
  v: 0.0157
  w: 0.0161
  x: 0.0119
  y: 0.0118
  z: 0.0202
  {: 0.0195
  |: 0.0202
  }: 0.011
  ~: 0.0189
  : 0.0049
  : 0.012
  : 0.0192

Symmetrized rates from j->i (W_ij):
	A	B	C	D	E	F	G	H	I	J	K	L	M	N	O	P	Q	R	S	T	U	V	W	X	Y	Z	[	\	]	^	_	`	a	b	c	d	e	f	g	h	i	j	k	l	m	n	o	p	q	r	s	t	u	v	w	x	y	z	{	|	}	~			
  A	0	0.9637	0.9613	0.9637	0.9632	0.9629	0.9631	0.9636	0.9368	0.9637	0.9621	0.9404	0.9636	0.9638	0.9637	0.9636	0.9637	0.9539	0.9637	0.9635	0.9564	0.964	0.9637	0.9636	0.9624	0.9637	0.9638	0.9595	1.102	0.9637	0.9637	0.9637	0.9637	0.9636	0.9615	0.9577	0.9544	0.9642	0.9638	0.9637	0.9637	0.9637	0.9637	0.9637	0.9637	0.9638	0.958	0.9637	0.9635	0.9638	0.9573	0.9611	0.9637	0.964	0.9648	0.9632	0.9583	0.9637	0.9639	0.9637	0.963	0.9639	1.2156	0.9555	0.9635
  B	0.9637	0	0.9615	0.9636	0.9632	0.963	0.963	0.9635	1.1763	0.9636	0.9624	0.9441	0.9635	0.9637	0.9636	0.9636	0.9636	0.9557	0.9636	0.9634	0.9579	0.9639	0.9636	0.9635	0.9625	0.9636	0.9637	0.9602	0.9614	0.9636	0.9636	0.9636	0.9636	0.9636	0.9619	0.9587	0.9557	0.964	0.9637	0.9636	0.9636	0.9636	0.9637	0.9636	0.9636	0.9637	0.9589	0.9636	0.9635	0.9637	0.958	0.9615	0.9636	0.9638	0.9637	0.9633	1.0433	0.9636	0.9637	0.9636	0.9629	0.9637	1.9814	0.9567	0.9635
  C	0.9613	0.9615	0	0.9608	0.9613	1.1677	0.9971	0.9611	1.0207	0.9614	0.9655	1.481	0.9611	0.9615	0.9606	0.9658	0.9606	0.9941	0.961	1.0374	2.134	0.9632	0.9606	0.9614	0.9607	0.9605	0.9609	0.9607	1.6481	0.9638	0.9629	0.9605	0.9606	0.9729	0.9618	0.9626	4.9231	1.1331	0.9663	0.961	0.9606	0.9608	0.9619	0.9606	0.9605	0.9609	1.0288	0.9609	1.2564	0.9667	1.1041	0.9598	0.9607	0.9622	0.9615	0.9869	0.9612	0.9605	0.9613	0.9605	0.966	0.9609	6.5944	0.9622	0.9609
  D	0.9637	0.9636	0.9608	0	0.9632	0.9629	0.9627	0.9636	0.9335	0.9637	0.9617	1.044	0.9636	0.9645	0.9637	0.9635	0.9637	3.3419	0.9637	0.9632	0.9563	0.964	0.9636	0.9636	0.9623	0.9637	0.9637	1.2401	0.9604	0.9639	0.9637	0.9637	0.9637	0.9636	0.9611	0.9575	0.9536	0.9643	0.9637	0.9637	0.9637	0.9637	0.9637	0.9637	0.9647	0.9637	0.9579	0.9636	0.9634	0.9638	0.9562	0.9612	0.9637	0.964	1.22	0.9628	0.9579	0.9637	0.9641	0.9637	1.1052	0.9638	0.8817	0.9546	0.9635
  E	0.9632	0.9632	0.9613	0.9632	0	0.9629	0.9628	0.9633	0.9342	0.9632	0.9615	1.7101	0.9632	0.9634	1.1241	0.9631	0.9633	0.9542	0.9632	0.963	0.9574	0.9637	0.9631	1.2634	0.9622	0.9631	0.9632	0.9593	0.9612	0.9637	0.9631	0.9631	0.9631	0.9633	0.961	2.4764	1.2307	0.9642	0.9633	0.9632	0.9631	0.9992	0.9632	0.9631	0.9631	0.9632	3.6128	0.9631	0.9632	0.9635	0.9567	0.9604	0.9632	0.9639	0.9633	0.9635	0.9579	0.9631	0.9636	0.9631	0.9628	0.9632	0.8838	1.4334	0.963
  F	0.9629	0.963	1.1677	0.9629	0.9629	0	1.0283	0.9627	0.9411	0.9628	0.9618	1.259	0.963	0.9681	0.9627	1.0942	0.9627	4.5719	0.9628	0.9632	0.9636	1.0137	0.9626	0.9632	0.9622	0.9627	0.9628	1.4216	0.9616	0.9664	0.9627	0.9627	0.9627	0.9631	0.9623	1.3895	4.7127	0.9637	0.963	0.9628	0.9627	0.9632	0.9629	0.9627	0.9626	0.9628	2.1441	0.9627	0.9631	0.9635	0.9581	1.5483	0.9628	0.9637	0.9631	0.9631	0.9665	0.9627	0.9638	0.9627	1.0769	0.9628	1.3318	0.956	0.9626
  G	0.9631	0.963	0.9971	0.9627	0.9628	1.0283	0	0.9625	2.3069	0.9625	1.0805	1.2717	0.9624	0.9631	0.9623	0.9634	0.9626	1.3259	0.9625	0.9636	0.9629	1.1534	0.9623	0.963	0.962	0.9624	0.9626	0.9701	1.4174	0.9774	0.9623	0.9623	0.9624	0.9626	0.9901	0.9618	0.9634	0.9632	0.9628	0.9625	0.9623	0.9624	0.9641	0.9623	0.9623	0.9625	1.0874	0.9625	1.37	0.9628	1.0464	0.9621	0.9623	0.9631	1.01	0.9642	1.0469	0.9623	0.9629	1.4435	0.9872	1.2932	8.2115	0.9606	0.9675
  H	0.9636	0.9635	0.9611	0.9636	0.9633	0.9627	0.9625	0	1.3501	0.9635	0.9618	1.4112	0.9634	0.9636	0.9635	0.9634	0.9635	0.9537	0.9636	0.9632	0.9562	0.9639	0.9635	0.9634	0.9623	0.9635	0.9636	0.9593	0.9609	0.9635	0.9635	0.9635	0.9635	0.9635	0.9613	1.4367	0.954	0.9643	0.9636	0.9636	0.9635	0.9636	0.9635	0.9635	0.9635	0.9636	0.9577	0.9635	0.9633	0.9636	0.9568	0.9609	0.9636	0.964	0.9637	0.9631	0.9581	0.9635	0.9637	0.9635	0.9626	0.9636	0.9578	1.9002	0.9633
  I	0.9368	1.1763	1.0207	0.9335	0.9342	0.9411	2.3069	1.3501	0	0.9361	1.4833	2.2747	0.9336	1.0356	0.9325	1.1998	0.9328	1.177	0.9362	1.0036	1.3069	0.9367	0.9326	0.9335	0.9328	0.9325	0.9351	0.9376	2.2188	0.9362	0.9326	0.9322	0.9325	0.9919	2.32	0.9454	0.9619	0.9366	0.9388	0.9361	0.9326	0.9328	1.005	0.9326	0.932	0.9346	1.4776	0.9352	0.9473	0.9392	1.4765	0.9341	0.9326	0.9392	0.9391	0.9633	2.1819	0.9321	0.9372	0.9321	0.9473	0.9351	71.6986	1.5526	0.934
  J	0.9637	0.9636	0.9614	0.9637	0.9632	0.9628	0.9625	0.9635	0.9361	0	0.9619	0.9403	0.9635	0.9637	0.9636	0.9635	0.9636	0.9541	0.9637	0.9632	0.9564	0.9639	0.9636	0.9636	0.9624	0.9636	0.9637	0.9596	0.9607	0.9636	0.9636	0.9637	0.9637	0.9636	0.9614	0.9579	0.9541	0.9641	0.9637	0.9637	0.9636	0.9637	0.9637	0.9636	0.9636	0.9637	0.9578	0.9636	0.9634	0.9637	0.957	0.9612	0.9637	0.9639	0.9638	0.963	0.9583	0.9637	0.9638	0.9637	0.9627	0.9637	1.3325	0.9553	0.9635
  K	0.9621	0.9624	0.9655	0.9617	0.9615	0.9618	1.0805	0.9618	1.4833	0.9619	0	0.9603	0.9616	0.9622	0.9616	0.9626	0.9616	0.9583	0.962	0.965	1.0621	0.9622	0.9616	0.9616	0.961	0.9616	0.9619	1.175	0.9631	0.962	0.9616	0.9616	0.9616	0.9621	0.9621	0.9595	0.9603	0.9624	0.9622	0.962	0.9616	0.9617	0.9623	0.9616	0.9616	0.9619	0.9606	0.9619	0.963	0.9623	0.9778	0.9604	0.9617	0.9624	0.9628	0.9632	0.9603	0.9616	0.9619	0.9616	1.5845	0.962	5.3518	0.9587	1.0921
  L	0.9404	0.9441	1.481	1.044	1.7101	1.259	1.2717	1.4112	2.2747	0.9403	0.9603	0	1.3636	0.944	0.9374	1.2692	0.9374	1.6763	0.9403	0.9558	11.0353	1.1792	0.9374	1.3883	1.1969	0.9371	0.9393	1.3989	3.7045	2.6904	0.9374	0.937	0.9371	0.9435	0.9515	8.4438	5.345	1.2407	0.9424	0.9403	0.9374	1.0423	0.9429	0.9374	0.9369	0.9388	7.003	0.9397	1.0507	1.2231	5.961	0.9857	0.9382	1.651	1.0137	2.6731	2.2447	0.9368	0.9917	0.9368	1.6338	0.9388	7.8977	8.5624	0.9418
  M	0.9636	0.9635	0.9611	0.9636	0.9632	0.963	0.9624	0.9634	0.9336	0.9635	0.9616	1.3636	0	0.9636	0.9635	0.9633	0.9635	0.9533	0.9635	0.9631	0.9561	0.964	0.9635	0.9635	0.9624	0.9635	0.9636	0.9593	0.9605	0.9635	0.9635	0.9635	0.9635	0.9635	0.9611	0.9648	1.9348	0.9643	0.9636	0.9635	0.9635	0.9636	0.9635	0.9635	0.9635	0.9635	0.9583	0.9635	0.9633	0.9637	0.9666	0.9608	0.9636	0.964	0.9636	0.9628	0.9577	0.9635	0.9637	0.9635	0.9627	0.9636	0.8831	0.955	0.9633
  N	0.9638	0.9637	0.9615	0.9645	0.9634	0.9681	0.9631	0.9636	1.0356	0.9637	0.9622	0.944	0.9636	0	0.9637	0.964	0.9638	1.6727	0.9637	0.9633	1.0491	0.9644	0.9637	0.9637	0.9624	0.9637	0.9638	0.9619	0.9612	0.9638	0.9637	0.9637	0.9637	0.9642	0.9617	0.9583	1.032	0.9643	0.9638	0.9637	0.9637	0.9638	0.9637	0.9637	0.9637	0.9637	0.9938	0.9637	0.9637	0.9638	0.9572	0.9631	0.9638	0.964	0.9638	0.9633	1.0117	0.9637	0.964	0.9637	0.9664	0.9638	1.3667	0.9562	0.9636
  O	0.9637	0.9636	0.9606	0.9637	1.1241	0.9627	0.9623	0.9635	0.9325	0.9636	0.9616	0.9374	0.9635	0.9637	0	0.9634	0.9637	0.9528	0.9637	0.9631	0.9553	0.9639	0.9636	0.9637	0.9622	0.9636	0.9637	0.9591	0.9603	0.9636	0.9636	0.9636	0.9637	0.9636	0.9611	0.9574	1.4295	0.9641	0.9637	0.9637	0.9636	0.9637	0.9636	0.9636	0.9636	0.9637	1.3068	0.9636	0.9634	0.9637	0.9559	0.9608	0.9637	0.9639	0.9637	0.9628	0.9575	0.9636	0.9638	0.9636	0.9628	0.9637	0.8795	0.9542	0.9634
  P	0.9636	0.9636	0.9658	0.9635	0.9631	1.0942	0.9634	0.9634	1.1998	0.9635	0.9626	1.2692	0.9633	0.964	0.9634	0	0.9634	1.914	0.9635	0.9636	1.6189	0.9638	0.9633	0.9633	0.9625	0.9633	0.9635	0.9614	1.23	0.9637	0.9634	0.9634	0.9634	1.0188	0.9629	0.959	1.5876	0.9643	0.9635	0.9635	0.9634	0.9635	0.9636	0.9633	0.9634	1.241	0.96	0.9634	0.9636	0.9637	0.9588	0.9615	0.9634	0.9639	0.9639	0.9637	0.9597	1.0219	0.9637	0.9634	2.9385	0.9635	2.3174	0.9574	0.9633
  Q	0.9637	0.9636	0.9606	0.9637	0.9633	0.9627	0.9626	0.9635	0.9328	0.9636	0.9616	0.9374	0.9635	0.9638	0.9637	0.9634	0	0.9532	0.9636	0.9631	0.9553	0.9639	0.9636	0.9636	0.9623	0.9636	0.9637	0.959	0.9605	0.9638	0.9636	0.9636	0.9636	0.9635	0.9611	0.9571	1.4276	0.9641	0.9637	0.9636	0.9636	0.9637	0.9636	0.9636	0.9636	0.9637	2.3958	0.9636	0.9634	0.9637	0.956	0.9608	0.9637	0.9639	0.9637	0.9628	0.9576	0.9636	0.9639	0.9636	0.9627	0.9637	0.8796	0.9543	0.9634
  R	0.9539	0.9557	0.9941	3.3419	0.9542	4.5719	1.3259	0.9537	1.177	0.9541	0.9583	1.6763	0.9533	1.6727	0.9528	1.914	0.9532	0	0.9541	0.9604	1.2161	2.3421	0.9528	0.9537	0.953	0.9529	0.9537	6.1041	0.9601	1.0957	0.9529	0.9527	0.9529	0.9552	0.9575	0.9639	6.2649	0.955	0.9551	0.9541	0.9529	0.9533	0.9552	0.9529	0.9527	0.9535	1.4643	0.9537	0.957	0.9741	1.0131	7.2269	0.9529	0.9596	0.956	0.9578	1.2981	0.9527	1.1567	0.9527	1.9666	0.9535	2.1666	0.9536	0.9536
  S	0.9637	0.9636	0.961	0.9637	0.9632	0.9628	0.9625	0.9636	0.9362	0.9637	0.962	0.9403	0.9635	0.9637	0.9637	0.9635	0.9636	0.9541	0	0.9632	0.9564	0.9639	0.9636	0.9636	0.9624	0.9636	0.9637	0.9596	0.9607	0.9636	0.9637	0.9637	0.9637	0.9636	0.9614	0.9579	0.9541	0.9641	0.9637	0.9637	0.9637	0.9637	0.9637	0.9636	0.9636	0.9637	0.9578	0.9636	0.9635	0.9637	0.9569	0.9612	0.9637	0.9639	0.9638	0.963	0.9583	0.9637	0.9638	0.9637	0.9627	0.9637	1.3338	0.9553	0.9635
  T	0.9635	0.9634	1.0374	0.9632	0.963	0.9632	0.9636	0.9632	1.0036	0.9632	0.965	0.9558	0.9631	0.9633	0.9631	0.9636	0.9631	0.9604	0.9632	0	0.963	0.9636	0.9631	0.9631	0.9627	0.9631	0.9633	0.962	0.9632	0.9633	0.9631	0.9631	0.9631	0.9632	0.9887	0.9614	0.9606	0.9635	0.9637	0.9632	0.9631	0.9632	1.2103	0.9631	0.9631	0.9633	0.962	0.9633	0.9934	0.9633	0.9614	0.9623	0.9632	0.9634	0.9634	0.9644	0.9619	0.9631	0.9634	0.9631	0.9632	0.9633	10.7214	0.9607	0.9632
  U	0.9564	0.9579	2.134	0.9563	0.9574	0.9636	0.9629	0.9562	1.3069	0.9564	1.0621	11.0353	0.9561	1.0491	0.9553	1.6189	0.9553	1.2161	0.9564	0.963	0	0.9581	0.9553	0.9556	0.9592	0.9552	0.9561	1.4258	1.3223	0.9573	0.9554	0.9552	0.9552	3.4137	0.9828	0.959	10.1924	1.4337	0.9573	0.9564	0.9553	0.9562	0.9575	0.9553	0.9551	0.9559	0.9774	0.9561	1.4357	0.9593	0.9881	0.9562	1.043	0.9592	0.9574	1.4193	1.2791	0.9552	0.9569	0.9551	0.9668	0.9559	5.5442	3.2595	0.9558
  V	0.964	0.9639	0.9632	0.964	0.9637	1.0137	1.1534	0.9639	0.9367	0.9639	0.9622	1.1792	0.964	0.9644	0.9639	0.9638	0.9639	2.3421	0.9639	0.9636	0.9581	0	0.9639	0.964	0.9628	0.9639	0.964	0.9602	0.9614	0.9645	0.9639	0.9639	0.9639	0.9639	0.9616	0.9597	0.9809	0.9648	0.964	0.9639	0.9639	0.964	0.9687	0.9639	0.9639	0.9639	0.9594	0.9642	1.0507	0.9641	0.9579	0.9617	0.964	1.2224	0.964	0.9635	0.9588	0.9639	0.9642	0.964	0.9632	0.964	1.2145	0.9568	0.9638
  W	0.9637	0.9636	0.9606	0.9636	0.9631	0.9626	0.9623	0.9635	0.9326	0.9636	0.9616	0.9374	0.9635	0.9637	0.9636	0.9633	0.9636	0.9528	0.9636	0.9631	0.9553	0.9639	0	0.9635	0.9622	0.9636	0.9636	0.959	0.9602	0.9636	0.9636	0.9636	0.9636	0.9635	0.9611	0.9571	1.4292	0.9641	0.9636	0.9636	0.9636	0.9637	0.9636	0.9636	0.9636	0.9636	0.957	0.9635	0.9633	0.9637	0.956	0.9608	0.9636	0.9639	0.9637	0.9627	0.9575	0.9636	0.9637	0.9636	0.9626	0.9637	0.8798	0.9542	0.9634
  X	0.9636	0.9635	0.9614	0.9636	1.2634	0.9632	0.963	0.9634	0.9335	0.9636	0.9616	1.3883	0.9635	0.9637	0.9637	0.9633	0.9636	0.9537	0.9636	0.9631	0.9556	0.964	0.9635	0	0.9622	0.9636	0.9636	0.9592	0.9606	0.9637	0.9636	0.9636	0.9636	0.9635	0.9611	0.9578	1.0004	0.9643	0.9636	0.9636	0.9636	0.9636	0.9636	0.9635	0.9635	0.9636	2.1011	0.9635	0.9634	0.9636	0.9562	0.9608	0.9636	0.964	0.9637	0.9628	0.9579	0.9636	0.9638	0.9636	0.9626	0.9636	0.9017	0.9546	0.9634
  Y	0.9624	0.9625	0.9607	0.9623	0.9622	0.9622	0.962	0.9623	0.9328	0.9624	0.961	1.1969	0.9624	0.9624	0.9622	0.9625	0.9623	0.953	0.9624	0.9627	0.9592	0.9628	0.9622	0.9622	0	0.9622	0.9623	0.9585	1.1563	0.9627	0.9622	0.9622	0.9622	0.9626	0.9604	1.0242	1.2037	0.9632	0.9625	0.9624	0.9622	0.9623	0.9625	0.9622	0.9621	0.9623	1.0963	0.9622	0.9626	0.9626	0.9566	0.9595	0.9623	0.963	0.9626	0.9625	0.9571	0.9622	0.9625	0.9622	0.9621	0.9623	0.8825	1.0326	0.9621
  Z	0.9637	0.9636	0.9605	0.9637	0.9631	0.9627	0.9624	0.9635	0.9325	0.9636	0.9616	0.9371	0.9635	0.9637	0.9636	0.9633	0.9636	0.9529	0.9636	0.9631	0.9552	0.9639	0.9636	0.9636	0.9622	0	0.9637	0.9589	0.9603	0.9636	0.9636	0.9636	0.9636	0.9635	0.9611	0.9571	0.9528	0.9641	0.9637	0.9636	0.9636	0.9637	0.9636	0.9636	0.9636	0.9637	1.4354	0.9636	0.9634	0.9637	0.9559	0.9608	0.9637	0.9639	0.9637	0.9627	0.9575	0.9636	0.9638	0.9636	0.9625	0.9637	0.8793	0.9541	0.9634
  [	0.9638	0.9637	0.9609	0.9637	0.9632	0.9628	0.9626	0.9636	0.9351	0.9637	0.9619	0.9393	0.9636	0.9638	0.9637	0.9635	0.9637	0.9537	0.9637	0.9633	0.9561	0.964	0.9636	0.9636	0.9623	0.9637	0	0.9594	0.9606	0.9637	0.9637	0.9637	0.9637	0.9636	0.9614	0.9576	0.9538	0.9642	0.9637	0.9637	0.9637	0.9637	0.9637	0.9637	0.9637	0.9637	0.9575	1.3076	0.9635	0.9637	0.9566	0.9611	0.9637	0.9645	0.9638	0.963	0.9581	0.9637	0.9638	0.9637	0.9627	0.9638	1.1779	0.9549	0.9635
  \	0.9595	0.9602	0.9607	1.2401	0.9593	1.4216	0.9701	0.9593	0.9376	0.9596	1.175	1.3989	0.9593	0.9619	0.9591	0.9614	0.959	6.1041	0.9596	0.962	1.4258	0.9602	0.959	0.9592	0.9585	0.9589	0.9594	0	0.96	0.9602	0.9591	0.9589	0.959	0.974	0.9594	0.9622	3.9921	0.9609	0.96	0.9596	0.9591	0.9594	0.96	0.9591	0.9598	0.9593	0.96	0.9594	0.9608	0.973	0.9944	1.1373	0.9591	0.9629	1.166	0.9607	0.9569	0.959	0.9598	0.9589	1.6678	0.9593	1.2181	0.954	1.2787
  ]	1.102	0.9614	1.6481	0.9604	0.9612	0.9616	1.4174	0.9609	2.2188	0.9607	0.9631	3.7045	0.9605	0.9612	0.9603	1.23	0.9605	0.9601	0.9607	0.9632	1.3223	0.9614	0.9602	0.9606	1.1563	0.9603	0.9606	0.96	0	1.0278	0.9603	1.4403	0.9603	0.9612	0.9618	1.0514	1.953	0.9628	0.9611	0.9607	0.9603	0.9604	0.9612	0.9602	0.9602	0.9606	3.6954	0.9607	0.9623	0.9615	1.9178	0.9592	0.9603	0.9619	0.9628	2.0185	1.1279	0.9602	1.3044	0.9602	1.4798	0.961	5.5184	3.9084	0.9605
  ^	0.9637	0.9636	0.9638	0.9639	0.9637	0.9664	0.9774	0.9635	0.9362	0.9636	0.962	2.6904	0.9635	0.9638	0.9636	0.9637	0.9638	1.0957	0.9636	0.9633	0.9573	0.9645	0.9636	0.9637	0.9627	0.9636	0.9637	0.9602	1.0278	0	0.9636	0.9636	0.9637	0.9636	0.9614	0.9593	1.2081	0.9651	0.9637	0.9636	0.9636	0.9637	0.9636	0.9636	0.9636	0.9636	1.2763	0.9636	0.9635	0.9638	0.9575	0.9614	0.9636	0.9645	0.9639	0.9634	0.9585	0.9636	0.964	0.9636	1.9175	0.9637	0.931	0.9562	0.9635
  _	0.9637	0.9636	0.9629	0.9637	0.9631	0.9627	0.9623	0.9635	0.9326	0.9636	0.9616	0.9374	0.9635	0.9637	0.9636	0.9634	0.9636	0.9529	0.9637	0.9631	0.9554	0.9639	0.9636	0.9636	0.9622	0.9636	0.9637	0.9591	0.9603	0.9636	0	0.9636	0.9637	0.9636	0.9611	0.9572	1.4266	0.9641	0.9637	0.9637	0.9636	0.9637	0.9636	0.9636	0.9636	0.9637	0.957	0.9636	0.9634	0.9637	0.956	0.9608	0.9637	0.9639	0.9637	0.9627	0.9575	0.9637	0.9638	0.9637	0.9626	0.9637	0.8804	0.9542	0.9634
  `	0.9637	0.9636	0.9605	0.9637	0.9631	0.9627	0.9623	0.9635	0.9322	0.9637	0.9616	0.937	0.9635	0.9637	0.9636	0.9634	0.9636	0.9527	0.9637	0.9631	0.9552	0.9639	0.9636	0.9636	0.9622	0.9636	0.9637	0.9589	1.4403	0.9636	0.9636	0	0.9637	0.9635	0.961	0.957	0.9527	0.9641	0.9637	0.9637	0.9636	0.9637	0.9636	0.9636	0.9636	0.9637	0.9569	0.9636	0.9634	0.9637	0.9558	0.9608	0.9637	0.9639	0.9638	0.9627	0.9575	0.9637	0.9638	0.9637	0.9626	0.9637	0.8789	0.9541	0.9634
  a	0.9637	0.9636	0.9606	0.9637	0.9631	0.9627	0.9624	0.9635	0.9325	0.9637	0.9616	0.9371	0.9635	0.9637	0.9637	0.9634	0.9636	0.9529	0.9637	0.9631	0.9552	0.9639	0.9636	0.9636	0.9622	0.9636	0.9637	0.959	0.9603	0.9637	0.9637	0.9637	0	0.9635	0.9611	0.9571	0.9528	0.9641	0.9637	0.9637	0.9637	0.9637	0.9636	0.9636	0.9636	0.9637	1.4359	0.9636	0.9634	0.9637	0.9559	0.9608	0.9637	0.9639	0.9638	0.9628	0.9575	0.9637	0.9638	0.9637	0.9625	0.9637	0.8793	0.9542	0.9635
  b	0.9636	0.9636	0.9729	0.9636	0.9633	0.9631	0.9626	0.9635	0.9919	0.9636	0.9621	0.9435	0.9635	0.9642	0.9636	1.0188	0.9635	0.9552	0.9636	0.9632	3.4137	0.9639	0.9635	0.9635	0.9626	0.9635	0.9636	0.974	0.9612	0.9636	0.9636	0.9635	0.9635	0	0.9615	0.9583	3.1247	0.9644	0.9636	0.9636	0.9636	0.9637	0.9636	0.9635	0.9635	0.9636	0.9586	0.9635	0.9637	1.3374	0.9573	0.9611	1.0594	0.9639	0.9637	0.9639	0.959	0.9635	0.9637	0.9635	0.9631	0.9636	1.417	1.1101	0.9634
  c	0.9615	0.9619	0.9618	0.9611	0.961	0.9623	0.9901	0.9613	2.32	0.9614	0.9621	0.9515	0.9611	0.9617	0.9611	0.9629	0.9611	0.9575	0.9614	0.9887	0.9828	0.9616	0.9611	0.9611	0.9604	0.9611	0.9614	0.9594	0.9618	0.9614	0.9611	0.961	0.9611	0.9615	0	0.9593	0.9587	0.9617	0.9617	0.9614	0.9611	0.9611	0.9765	0.9611	0.961	0.9613	0.9876	0.9613	1.1018	0.9617	0.9601	0.9599	0.9611	0.9618	0.9617	0.9643	1.0553	0.961	0.9613	0.9611	0.9619	0.9614	4.9103	0.9581	0.9612
  d	0.9577	0.9587	0.9626	0.9575	2.4764	1.3895	0.9618	1.4367	0.9454	0.9579	0.9595	8.4438	0.9648	0.9583	0.9574	0.959	0.9571	0.9639	0.9579	0.9614	0.959	0.9597	0.9571	0.9578	1.0242	0.9571	0.9576	0.9622	1.0514	0.9593	0.9572	0.957	0.9571	0.9583	0.9593	0	1.6653	0.9608	0.9584	0.9579	0.9572	1.0611	0.9585	0.9571	0.957	0.9575	6.6922	0.9576	0.9595	0.9831	2.6761	0.9558	0.9572	1.0234	0.9585	2.3981	1.438	0.957	0.9581	0.957	0.9603	0.9574	0.921	4.6605	0.9573
  e	0.9544	0.9557	4.9231	0.9536	1.2307	4.7127	0.9634	0.954	0.9619	0.9541	0.9603	5.345	1.9348	1.032	1.4295	1.5876	1.4276	6.2649	0.9541	0.9606	10.1924	0.9809	1.4292	1.0004	1.2037	0.9528	0.9538	3.9921	1.953	1.2081	1.4266	0.9527	0.9528	3.1247	0.9587	1.6653	0	1.952	0.9557	0.9541	1.4292	1.2021	0.9561	1.428	0.9527	0.9536	10.9068	0.9539	1.2907	1.2586	1.7176	0.9541	1.1959	1.0067	0.9554	0.9671	1.4287	0.9527	0.9659	0.9526	2.6039	0.9535	13.0061	1.9277	1.4305
  f	0.9642	0.964	1.1331	0.9643	0.9642	0.9637	0.9632	0.9643	0.9366	0.9641	0.9624	1.2407	0.9643	0.9643	0.9641	0.9643	0.9641	0.955	0.9641	0.9635	1.4337	0.9648	0.9641	0.9643	0.9632	0.9641	0.9642	0.9609	0.9628	0.9651	0.9641	0.9641	0.9641	0.9644	0.9617	0.9608	1.952	0	0.9644	0.9641	0.9641	0.9643	0.9642	0.9641	0.9641	0.9641	0.9601	0.9641	0.9646	0.9643	0.9586	0.9617	0.9642	0.9648	0.9643	0.9643	0.9592	0.9642	0.9643	0.9641	1.1226	0.9642	1.2501	0.9583	0.964
  g	0.9638	0.9637	0.9663	0.9637	0.9633	0.963	0.9628	0.9636	0.9388	0.9637	0.9622	0.9424	0.9636	0.9638	0.9637	0.9635	0.9637	0.9551	0.9637	0.9637	0.9573	0.964	0.9636	0.9636	0.9625	0.9637	0.9637	0.96	0.9611	0.9637	0.9637	0.9637	0.9637	0.9636	0.9617	0.9584	0.9557	0.9644	0	0.9637	0.9637	0.9637	1.167	0.9637	0.9637	0.9637	0.9584	0.9637	0.9641	0.9638	0.9576	0.9614	0.9637	0.964	0.9638	0.9631	0.9588	0.9637	0.9638	0.9637	0.9629	0.9637	1.7099	0.9561	0.9635
  h	0.9637	0.9636	0.961	0.9637	0.9632	0.9628	0.9625	0.9636	0.9361	0.9637	0.962	0.9403	0.9635	0.9637	0.9637	0.9635	0.9636	0.9541	0.9637	0.9632	0.9564	0.9639	0.9636	0.9636	0.9624	0.9636	0.9637	0.9596	0.9607	0.9636	0.9637	0.9637	0.9637	0.9636	0.9614	0.9579	0.9541	0.9641	0.9637	0	0.9637	0.9637	0.9637	0.9636	0.9636	0.9637	0.9578	0.9636	0.9635	0.9637	0.9568	0.9612	0.9637	0.9639	0.9638	0.963	0.9583	0.9637	0.9638	0.9637	0.9627	0.9637	1.333	0.9553	0.9635
  i	0.9637	0.9636	0.9606	0.9637	0.9631	0.9627	0.9623	0.9635	0.9326	0.9636	0.9616	0.9374	0.9635	0.9637	0.9636	0.9634	0.9636	0.9529	0.9637	0.9631	0.9553	0.9639	0.9636	0.9636	0.9622	0.9636	0.9637	0.9591	0.9603	0.9636	0.9636	0.9636	0.9637	0.9636	0.9611	0.9572	1.4292	0.9641	0.9637	0.9637	0	0.9637	0.9636	0.9636	0.9636	0.9637	0.957	0.9636	0.9634	0.9637	0.956	0.9608	0.9637	0.9639	0.9637	0.9627	0.9575	0.9636	0.9638	0.9637	0.9626	0.9637	0.8798	0.9542	0.9634
  j	0.9637	0.9636	0.9608	0.9637	0.9992	0.9632	0.9624	0.9636	0.9328	0.9637	0.9617	1.0423	0.9636	0.9638	0.9637	0.9635	0.9637	0.9533	0.9637	0.9632	0.9562	0.964	0.9637	0.9636	0.9623	0.9637	0.9637	0.9594	0.9604	0.9637	0.9637	0.9637	0.9637	0.9637	0.9611	1.0611	1.2021	0.9643	0.9637	0.9637	0.9637	0	0.9637	0.9637	0.9637	0.9637	0.965	0.9636	0.9635	0.9638	0.9563	0.9609	0.9638	0.964	0.9638	0.9629	0.9577	0.9637	0.9638	0.9637	0.9627	0.9637	0.8806	0.9556	0.9635
  k	0.9637	0.9637	0.9619	0.9637	0.9632	0.9629	0.9641	0.9635	1.005	0.9637	0.9623	0.9429	0.9635	0.9637	0.9636	0.9636	0.9636	0.9552	0.9637	1.2103	0.9575	0.9687	0.9636	0.9636	0.9625	0.9636	0.9637	0.96	0.9612	0.9636	0.9636	0.9636	0.9636	0.9636	0.9765	0.9585	0.9561	0.9642	1.167	0.9637	0.9636	0.9637	0	0.9636	0.9636	0.9637	0.9586	0.9636	0.9805	0.9637	0.9581	0.9614	0.9637	0.964	0.9638	0.9632	0.9589	0.9636	0.9638	0.9636	0.9629	0.9637	1.8234	0.9563	0.9635
  l	0.9637	0.9636	0.9606	0.9637	0.9631	0.9627	0.9623	0.9635	0.9326	0.9636	0.9616	0.9374	0.9635	0.9637	0.9636	0.9633	0.9636	0.9529	0.9636	0.9631	0.9553	0.9639	0.9636	0.9635	0.9622	0.9636	0.9637	0.9591	0.9602	0.9636	0.9636	0.9636	0.9636	0.9635	0.9611	0.9571	1.428	0.9641	0.9637	0.9636	0.9636	0.9637	0.9636	0	0.9636	0.9637	0.957	0.9636	0.9634	0.9637	0.956	0.9608	0.9637	0.9639	0.9637	0.9627	0.9575	0.9636	0.9637	0.9636	0.9626	0.9637	0.8809	0.9542	0.9634
  m	0.9637	0.9636	0.9605	0.9647	0.9631	0.9626	0.9623	0.9635	0.932	0.9636	0.9616	0.9369	0.9635	0.9637	0.9636	0.9634	0.9636	0.9527	0.9636	0.9631	0.9551	0.9639	0.9636	0.9635	0.9621	0.9636	0.9637	0.9598	0.9602	0.9636	0.9636	0.9636	0.9636	0.9635	0.961	0.957	0.9527	0.9641	0.9637	0.9636	0.9636	0.9637	0.9636	0.9636	0	0.9637	0.9568	0.9636	0.9633	0.9637	0.9558	0.9608	0.9637	0.9639	0.9678	0.9627	0.9574	0.9636	0.9638	0.9636	1.4564	0.9637	0.8784	0.954	0.9634
  n	0.9638	0.9637	0.9609	0.9637	0.9632	0.9628	0.9625	0.9636	0.9346	0.9637	0.9619	0.9388	0.9635	0.9637	0.9637	1.241	0.9637	0.9535	0.9637	0.9633	0.9559	0.9639	0.9636	0.9636	0.9623	0.9637	0.9637	0.9593	0.9606	0.9636	0.9637	0.9637	0.9637	0.9636	0.9613	0.9575	0.9536	0.9641	0.9637	0.9637	0.9637	0.9637	0.9637	0.9637	0.9637	0	0.9574	0.9636	0.9634	0.9637	0.9565	0.961	0.9637	0.9639	0.9639	0.9629	0.9579	0.9637	0.9638	0.9637	0.9628	0.9638	1.1101	0.9548	0.9635
  o	0.958	0.9589	1.0288	0.9579	3.6128	2.1441	1.0874	0.9577	1.4776	0.9578	0.9606	7.003	0.9583	0.9938	1.3068	0.96	2.3958	1.4643	0.9578	0.962	0.9774	0.9594	0.957	2.1011	1.0963	1.4354	0.9575	0.96	3.6954	1.2763	0.957	0.9569	1.4359	0.9586	0.9876	6.6922	10.9068	0.9601	0.9584	0.9578	0.957	0.965	0.9586	0.957	0.9568	0.9574	0	0.9575	1.013	0.9612	2.349	0.9578	0.9572	0.9616	0.9586	2.3909	1.0382	0.9568	1.3385	0.9569	1.0424	0.9575	2.9287	2.5565	1.438
  p	0.9637	0.9636	0.9609	0.9636	0.9631	0.9627	0.9625	0.9635	0.9352	0.9636	0.9619	0.9397	0.9635	0.9637	0.9636	0.9634	0.9636	0.9537	0.9636	0.9633	0.9561	0.9642	0.9635	0.9635	0.9622	0.9636	1.3076	0.9594	0.9607	0.9636	0.9636	0.9636	0.9636	0.9635	0.9613	0.9576	0.9539	0.9641	0.9637	0.9636	0.9636	0.9636	0.9636	0.9636	0.9636	0.9636	0.9575	0	0.9634	0.9637	0.9566	0.961	0.9636	1.9291	0.9638	0.9629	0.958	0.9636	0.9637	0.9636	1.4442	0.9637	1.1779	0.9549	0.9634
  q	0.9635	0.9635	1.2564	0.9634	0.9632	0.9631	1.37	0.9633	0.9473	0.9634	0.963	1.0507	0.9633	0.9637	0.9634	0.9636	0.9634	0.957	0.9635	0.9934	1.4357	1.0507	0.9633	0.9634	0.9626	0.9634	0.9635	0.9608	0.9623	0.9635	0.9634	0.9634	0.9634	0.9637	1.1018	0.9595	1.2907	0.9646	0.9641	0.9635	0.9634	0.9635	0.9805	0.9634	0.9633	0.9634	1.013	0.9634	0	0.9636	1.1229	0.9615	0.9634	0.964	0.9636	0.9901	0.9637	0.9634	0.9636	0.9634	0.9632	0.9635	2.8142	0.9583	0.9633
  r	0.9638	0.9637	0.9667	0.9638	0.9635	0.9635	0.9628	0.9636	0.9392	0.9637	0.9623	1.2231	0.9637	0.9638	0.9637	0.9637	0.9637	0.9741	0.9637	0.9633	0.9593	0.9641	0.9637	0.9636	0.9626	0.9637	0.9637	0.973	0.9615	0.9638	0.9637	0.9637	0.9637	1.3374	0.9617	0.9831	1.2586	0.9643	0.9638	0.9637	0.9637	0.9638	0.9637	0.9637	0.9637	0.9637	0.9612	0.9637	0.9636	0	1.0079	0.9617	0.9638	0.9692	0.9638	0.9634	0.9591	0.9637	0.9639	0.9637	0.9631	0.9638	1.798	0.9572	0.9636
  s	0.9573	0.958	1.1041	0.9562	0.9567	0.9581	1.0464	0.9568	1.4765	0.957	0.9778	5.961	0.9666	0.9572	0.9559	0.9588	0.956	1.0131	0.9569	0.9614	0.9881	0.9579	0.956	0.9562	0.9566	0.9559	0.9566	0.9944	1.9178	0.9575	0.956	0.9558	0.9559	0.9573	0.9601	2.6761	1.7176	0.9586	0.9576	0.9568	0.956	0.9563	0.9581	0.956	0.9558	0.9565	2.349	0.9566	1.1229	1.0079	0	0.9556	0.956	0.9794	0.9576	2.1308	0.9589	0.9558	0.9571	0.9558	0.9601	0.9565	12.4964	1.638	0.9563
  t	0.9611	0.9615	0.9598	0.9612	0.9604	1.5483	0.9621	0.9609	0.9341	0.9612	0.9604	0.9857	0.9608	0.9631	0.9608	0.9615	0.9608	7.2269	0.9612	0.9623	0.9562	0.9617	0.9608	0.9608	0.9595	0.9608	0.9611	1.1373	0.9592	0.9614	0.9608	0.9608	0.9608	0.9611	0.9599	0.9558	0.9541	0.9617	0.9614	0.9612	0.9608	0.9609	0.9614	0.9608	0.9608	0.961	0.9578	0.961	0.9615	0.9617	0.9556	0	0.9609	0.9618	0.9615	0.9611	0.9566	0.9608	0.9617	0.9608	0.9618	0.961	0.8825	0.9529	0.9608
  u	0.9637	0.9636	0.9607	0.9637	0.9632	0.9628	0.9623	0.9636	0.9326	0.9637	0.9617	0.9382	0.9636	0.9638	0.9637	0.9634	0.9637	0.9529	0.9637	0.9632	1.043	0.964	0.9636	0.9636	0.9623	0.9637	0.9637	0.9591	0.9603	0.9636	0.9637	0.9637	0.9637	1.0594	0.9611	0.9572	1.1959	0.9642	0.9637	0.9637	0.9637	0.9638	0.9637	0.9637	0.9637	0.9637	0.9572	0.9636	0.9634	0.9638	0.956	0.9609	0	0.964	0.9638	0.9629	0.9576	0.9637	0.9638	0.9637	0.9626	0.9637	0.88	1.1201	0.9635
  v	0.964	0.9638	0.9622	0.964	0.9639	0.9637	0.9631	0.964	0.9392	0.9639	0.9624	1.651	0.964	0.964	0.9639	0.9639	0.9639	0.9596	0.9639	0.9634	0.9592	1.2224	0.9639	0.964	0.963	0.9639	0.9645	0.9629	0.9619	0.9645	0.9639	0.9639	0.9639	0.9639	0.9618	1.0234	1.0067	0.9648	0.964	0.9639	0.9639	0.964	0.964	0.9639	0.9639	0.9639	0.9616	1.9291	0.964	0.9692	0.9794	0.9618	0.964	0	0.964	0.9639	0.9594	0.9639	0.9641	0.9639	0.9632	0.964	1.7954	0.9587	0.9638
  w	0.9648	0.9637	0.9615	1.22	0.9633	0.9631	1.01	0.9637	0.9391	0.9638	0.9628	1.0137	0.9636	0.9638	0.9637	0.9639	0.9637	0.956	0.9638	0.9634	0.9574	0.964	0.9637	0.9637	0.9626	0.9637	0.9638	1.166	0.9628	0.9639	0.9637	0.9638	0.9638	0.9637	0.9617	0.9585	0.9554	0.9643	0.9638	0.9638	0.9637	0.9638	0.9638	0.9637	0.9678	0.9639	0.9586	0.9638	0.9636	0.9638	0.9576	0.9615	0.9638	0.964	0	0.9633	0.9589	0.9638	0.9639	0.9638	1.8234	1.103	1.7462	0.9562	0.9637
  x	0.9632	0.9633	0.9869	0.9628	0.9635	0.9631	0.9642	0.9631	0.9633	0.963	0.9632	2.6731	0.9628	0.9633	0.9628	0.9637	0.9628	0.9578	0.963	0.9644	1.4193	0.9635	0.9627	0.9628	0.9625	0.9627	0.963	0.9607	2.0185	0.9634	0.9627	0.9627	0.9628	0.9639	0.9643	2.3981	0.9671	0.9643	0.9631	0.963	0.9627	0.9629	0.9632	0.9627	0.9627	0.9629	2.3909	0.9629	0.9901	0.9634	2.1308	0.9611	0.9629	0.9639	0.9633	0	0.9958	0.9627	0.9634	0.9627	0.9636	0.9629	2.8384	3.7413	0.9628
  y	0.9583	1.0433	0.9612	0.9579	0.9579	0.9665	1.0469	0.9581	2.1819	0.9583	0.9603	2.2447	0.9577	1.0117	0.9575	0.9597	0.9576	1.2981	0.9583	0.9619	1.2791	0.9588	0.9575	0.9579	0.9571	0.9575	0.9581	0.9569	1.1279	0.9585	0.9575	0.9575	0.9575	0.959	1.0553	1.438	1.4287	0.9592	0.9588	0.9583	0.9575	0.9577	0.9589	0.9575	0.9574	0.9579	1.0382	0.958	0.9637	0.9591	0.9589	0.9566	0.9576	0.9594	0.9589	0.9958	0	0.9574	0.9581	0.9575	0.9672	0.958	2.9976	1.0777	0.9577
  z	0.9637	0.9636	0.9605	0.9637	0.9631	0.9627	0.9623	0.9635	0.9321	0.9637	0.9616	0.9368	0.9635	0.9637	0.9636	1.0219	0.9636	0.9527	0.9637	0.9631	0.9552	0.9639	0.9636	0.9636	0.9622	0.9636	0.9637	0.959	0.9602	0.9636	0.9637	0.9637	0.9637	0.9635	0.961	0.957	0.9527	0.9642	0.9637	0.9637	0.9636	0.9637	0.9636	0.9636	0.9636	0.9637	0.9568	0.9636	0.9634	0.9637	0.9558	0.9608	0.9637	0.9639	0.9638	0.9627	0.9574	0	0.9638	0.9637	1.3923	0.9637	0.8784	0.954	0.9634
  {	0.9639	0.9637	0.9613	0.9641	0.9636	0.9638	0.9629	0.9637	0.9372	0.9638	0.9619	0.9917	0.9637	0.964	0.9638	0.9637	0.9639	1.1567	0.9638	0.9634	0.9569	0.9642	0.9637	0.9638	0.9625	0.9638	0.9638	0.9598	1.3044	0.964	0.9638	0.9638	0.9638	0.9637	0.9613	0.9581	0.9659	0.9643	0.9638	0.9638	0.9638	0.9638	0.9638	0.9637	0.9638	0.9638	1.3385	0.9637	0.9636	0.9639	0.9571	0.9617	0.9638	0.9641	0.9639	0.9634	0.9581	0.9638	0	0.9638	0.9631	0.9638	0.9509	0.9562	0.9636
  |	0.9637	0.9636	0.9605	0.9637	0.9631	0.9627	1.4435	0.9635	0.9321	0.9637	0.9616	0.9368	0.9635	0.9637	0.9636	0.9634	0.9636	0.9527	0.9637	0.9631	0.9551	0.964	0.9636	0.9636	0.9622	0.9636	0.9637	0.9589	0.9602	0.9636	0.9637	0.9637	0.9637	0.9635	0.9611	0.957	0.9526	0.9641	0.9637	0.9637	0.9637	0.9637	0.9636	0.9636	0.9636	0.9637	0.9569	0.9636	0.9634	0.9637	0.9558	0.9608	0.9637	0.9639	0.9638	0.9627	0.9575	0.9637	0.9638	0	0.9625	0.9637	0.8785	0.954	0.9635
  }	0.963	0.9629	0.966	1.1052	0.9628	1.0769	0.9872	0.9626	0.9473	0.9627	1.5845	1.6338	0.9627	0.9664	0.9628	2.9385	0.9627	1.9666	0.9627	0.9632	0.9668	0.9632	0.9626	0.9626	0.9621	0.9625	0.9627	1.6678	1.4798	1.9175	0.9626	0.9626	0.9625	0.9631	0.9619	0.9603	2.6039	1.1226	0.9629	0.9627	0.9626	0.9627	0.9629	0.9626	1.4564	0.9628	1.0424	1.4442	0.9632	0.9631	0.9601	0.9618	0.9626	0.9632	1.8234	0.9636	0.9672	1.3923	0.9631	0.9625	0	0.9628	4.0046	0.9592	0.9629
  ~	0.9639	0.9637	0.9609	0.9638	0.9632	0.9628	1.2932	0.9636	0.9351	0.9637	0.962	0.9388	0.9636	0.9638	0.9637	0.9635	0.9637	0.9535	0.9637	0.9633	0.9559	0.964	0.9637	0.9636	0.9623	0.9637	0.9638	0.9593	0.961	0.9637	0.9637	0.9637	0.9637	0.9636	0.9614	0.9574	0.9535	0.9642	0.9637	0.9637	0.9637	0.9637	0.9637	0.9637	0.9637	0.9638	0.9575	0.9637	0.9635	0.9638	0.9565	0.961	0.9637	0.964	1.103	0.9629	0.958	0.9637	0.9638	0.9637	0.9628	0	1.0821	0.9547	0.9635
  	1.2156	1.9814	6.5944	0.8817	0.8838	1.3318	8.2115	0.9578	71.6986	1.3325	5.3518	7.8977	0.8831	1.3667	0.8795	2.3174	0.8796	2.1666	1.3338	10.7214	5.5442	1.2145	0.8798	0.9017	0.8825	0.8793	1.1779	1.2181	5.5184	0.931	0.8804	0.8789	0.8793	1.417	4.9103	0.921	13.0061	1.2501	1.7099	1.333	0.8798	0.8806	1.8234	0.8809	0.8784	1.1101	2.9287	1.1779	2.8142	1.798	12.4964	0.8825	0.88	1.7954	1.7462	2.8384	2.9976	0.8784	0.9509	0.8785	4.0046	1.0821	0	2.1967	1.0089
  	0.9555	0.9567	0.9622	0.9546	1.4334	0.956	0.9606	1.9002	1.5526	0.9553	0.9587	8.5624	0.955	0.9562	0.9542	0.9574	0.9543	0.9536	0.9553	0.9607	3.2595	0.9568	0.9542	0.9546	1.0326	0.9541	0.9549	0.954	3.9084	0.9562	0.9542	0.9541	0.9542	1.1101	0.9581	4.6605	1.9277	0.9583	0.9561	0.9553	0.9542	0.9556	0.9563	0.9542	0.954	0.9548	2.5565	0.9549	0.9583	0.9572	1.638	0.9529	1.1201	0.9587	0.9562	3.7413	1.0777	0.954	0.9562	0.954	0.9592	0.9547	2.1967	0	0.9545
  	0.9635	0.9635	0.9609	0.9635	0.963	0.9626	0.9675	0.9633	0.934	0.9635	1.0921	0.9418	0.9633	0.9636	0.9634	0.9633	0.9634	0.9536	0.9635	0.9632	0.9558	0.9638	0.9634	0.9634	0.9621	0.9634	0.9635	1.2787	0.9605	0.9635	0.9634	0.9634	0.9635	0.9634	0.9612	0.9573	1.4305	0.964	0.9635	0.9635	0.9634	0.9635	0.9635	0.9634	0.9634	0.9635	1.438	0.9634	0.9633	0.9636	0.9563	0.9608	0.9635	0.9638	0.9637	0.9628	0.9577	0.9634	0.9636	0.9635	0.9629	0.9635	1.0089	0.9545	0

Actual rates from j->i (Q_ij):
	A	B	C	D	E	F	G	H	I	J	K	L	M	N	O	P	Q	R	S	T	U	V	W	X	Y	Z	[	\	]	^	_	`	a	b	c	d	e	f	g	h	i	j	k	l	m	n	o	p	q	r	s	t	u	v	w	x	y	z	{	|	}	~			
  A	0	0.0175	0.0174	0.0175	0.0175	0.0174	0.0175	0.0175	0.017	0.0175	0.0174	0.017	0.0175	0.0175	0.0175	0.0175	0.0175	0.0173	0.0175	0.0175	0.0173	0.0175	0.0175	0.0175	0.0174	0.0175	0.0175	0.0174	0.02	0.0175	0.0175	0.0175	0.0175	0.0175	0.0174	0.0174	0.0173	0.0175	0.0175	0.0175	0.0175	0.0175	0.0175	0.0175	0.0175	0.0175	0.0174	0.0175	0.0175	0.0175	0.0173	0.0174	0.0175	0.0175	0.0175	0.0175	0.0174	0.0175	0.0175	0.0175	0.0174	0.0175	0.022	0.0173	0.0175
  B	0.0143	0	0.0143	0.0143	0.0143	0.0143	0.0143	0.0143	0.0175	0.0143	0.0143	0.014	0.0143	0.0143	0.0143	0.0143	0.0143	0.0142	0.0143	0.0143	0.0142	0.0143	0.0143	0.0143	0.0143	0.0143	0.0143	0.0143	0.0143	0.0143	0.0143	0.0143	0.0143	0.0143	0.0143	0.0142	0.0142	0.0143	0.0143	0.0143	0.0143	0.0143	0.0143	0.0143	0.0143	0.0143	0.0142	0.0143	0.0143	0.0143	0.0142	0.0143	0.0143	0.0143	0.0143	0.0143	0.0155	0.0143	0.0143	0.0143	0.0143	0.0143	0.0294	0.0142	0.0143
  C	0.0083	0.0083	0	0.0082	0.0083	0.01	0.0086	0.0082	0.0088	0.0083	0.0083	0.0127	0.0082	0.0083	0.0082	0.0083	0.0082	0.0085	0.0082	0.0089	0.0183	0.0083	0.0082	0.0083	0.0082	0.0082	0.0082	0.0082	0.0141	0.0083	0.0083	0.0082	0.0082	0.0084	0.0083	0.0083	0.0423	0.0097	0.0083	0.0082	0.0082	0.0082	0.0083	0.0082	0.0082	0.0082	0.0088	0.0082	0.0108	0.0083	0.0095	0.0082	0.0082	0.0083	0.0083	0.0085	0.0083	0.0082	0.0083	0.0082	0.0083	0.0082	0.0566	0.0083	0.0082
  D	0.0188	0.0188	0.0187	0	0.0187	0.0187	0.0187	0.0188	0.0182	0.0188	0.0187	0.0203	0.0188	0.0188	0.0188	0.0188	0.0188	0.0651	0.0188	0.0187	0.0186	0.0188	0.0188	0.0188	0.0187	0.0188	0.0188	0.0241	0.0187	0.0188	0.0188	0.0188	0.0188	0.0188	0.0187	0.0186	0.0186	0.0188	0.0188	0.0188	0.0188	0.0188	0.0188	0.0188	0.0188	0.0188	0.0186	0.0188	0.0188	0.0188	0.0186	0.0187	0.0188	0.0188	0.0237	0.0187	0.0186	0.0188	0.0188	0.0188	0.0215	0.0188	0.0172	0.0186	0.0188
  E	0.0184	0.0184	0.0184	0.0184	0	0.0184	0.0184	0.0184	0.0179	0.0184	0.0184	0.0327	0.0184	0.0184	0.0215	0.0184	0.0184	0.0183	0.0184	0.0184	0.0183	0.0184	0.0184	0.0242	0.0184	0.0184	0.0184	0.0184	0.0184	0.0184	0.0184	0.0184	0.0184	0.0184	0.0184	0.0474	0.0236	0.0185	0.0184	0.0184	0.0184	0.0191	0.0184	0.0184	0.0184	0.0184	0.0692	0.0184	0.0184	0.0184	0.0183	0.0184	0.0184	0.0185	0.0184	0.0184	0.0183	0.0184	0.0184	0.0184	0.0184	0.0184	0.0169	0.0274	0.0184
  F	0.0159	0.0159	0.0193	0.0159	0.0159	0	0.017	0.0159	0.0156	0.0159	0.0159	0.0208	0.0159	0.016	0.0159	0.0181	0.0159	0.0756	0.0159	0.0159	0.0159	0.0168	0.0159	0.0159	0.0159	0.0159	0.0159	0.0235	0.0159	0.016	0.0159	0.0159	0.0159	0.0159	0.0159	0.023	0.0779	0.0159	0.0159	0.0159	0.0159	0.0159	0.0159	0.0159	0.0159	0.0159	0.0354	0.0159	0.0159	0.0159	0.0158	0.0256	0.0159	0.0159	0.0159	0.0159	0.016	0.0159	0.0159	0.0159	0.0178	0.0159	0.022	0.0158	0.0159
  G	0.0068	0.0068	0.0071	0.0068	0.0068	0.0073	0	0.0068	0.0163	0.0068	0.0076	0.009	0.0068	0.0068	0.0068	0.0068	0.0068	0.0094	0.0068	0.0068	0.0068	0.0082	0.0068	0.0068	0.0068	0.0068	0.0068	0.0069	0.01	0.0069	0.0068	0.0068	0.0068	0.0068	0.007	0.0068	0.0068	0.0068	0.0068	0.0068	0.0068	0.0068	0.0068	0.0068	0.0068	0.0068	0.0077	0.0068	0.0097	0.0068	0.0074	0.0068	0.0068	0.0068	0.0071	0.0068	0.0074	0.0068	0.0068	0.0102	0.007	0.0092	0.0581	0.0068	0.0068
  H	0.0177	0.0177	0.0176	0.0177	0.0177	0.0177	0.0177	0	0.0248	0.0177	0.0176	0.0259	0.0177	0.0177	0.0177	0.0177	0.0177	0.0175	0.0177	0.0177	0.0175	0.0177	0.0177	0.0177	0.0177	0.0177	0.0177	0.0176	0.0176	0.0177	0.0177	0.0177	0.0177	0.0177	0.0176	0.0264	0.0175	0.0177	0.0177	0.0177	0.0177	0.0177	0.0177	0.0177	0.0177	0.0177	0.0176	0.0177	0.0177	0.0177	0.0176	0.0176	0.0177	0.0177	0.0177	0.0177	0.0176	0.0177	0.0177	0.0177	0.0177	0.0177	0.0176	0.0349	0.0177
  I	0.0018	0.0022	0.0019	0.0018	0.0018	0.0018	0.0044	0.0026	0	0.0018	0.0028	0.0043	0.0018	0.002	0.0018	0.0023	0.0018	0.0022	0.0018	0.0019	0.0025	0.0018	0.0018	0.0018	0.0018	0.0018	0.0018	0.0018	0.0042	0.0018	0.0018	0.0018	0.0018	0.0019	0.0044	0.0018	0.0018	0.0018	0.0018	0.0018	0.0018	0.0018	0.0019	0.0018	0.0018	0.0018	0.0028	0.0018	0.0018	0.0018	0.0028	0.0018	0.0018	0.0018	0.0018	0.0018	0.0042	0.0018	0.0018	0.0018	0.0018	0.0018	0.1364	0.003	0.0018
  J	0.0169	0.0169	0.0169	0.0169	0.0169	0.0169	0.0169	0.0169	0.0164	0	0.0169	0.0165	0.0169	0.0169	0.0169	0.0169	0.0169	0.0167	0.0169	0.0169	0.0168	0.0169	0.0169	0.0169	0.0169	0.0169	0.0169	0.0168	0.0168	0.0169	0.0169	0.0169	0.0169	0.0169	0.0169	0.0168	0.0167	0.0169	0.0169	0.0169	0.0169	0.0169	0.0169	0.0169	0.0169	0.0169	0.0168	0.0169	0.0169	0.0169	0.0168	0.0169	0.0169	0.0169	0.0169	0.0169	0.0168	0.0169	0.0169	0.0169	0.0169	0.0169	0.0234	0.0168	0.0169
  K	0.0088	0.0088	0.0088	0.0088	0.0088	0.0088	0.0099	0.0088	0.0135	0.0088	0	0.0088	0.0088	0.0088	0.0088	0.0088	0.0088	0.0087	0.0088	0.0088	0.0097	0.0088	0.0088	0.0088	0.0088	0.0088	0.0088	0.0107	0.0088	0.0088	0.0088	0.0088	0.0088	0.0088	0.0088	0.0087	0.0088	0.0088	0.0088	0.0088	0.0088	0.0088	0.0088	0.0088	0.0088	0.0088	0.0088	0.0088	0.0088	0.0088	0.0089	0.0088	0.0088	0.0088	0.0088	0.0088	0.0088	0.0088	0.0088	0.0088	0.0144	0.0088	0.0488	0.0087	0.01
  L	0.0075	0.0075	0.0117	0.0083	0.0136	0.01	0.0101	0.0112	0.018	0.0075	0.0076	0	0.0108	0.0075	0.0074	0.0101	0.0074	0.0133	0.0075	0.0076	0.0875	0.0094	0.0074	0.011	0.0095	0.0074	0.0075	0.0111	0.0294	0.0213	0.0074	0.0074	0.0074	0.0075	0.0075	0.067	0.0424	0.0098	0.0075	0.0075	0.0074	0.0083	0.0075	0.0074	0.0074	0.0074	0.0556	0.0075	0.0083	0.0097	0.0473	0.0078	0.0074	0.0131	0.008	0.0212	0.0178	0.0074	0.0079	0.0074	0.013	0.0074	0.0627	0.0679	0.0075
  M	0.0185	0.0185	0.0184	0.0185	0.0184	0.0184	0.0184	0.0185	0.0179	0.0185	0.0184	0.0261	0	0.0185	0.0185	0.0184	0.0185	0.0183	0.0185	0.0184	0.0183	0.0185	0.0185	0.0185	0.0184	0.0185	0.0185	0.0184	0.0184	0.0185	0.0185	0.0185	0.0185	0.0185	0.0184	0.0185	0.0371	0.0185	0.0185	0.0185	0.0185	0.0185	0.0185	0.0185	0.0185	0.0185	0.0184	0.0185	0.0184	0.0185	0.0185	0.0184	0.0185	0.0185	0.0185	0.0184	0.0183	0.0185	0.0185	0.0185	0.0184	0.0185	0.0169	0.0183	0.0184
  N	0.0165	0.0165	0.0165	0.0165	0.0165	0.0166	0.0165	0.0165	0.0178	0.0165	0.0165	0.0162	0.0165	0	0.0165	0.0165	0.0165	0.0287	0.0165	0.0165	0.018	0.0165	0.0165	0.0165	0.0165	0.0165	0.0165	0.0165	0.0165	0.0165	0.0165	0.0165	0.0165	0.0165	0.0165	0.0164	0.0177	0.0165	0.0165	0.0165	0.0165	0.0165	0.0165	0.0165	0.0165	0.0165	0.0171	0.0165	0.0165	0.0165	0.0164	0.0165	0.0165	0.0165	0.0165	0.0165	0.0174	0.0165	0.0165	0.0165	0.0166	0.0165	0.0234	0.0164	0.0165
  O	0.0192	0.0192	0.0191	0.0192	0.0224	0.0192	0.0192	0.0192	0.0186	0.0192	0.0192	0.0187	0.0192	0.0192	0	0.0192	0.0192	0.019	0.0192	0.0192	0.019	0.0192	0.0192	0.0192	0.0192	0.0192	0.0192	0.0191	0.0191	0.0192	0.0192	0.0192	0.0192	0.0192	0.0192	0.0191	0.0285	0.0192	0.0192	0.0192	0.0192	0.0192	0.0192	0.0192	0.0192	0.0192	0.026	0.0192	0.0192	0.0192	0.0191	0.0192	0.0192	0.0192	0.0192	0.0192	0.0191	0.0192	0.0192	0.0192	0.0192	0.0192	0.0175	0.019	0.0192
  P	0.0139	0.0139	0.0139	0.0139	0.0139	0.0158	0.0139	0.0139	0.0173	0.0139	0.0139	0.0183	0.0139	0.0139	0.0139	0	0.0139	0.0276	0.0139	0.0139	0.0234	0.0139	0.0139	0.0139	0.0139	0.0139	0.0139	0.0139	0.0177	0.0139	0.0139	0.0139	0.0139	0.0147	0.0139	0.0138	0.0229	0.0139	0.0139	0.0139	0.0139	0.0139	0.0139	0.0139	0.0139	0.0179	0.0139	0.0139	0.0139	0.0139	0.0138	0.0139	0.0139	0.0139	0.0139	0.0139	0.0138	0.0147	0.0139	0.0139	0.0424	0.0139	0.0334	0.0138	0.0139
  Q	0.0192	0.0192	0.0192	0.0192	0.0192	0.0192	0.0192	0.0192	0.0186	0.0192	0.0192	0.0187	0.0192	0.0192	0.0192	0.0192	0	0.019	0.0192	0.0192	0.0191	0.0192	0.0192	0.0192	0.0192	0.0192	0.0192	0.0191	0.0192	0.0192	0.0192	0.0192	0.0192	0.0192	0.0192	0.0191	0.0285	0.0192	0.0192	0.0192	0.0192	0.0192	0.0192	0.0192	0.0192	0.0192	0.0478	0.0192	0.0192	0.0192	0.0191	0.0192	0.0192	0.0192	0.0192	0.0192	0.0191	0.0192	0.0192	0.0192	0.0192	0.0192	0.0175	0.019	0.0192
  R	0.0111	0.0111	0.0116	0.0389	0.0111	0.0533	0.0155	0.0111	0.0137	0.0111	0.0112	0.0195	0.0111	0.0195	0.0111	0.0223	0.0111	0	0.0111	0.0112	0.0142	0.0273	0.0111	0.0111	0.0111	0.0111	0.0111	0.0711	0.0112	0.0128	0.0111	0.0111	0.0111	0.0111	0.0112	0.0112	0.073	0.0111	0.0111	0.0111	0.0111	0.0111	0.0111	0.0111	0.0111	0.0111	0.0171	0.0111	0.0112	0.0114	0.0118	0.0842	0.0111	0.0112	0.0111	0.0112	0.0151	0.0111	0.0135	0.0111	0.0229	0.0111	0.0252	0.0111	0.0111
  S	0.0169	0.0169	0.0168	0.0169	0.0169	0.0169	0.0169	0.0169	0.0164	0.0169	0.0169	0.0165	0.0169	0.0169	0.0169	0.0169	0.0169	0.0167	0	0.0169	0.0168	0.0169	0.0169	0.0169	0.0169	0.0169	0.0169	0.0168	0.0168	0.0169	0.0169	0.0169	0.0169	0.0169	0.0169	0.0168	0.0167	0.0169	0.0169	0.0169	0.0169	0.0169	0.0169	0.0169	0.0169	0.0169	0.0168	0.0169	0.0169	0.0169	0.0168	0.0168	0.0169	0.0169	0.0169	0.0169	0.0168	0.0169	0.0169	0.0169	0.0169	0.0169	0.0234	0.0167	0.0169
