Map from character to field name
A:	Algeria
B:	Argentina
C:	Australia
D:	Austria
E:	Bangladesh
F:	Belgium
G:	Brazil
H:	Cambodia
I:	Canada
J:	Chad
K:	Chile
L:	China
M:	Czech Republic
N:	Denmark
O:	Egypt
P:	France
Q:	Georgia
R:	Germany
S:	Guam
T:	Guatemala
U:	Hong Kong
V:	Hungary
W:	Iceland
X:	India
Y:	Indonesia
Z:	Iran
[:	Ireland
\:	Italy
]:	Japan
^:	Kazakhstan
_:	Kuwait
`:	Laos
a:	Luxembourg
b:	Malaysia
c:	Mexico
d:	Mongolia
e:	Netherlands
f:	New Zealand
g:	Nicaragua
h:	Nigeria
i:	Norway
j:	Pakistan
k:	Peru
l:	Philippines
m:	Poland
n:	Romania
o:	Russia
p:	Saudi Arabia
q:	Singapore
r:	South Africa
s:	South Korea
t:	Spain
u:	Sri Lanka
v:	Sweden
w:	Switzerland
x:	Taiwan
y:	Thailand
z:	Turkey
{:	Ukraine
|:	United Arab Emirates
}:	United Kingdom
~:	Uruguay
:	Usa
:	Vietnam
:	Zambia
:	?


Substitution rate (mu): 26.489025

Equilibrium frequencies (pi_i):
  A: 0.0184
  B: 0.0155
  C: 0.0073
  D: 0.0195
  E: 0.0204
  F: 0.0172
  G: 0.008
  H: 0.0193
  I: 0.0017
  J: 0.0196
  K: 0.0102
  L: 0.0054
  M: 0.0198
  N: 0.0175
  O: 0.0201
  P: 0.014
  Q: 0.0196
  R: 0.0138
  S: 0.0176
  T: 0.0081
  U: 0.0059
  V: 0.0188
  W: 0.0199
  X: 0.0179
  Y: 0.0195
  Z: 0.0202
  [: 0.0176
  \: 0.0144
  ]: 0.0067
  ^: 0.0172
  _: 0.0191
  `: 0.019
  a: 0.02
  b: 0.0156
  c: 0.0115
  d: 0.012
  e: 0.0048
  f: 0.0176
  g: 0.0179
  h: 0.0188
  i: 0.0199
  j: 0.0201
  k: 0.0191
  l: 0.0199
  m: 0.0202
  n: 0.0176
  o: 0.0106
  p: 0.014
  q: 0.0153
  r: 0.0152
  s: 0.0065
  t: 0.0179
  u: 0.02
  v: 0.0151
  w: 0.0161
  x: 0.013
  y: 0.0118
  z: 0.0202
  {: 0.0194
  |: 0.0188
  }: 0.0093
  ~: 0.0176
  : 0.0045
  : 0.0109
  : 0.0195

Symmetrized rates from j->i (W_ij):
	A	B	C	D	E	F	G	H	I	J	K	L	M	N	O	P	Q	R	S	T	U	V	W	X	Y	Z	[	\	]	^	_	`	a	b	c	d	e	f	g	h	i	j	k	l	m	n	o	p	q	r	s	t	u	v	w	x	y	z	{	|	}	~			
  A	0	0.9661	0.9647	0.9661	0.9658	0.9655	0.965	0.9661	0.9443	0.9663	0.9647	0.9453	0.9661	0.9662	0.9662	0.9661	0.9661	0.9572	0.9662	0.966	0.9608	0.9661	0.9661	0.9661	0.9653	0.9661	0.9662	0.9628	1.1653	0.9661	0.9662	0.9662	0.9662	0.9661	0.9643	0.9621	0.96	0.9664	0.9662	0.9662	0.9662	0.9661	0.9662	0.9661	0.9661	0.9662	0.9614	0.9662	0.9662	0.9662	0.9611	0.9639	0.9662	0.9661	0.9663	0.9657	0.9608	0.9662	0.9661	0.9662	0.9654	0.9662	1.1872	0.9593	0.9661
  B	0.9661	0	0.9647	0.966	0.9657	0.9656	0.9651	0.966	1.4882	0.9661	0.9649	0.9475	0.966	0.9661	0.9661	0.966	0.966	0.9585	0.966	0.9658	0.9616	0.966	0.966	0.966	0.9653	0.966	0.966	0.9632	0.9638	0.966	0.966	0.966	0.966	0.966	0.9645	0.9625	0.9606	0.9686	0.966	0.966	0.966	0.966	0.966	0.966	0.966	0.966	0.9619	0.966	0.9661	0.9661	0.9614	0.9642	0.9661	0.966	0.9661	0.9656	0.9615	0.966	0.9659	0.966	0.9685	0.966	1.7549	0.9602	0.966
  C	0.9647	0.9647	0	0.9642	0.9672	0.9653	1.0225	0.9644	0.9596	0.9919	1.0386	2.9349	0.9642	0.9645	0.9643	0.9657	0.9646	0.962	0.9644	0.9654	1.6216	0.9644	0.9642	1.2093	0.9641	0.9642	0.9644	0.9902	1.5114	0.9651	0.9643	0.9643	0.9642	0.966	0.9647	0.9677	2.5623	1.204	0.9646	0.9644	0.9642	0.9641	0.9643	0.9642	0.9641	0.9644	2.2064	0.9647	1.0569	0.9653	1.0653	0.9636	1.1239	0.965	0.9647	0.9686	0.9634	0.9641	0.9645	0.9644	0.9659	0.9644	8.3442	0.9662	0.9828
  D	0.9661	0.966	0.9642	0	0.9657	0.9656	0.9647	0.966	0.9418	0.9662	0.9644	0.9425	0.966	0.9665	0.9661	0.9661	0.966	3.3609	0.9661	0.9657	0.9607	0.9661	0.9661	0.966	0.9651	0.9661	0.9661	1.4441	0.9631	0.966	0.9661	0.9661	0.9661	0.966	0.9642	0.9617	0.9591	0.9663	0.9661	0.9661	0.9661	0.966	0.9661	0.9661	0.966	0.9661	0.9608	0.966	0.9661	0.9661	0.9601	0.9641	0.9661	0.966	0.9661	0.9654	0.9603	0.9661	0.966	0.9661	0.9656	0.9661	0.8997	0.9586	0.9661
  E	0.9658	0.9657	0.9672	0.9657	0	0.9867	0.9647	0.9658	0.9408	0.9659	0.9641	0.9988	0.9658	0.9659	1.2227	0.9658	0.9662	0.9564	0.9658	0.9656	0.9604	0.9658	0.9658	0.9663	0.9648	0.966	0.9658	0.9622	0.9938	0.966	0.9658	0.9658	0.9659	0.966	0.9639	3.0725	1.5026	0.9662	0.9658	0.9658	0.9658	0.9658	0.9659	0.9658	0.9657	0.9658	4.3566	0.9658	0.9661	0.9659	1.0965	0.9633	0.9659	0.9658	0.9659	0.9898	0.9599	0.9657	0.9659	0.9658	0.9651	0.9658	0.8975	1.1309	0.9658
  F	0.9655	0.9656	0.9653	0.9656	0.9867	0	0.9679	0.9654	1.0721	0.9655	0.9645	1.2416	0.9656	0.9665	0.9658	1.643	0.966	5.5502	0.9655	0.9658	0.9658	1.1126	0.9659	0.966	0.9647	0.9655	0.9655	0.9671	0.9651	0.9657	0.9655	0.9655	0.9654	0.9659	1.1445	0.9639	4.6226	0.9661	0.9656	0.9655	0.9655	0.9654	0.9657	0.9654	0.9654	0.9655	3.2773	0.9656	0.9662	0.9659	0.9644	1.0616	0.9657	0.9656	0.9657	0.9656	1.0187	0.9654	0.9657	0.9655	1.2379	0.9655	1.222	0.9623	0.9656
  G	0.965	0.9651	1.0225	0.9647	0.9647	0.9679	0	0.9647	2.4142	0.965	0.9656	0.9984	0.9647	0.9654	0.9648	0.9656	0.9648	0.9701	0.9649	0.9992	1.4995	1.0134	0.9647	0.965	0.9644	0.9647	0.9649	0.9642	0.9678	0.965	0.9648	0.9648	0.9647	0.9652	0.9892	0.9637	1.0215	0.9653	0.9878	0.9648	0.9647	0.9647	0.9649	0.9647	0.9647	0.9649	1.3714	0.9651	1.4069	0.9652	1.0112	1.3787	0.9648	0.9651	0.9651	0.9666	1.9326	0.9647	0.9647	1.2344	0.968	0.9683	6.6052	0.9626	0.9649
  H	0.9661	0.966	0.9644	0.966	0.9658	0.9654	0.9647	0	0.9448	0.9661	0.9644	1.3213	0.966	0.9661	0.9661	0.9659	0.966	0.9566	0.9661	0.9657	0.9605	0.966	0.966	0.9662	0.9652	0.966	0.9661	0.9625	1.1207	0.966	0.966	0.9661	0.966	0.966	0.964	1.4437	0.9594	0.9663	0.9661	0.9661	0.966	0.966	0.9661	0.966	0.966	0.9661	0.9613	0.966	0.9661	0.9661	1.0973	0.9637	0.9661	0.966	0.9661	0.9656	0.9604	0.966	0.966	0.9661	0.9651	0.9661	0.9009	2.4086	0.966
  I	0.9443	1.4882	0.9596	0.9418	0.9408	1.0721	2.4142	0.9448	0	0.942	1.4366	2.7281	0.9413	0.945	0.941	1.263	0.9417	1.1968	0.9442	1.0178	2.8729	0.9428	0.9412	0.9438	0.9417	0.9409	0.9441	1.0207	1.8081	0.9449	0.9422	0.9426	0.9411	0.9481	3.2336	0.9513	0.964	0.9519	0.944	0.9428	0.9412	0.941	1.389	0.9412	0.9409	0.9442	1.5687	0.9485	0.9473	0.9475	2.9869	1.4834	0.9411	0.9477	0.9464	1.0658	2.3829	0.9408	0.9418	0.9429	0.9735	0.9447	83.6387	2.2537	0.9422
  J	0.9663	0.9661	0.9919	0.9662	0.9659	0.9655	0.965	0.9661	0.942	0	1.2165	0.9426	0.9662	0.9663	0.9663	0.9661	0.9662	0.9569	0.9662	0.9658	0.9604	0.9661	0.9662	0.9662	0.9653	0.9662	0.9662	1.1015	0.9632	0.9662	0.9662	0.9662	0.9662	0.9661	0.9641	0.9617	0.9595	0.9664	0.9662	0.9663	0.9662	0.9661	0.9662	0.9662	0.9662	0.9662	0.9609	0.9661	0.9663	0.9662	0.9603	0.9638	0.9663	0.9661	0.9663	0.9655	0.9604	0.9662	0.9661	0.9662	0.9652	0.9662	0.9958	0.9587	1.036
  K	0.9647	0.9649	1.0386	0.9644	0.9641	0.9645	0.9656	0.9644	1.4366	1.2165	0	0.9547	0.9643	0.9649	0.9644	0.965	0.9644	0.9606	0.9646	0.9654	0.9835	0.9644	0.9643	0.9646	0.9639	0.9643	0.9646	1.2128	0.9645	0.9647	0.9644	0.9645	0.9643	0.9648	1.026	0.9628	0.9627	0.9648	0.9646	1.2317	0.9643	0.9643	0.9645	0.9643	0.9643	0.9646	0.9626	0.9649	0.9649	0.9649	1.0096	0.9635	0.9644	0.9648	0.9649	0.9652	0.9625	0.9643	0.9643	0.9645	1.4473	0.9646	4.4273	0.9615	1.148
  L	0.9453	0.9475	2.9349	0.9425	0.9988	1.2416	0.9984	1.3213	2.7281	0.9426	0.9547	0	0.9424	0.9465	0.9429	0.9504	1.1956	0.9596	0.9448	0.9688	13.4088	0.9494	0.942	1.5821	1.2814	0.9418	0.9448	1.2864	5.5509	2.5195	0.9431	0.9434	0.9419	0.95	0.9542	9.6777	5.1587	1.3219	0.9512	0.9434	0.942	0.9451	0.9432	0.942	0.9416	0.9448	9.284	0.9491	1.4674	1.0972	7.9557	0.9449	0.9423	1.348	0.9569	4.2621	2.1356	0.9416	1.2821	0.9434	1.5502	0.9448	15.813	12.2413	1.1086
  M	0.9661	0.966	0.9642	0.966	0.9658	0.9656	0.9647	0.966	0.9413	0.9662	0.9643	0.9424	0	0.9661	0.9661	0.966	0.9661	0.9564	0.9661	0.9658	0.9602	0.966	0.966	0.9661	0.9651	0.966	0.9661	0.9624	0.9631	0.966	0.9661	0.9661	0.9661	0.966	0.964	0.9617	2.3974	0.9664	0.9661	0.9661	0.9661	0.966	0.9661	0.966	0.966	0.9661	0.9608	0.966	0.9662	0.9661	0.96	0.9636	0.9662	0.966	0.9661	0.9654	0.9602	0.9661	0.966	0.9661	0.9651	0.9661	0.8985	0.9586	0.966
  N	0.9662	0.9661	0.9645	0.9665	0.9659	0.9665	0.9654	0.9661	0.945	0.9663	0.9649	0.9465	0.9661	0	0.9662	0.9666	0.9661	1.6042	0.9662	0.9659	0.988	0.9663	0.9661	0.9662	0.9653	0.9662	0.9662	0.9637	0.9636	0.9662	0.9662	0.9662	0.9662	0.9662	0.9666	0.9622	0.9617	0.9664	0.9662	0.9662	0.9662	0.9661	0.9662	0.9661	0.9662	0.9662	0.9614	0.9661	0.9663	0.9662	0.9608	1.3851	0.9662	0.9661	0.9662	0.9656	0.9615	0.9662	0.9661	0.9662	0.9981	0.9662	1.3691	0.9596	0.9661
  O	0.9662	0.9661	0.9643	0.9661	1.2227	0.9658	0.9648	0.9661	0.941	0.9663	0.9644	0.9429	0.9661	0.9662	0	0.966	0.9663	0.9564	0.9662	0.9657	0.9601	0.9661	0.9662	0.9662	0.9652	1.2208	0.9662	0.9624	0.9635	0.9662	0.9662	0.9662	0.9662	0.9661	0.964	0.9629	0.9872	0.9664	0.9662	0.9662	0.9662	0.9661	0.9662	0.9661	0.9661	0.9662	1.8014	0.9661	0.9662	0.9662	0.96	0.9637	0.9662	0.9661	0.9662	1.032	0.9602	0.9662	0.9661	0.9662	0.9651	0.9662	0.8976	0.9586	0.9661
  P	0.9661	0.966	0.9657	0.9661	0.9658	1.643	0.9656	0.9659	1.263	0.9661	0.965	0.9504	0.966	0.9666	0.966	0	0.966	2.318	0.966	0.9659	1.1713	0.9661	0.966	0.966	0.9653	0.9659	0.966	1.1812	0.9643	0.9662	0.966	0.966	0.9659	0.968	0.9854	0.963	1.2875	0.9662	0.966	0.966	0.966	0.9659	0.966	0.9659	0.9659	0.966	0.9661	0.966	0.9662	0.9661	0.962	0.9652	0.966	0.966	1.3174	0.9659	0.9621	0.9659	0.9659	0.966	2.9024	0.966	2.6877	0.961	0.9661
  Q	0.9661	0.966	0.9646	0.966	0.9662	0.966	0.9648	0.966	0.9417	0.9662	0.9644	1.1956	0.9661	0.9661	0.9663	0.966	0	0.9567	0.9661	0.9657	0.9605	0.9661	0.9661	0.9662	0.9652	0.9661	0.9661	0.9625	0.9634	0.9661	0.9661	0.9661	0.9661	0.9661	0.9641	0.9653	1.6109	0.9664	0.9661	0.9661	0.9661	0.966	0.9661	0.9661	0.966	0.9661	2.078	0.966	0.9662	0.9661	0.9603	0.9637	0.9662	0.966	0.9661	0.9656	0.9603	0.9661	0.9661	0.9661	0.9652	0.9661	0.8996	0.9589	0.9661
  R	0.9572	0.9585	0.962	3.3609	0.9564	5.5502	0.9701	0.9566	1.1968	0.9569	0.9606	0.9596	0.9564	1.6042	0.9564	2.318	0.9567	0	0.9575	0.9623	1.6058	2.0713	0.9564	0.9576	0.9559	0.9562	0.9575	4.5645	0.9615	0.9581	0.9568	0.9568	0.9563	0.959	1.1266	0.9577	6.6281	0.9581	0.9574	0.9569	0.9564	0.9563	0.957	0.9563	0.9563	0.9575	1.0455	0.9592	0.9592	0.9589	0.9594	7.6041	0.9566	0.959	0.9585	0.9595	0.9583	0.9563	0.9568	0.9569	1.7949	0.9575	1.5551	0.9563	0.9572
  S	0.9662	0.966	0.9644	0.9661	0.9658	0.9655	0.9649	0.9661	0.9442	0.9662	0.9646	0.9448	0.9661	0.9662	0.9662	0.966	0.9661	0.9575	0	0.9658	0.9609	0.9661	0.9661	0.9661	0.9653	0.9661	0.9661	0.9629	0.9635	0.9661	0.9661	0.9661	0.9661	0.9661	0.9642	0.9621	0.9597	0.9663	0.9661	0.9661	0.9661	0.9661	0.9661	0.9661	0.9661	0.9661	0.9619	0.966	0.9662	0.9661	0.9607	0.964	0.9662	0.966	0.9661	0.9656	0.9609	0.9661	0.966	0.9661	0.9652	0.9661	1.3589	0.9594	0.9661
  T	0.966	0.9658	0.9654	0.9657	0.9656	0.9658	0.9992	0.9657	1.0178	0.9658	0.9654	0.9688	0.9658	0.9659	0.9657	0.9659	0.9657	0.9623	0.9658	0	0.9644	0.968	0.9657	0.9658	0.9653	0.9657	0.9658	0.9646	0.9651	0.9659	0.9658	0.9658	0.9657	0.966	1.1658	0.9641	1.1227	0.9659	0.9674	0.9658	0.9657	0.9657	1.2241	0.9657	0.9657	0.9658	0.9641	0.9658	1.4941	0.9659	0.981	0.9648	0.9658	0.9658	0.9659	0.9664	0.9635	0.9657	0.9657	0.9658	0.9659	0.9658	6.8184	0.9629	0.9658
  U	0.9608	0.9616	1.6216	0.9607	0.9604	0.9658	1.4995	0.9605	2.8729	0.9604	0.9835	13.4088	0.9602	0.988	0.9601	1.1713	0.9605	1.6058	0.9609	0.9644	0	0.9775	0.9601	0.9625	0.9604	0.9601	0.9609	1.3285	0.9673	0.9613	0.9605	0.9605	0.9601	2.4532	2.0081	0.963	4.1718	1.3188	0.9613	0.9606	0.9601	0.9601	0.9607	0.9601	0.9601	0.9609	1.0866	0.962	0.9832	0.9975	0.9676	1.0809	0.9611	0.9624	0.9617	1.0161	0.967	0.9601	0.9611	0.9606	1.1303	0.9609	8.9056	2.2802	0.9607
  V	0.9661	0.966	0.9644	0.9661	0.9658	1.1126	1.0134	0.966	0.9428	0.9661	0.9644	0.9494	0.966	0.9663	0.9661	0.9661	0.9661	2.0713	0.9661	0.968	0.9775	0	0.966	0.9661	0.9651	0.966	0.9661	0.9628	0.9633	0.966	0.9661	0.9661	0.966	0.9661	0.9642	0.9619	1.8904	0.9663	0.9679	0.9661	0.9661	0.966	0.9661	0.966	0.966	0.9661	0.9614	0.966	1.0343	0.9661	0.9896	0.9641	0.9662	0.966	0.9661	0.9654	0.9606	0.966	0.966	0.9661	0.9655	0.9661	1.0702	0.959	0.966
  W	0.9661	0.966	0.9642	0.9661	0.9658	0.9659	0.9647	0.966	0.9412	0.9662	0.9643	0.942	0.966	0.9661	0.9662	0.966	0.9661	0.9564	0.9661	0.9657	0.9601	0.966	0	0.9661	0.9651	0.9661	0.9661	0.9624	0.9631	0.966	0.9661	0.9661	0.9661	0.966	0.964	0.9616	1.4379	0.9663	0.9661	0.9661	0.9661	0.966	0.9661	0.9661	0.9661	0.9661	0.9607	0.966	0.9662	0.9661	0.9599	0.9636	0.9662	0.966	0.9661	0.9654	0.9602	0.9661	0.966	0.9661	0.965	0.9661	0.8981	0.9585	0.966
  X	0.9661	0.966	1.2093	0.966	0.9663	0.966	0.965	0.9662	0.9438	0.9662	0.9646	1.5821	0.9661	0.9662	0.9662	0.966	0.9662	0.9576	0.9661	0.9658	0.9625	0.9661	0.9661	0	0.9653	0.9661	0.9661	0.963	0.9643	0.9662	0.9661	0.9661	0.9661	0.9662	0.9642	1.1137	1.144	0.9666	0.9661	0.9661	0.9661	0.966	0.9661	0.9661	0.966	0.9661	1.3697	0.966	0.9664	0.9662	0.9614	0.9639	0.9662	0.9661	0.9661	0.9659	0.9609	0.9661	0.9661	0.9661	0.9654	0.9661	1.1411	1.0539	0.9661
  Y	0.9653	0.9653	0.9641	0.9651	0.9648	0.9647	0.9644	0.9652	0.9417	0.9653	0.9639	1.2814	0.9651	0.9653	0.9652	0.9653	0.9652	0.9559	0.9653	0.9653	0.9604	0.9651	0.9651	0.9653	0	0.9651	0.9653	0.9619	0.9633	0.9653	0.9652	0.9652	0.9651	0.9653	0.9635	0.9632	0.9591	0.9656	0.9653	0.9652	0.9651	0.9651	0.9652	0.9651	0.9651	0.9653	0.9608	0.9654	0.9655	0.9654	1.0958	0.9628	0.9652	0.9653	0.9654	0.9652	0.96	0.9651	0.9651	0.9652	0.9646	0.9653	0.9005	0.9594	0.9652
  Z	0.9661	0.966	0.9642	0.9661	0.966	0.9655	0.9647	0.966	0.9409	0.9662	0.9643	0.9418	0.966	0.9662	1.2208	0.9659	0.9661	0.9562	0.9661	0.9657	0.9601	0.966	0.9661	0.9661	0.9651	0	0.9661	0.9624	0.9631	0.9661	0.9661	0.9661	0.9661	0.966	0.9639	0.9618	0.9646	0.9663	0.9661	0.9661	0.9661	0.966	0.9661	0.9661	0.9661	0.9661	1.196	0.966	0.9662	0.9661	0.9599	0.9636	0.9662	0.966	0.9661	0.9655	0.9601	0.9661	0.966	0.9661	0.965	0.9661	0.8973	0.9584	0.966
  [	0.9662	0.966	0.9644	0.9661	0.9658	0.9655	0.9649	0.9661	0.9441	0.9662	0.9646	0.9448	0.9661	0.9662	0.9662	0.966	0.9661	0.9575	0.9661	0.9658	0.9609	0.9661	0.9661	0.9661	0.9653	0.9661	0	0.9629	0.9635	0.9661	0.9661	0.9661	0.9661	0.9661	0.9642	0.9621	0.9597	0.9663	0.9661	0.9661	0.9661	0.9661	0.9661	0.9661	0.9661	0.9661	0.9613	0.9675	0.9662	0.9661	0.9607	0.964	0.9662	0.9672	0.9661	0.9656	0.9609	0.9661	0.966	0.9661	0.9657	0.9661	1.3568	0.9594	0.9661
  \	0.9628	0.9632	0.9902	1.4441	0.9622	0.9671	0.9642	0.9625	1.0207	1.1015	1.2128	1.2864	0.9624	0.9637	0.9624	1.1812	0.9625	4.5645	0.9629	0.9646	1.3285	0.9628	0.9624	0.963	0.9619	0.9624	0.9629	0	0.9633	0.963	0.9626	0.9626	0.9624	0.9666	0.9631	0.9611	2.9516	0.9633	0.9629	0.9627	0.9624	0.9624	0.9627	0.9624	0.9624	0.9629	0.9612	0.9635	0.9636	0.9635	1.1197	1.2498	0.9626	0.9633	1.5571	0.9636	0.974	0.9624	0.9626	0.9627	1.0876	0.9629	2.313	0.9593	1.1612
  ]	1.1653	0.9638	1.5114	0.9631	0.9938	0.9651	0.9678	1.1207	1.8081	0.9632	0.9645	5.5509	0.9631	0.9636	0.9635	0.9643	0.9634	0.9615	0.9635	0.9651	0.9673	0.9633	0.9631	0.9643	0.9633	0.9631	0.9635	0.9633	0	0.9668	0.9633	1.2506	0.9631	0.9641	0.9753	3.8078	1.7627	0.9643	0.9636	0.9633	0.9631	0.9631	0.9633	0.9631	0.963	0.9635	3.1086	0.964	0.9642	0.9694	2.8326	0.9627	0.9631	0.9642	0.9639	1.9104	1.4427	0.963	1.0204	0.9633	1.5301	0.9635	7.579	2.3369	0.9634
  ^	0.9661	0.966	0.9651	0.966	0.966	0.9657	0.965	0.966	0.9449	0.9662	0.9647	2.5195	0.966	0.9662	0.9662	0.9662	0.9661	0.9581	0.9661	0.9659	0.9613	0.966	0.966	0.9662	0.9653	0.9661	0.9661	0.963	0.9668	0	0.9661	0.9661	0.9661	0.966	0.9643	1.6124	0.9616	0.9665	0.9661	0.9661	0.9661	0.966	0.9661	0.966	0.966	0.9661	1.6489	0.9661	0.9662	0.9662	0.9611	0.964	0.9661	0.9661	0.9662	0.9658	0.9612	0.9661	0.966	0.9661	1.2994	0.9661	1.0978	0.9597	0.966
  _	0.9662	0.966	0.9643	0.9661	0.9658	0.9655	0.9648	0.966	0.9422	0.9662	0.9644	0.9431	0.9661	0.9662	0.9662	0.966	0.9661	0.9568	0.9661	0.9658	0.9605	0.9661	0.9661	0.9661	0.9652	0.9661	0.9661	0.9626	0.9633	0.9661	0	0.9661	0.9661	0.9661	0.9641	0.9618	1.2899	0.9663	0.9661	0.9661	0.9661	0.966	0.9661	0.9661	0.9661	0.9661	0.961	0.966	0.9662	0.9661	0.9603	0.9638	0.9662	0.966	0.9661	0.9655	0.9605	0.9661	0.966	0.9661	0.9652	0.9661	1.0435	0.9589	0.9661
  `	0.9662	0.966	0.9643	0.9661	0.9658	0.9655	0.9648	0.9661	0.9426	0.9662	0.9645	0.9434	0.9661	0.9662	0.9662	0.966	0.9661	0.9568	0.9661	0.9658	0.9605	0.9661	0.9661	0.9661	0.9652	0.9661	0.9661	0.9626	1.2506	0.9661	0.9661	0	0.9661	0.966	0.9641	0.9618	0.9593	0.9663	0.9661	0.9661	0.9661	0.966	0.9661	0.9661	0.9661	0.9661	0.961	0.9661	0.9662	0.9661	0.9604	0.9638	0.9662	0.966	0.9662	0.9655	0.9605	0.9661	0.966	0.9661	0.9651	0.9661	1.0907	0.959	0.9661
  a	0.9662	0.966	0.9642	0.9661	0.9659	0.9654	0.9647	0.966	0.9411	0.9662	0.9643	0.9419	0.9661	0.9662	0.9662	0.9659	0.9661	0.9563	0.9661	0.9657	0.9601	0.966	0.9661	0.9661	0.9651	0.9661	0.9661	0.9624	0.9631	0.9661	0.9661	0.9661	0	0.966	0.964	0.9616	0.9588	0.9663	0.9661	0.9661	0.9661	0.966	0.9661	0.9661	0.9661	0.9661	1.4411	0.966	0.9662	0.9661	0.9599	0.9636	0.9662	0.966	0.9661	0.9654	0.9602	0.9661	0.966	0.9661	0.965	0.9661	0.8977	0.9584	0.966
  b	0.9661	0.966	0.966	0.966	0.966	0.9659	0.9652	0.966	0.9481	0.9661	0.9648	0.95	0.966	0.9662	0.9661	0.968	0.9661	0.959	0.9661	0.966	2.4532	0.9661	0.966	0.9662	0.9653	0.966	0.9661	0.9666	0.9641	0.966	0.9661	0.966	0.966	0	0.9647	0.9627	2.8826	1.4499	0.9661	0.9661	0.966	0.966	0.9661	0.966	0.966	0.9661	0.9623	0.966	0.9663	1.3538	0.9616	0.9643	0.9664	0.966	0.9661	0.9658	0.9615	0.966	0.9661	0.9661	0.9659	0.9661	1.9219	1.4454	0.9661
  c	0.9643	0.9645	0.9647	0.9642	0.9639	1.1445	0.9892	0.964	3.2336	0.9641	1.026	0.9542	0.964	0.9666	0.964	0.9854	0.9641	1.1266	0.9642	1.1658	2.0081	0.9642	0.964	0.9642	0.9635	0.9639	0.9642	0.9631	0.9753	0.9643	0.9641	0.9641	0.964	0.9647	0	0.9625	1.009	0.9644	0.9642	0.9641	0.964	0.9639	1.2392	0.964	0.9639	0.9642	1.1565	0.9646	1.0685	0.9646	0.9625	0.9699	0.964	0.9645	0.9645	0.9649	0.9617	0.9639	0.964	0.9641	0.9802	0.9642	3.0909	0.9609	0.9641
  d	0.9621	0.9625	0.9677	0.9617	3.0725	0.9639	0.9637	1.4437	0.9513	0.9617	0.9628	9.6777	0.9617	0.9622	0.9629	0.963	0.9653	0.9577	0.9621	0.9641	0.963	0.9619	0.9616	1.1137	0.9632	0.9618	0.9621	0.9611	3.8078	1.6124	0.9618	0.9618	0.9616	0.9627	0.9625	0	2.7606	0.9635	0.9621	0.9618	0.9616	1.4063	0.9619	0.9616	0.9615	0.9621	8.4375	0.9629	0.9631	0.9655	3.183	0.9606	0.9617	0.9628	0.9625	1.8424	0.9608	0.9615	0.9683	0.9618	0.9645	0.9621	0.9283	0.9993	0.9622
  e	0.96	0.9606	2.5623	0.9591	1.5026	4.6226	1.0215	0.9594	0.964	0.9595	0.9627	5.1587	2.3974	0.9617	0.9872	1.2875	1.6109	6.6281	0.9597	1.1227	4.1718	1.8904	1.4379	1.144	0.9591	0.9646	0.9597	2.9516	1.7627	0.9616	1.2899	0.9593	0.9588	2.8826	1.009	2.7606	0	1.3183	1.1738	0.9593	1.4389	0.9912	1.471	1.4381	0.9588	0.9597	9.7047	0.961	2.1532	1.275	2.5046	0.9611	1.255	1.4412	0.9608	0.9842	1.2405	0.9588	1.458	0.9593	2.8109	0.9597	15.5128	2.7106	1.5534
  f	0.9664	0.9686	1.204	0.9663	0.9662	0.9661	0.9653	0.9663	0.9519	0.9664	0.9648	1.3219	0.9664	0.9664	0.9664	0.9662	0.9664	0.9581	0.9663	0.9659	1.3188	0.9663	0.9663	0.9666	0.9656	0.9663	0.9663	0.9633	0.9643	0.9665	0.9663	0.9663	0.9663	1.4499	0.9644	0.9635	1.3183	0	0.9663	0.9663	0.9663	0.9662	0.9664	0.9663	0.9663	0.9663	0.9639	0.9662	0.9667	0.9664	0.9617	0.9642	1.2769	0.9663	0.9663	0.9662	0.9613	0.9663	0.9663	0.9663	0.9697	0.9663	1.3561	0.961	0.9664
  g	0.9662	0.966	0.9646	0.9661	0.9658	0.9656	0.9878	0.9661	0.944	0.9662	0.9646	0.9512	0.9661	0.9662	0.9662	0.966	0.9661	0.9574	0.9661	0.9674	0.9613	0.9679	0.9661	0.9661	0.9653	0.9661	0.9661	0.9629	0.9636	0.9661	0.9661	0.9661	0.9661	0.9661	0.9642	0.9621	1.1738	0.9663	0	0.9661	0.9661	0.966	0.9662	0.9661	0.9661	0.9661	0.9613	0.9661	0.9961	0.9661	1.2401	0.9639	0.9662	0.966	0.9661	0.9656	0.9609	0.9661	0.966	0.9661	0.9652	0.9661	1.3007	0.9594	0.9661
  h	0.9662	0.966	0.9644	0.9661	0.9658	0.9655	0.9648	0.9661	0.9428	0.9663	1.2317	0.9434	0.9661	0.9662	0.9662	0.966	0.9661	0.9569	0.9661	0.9658	0.9606	0.9661	0.9661	0.9661	0.9652	0.9661	0.9661	0.9627	0.9633	0.9661	0.9661	0.9661	0.9661	0.9661	0.9641	0.9618	0.9593	0.9663	0.9661	0	0.9661	0.9661	0.9661	0.9661	0.9661	0.9661	0.961	0.9661	0.9662	0.9662	0.9604	0.9638	0.9662	0.966	0.9662	0.9655	0.9606	0.9661	0.966	0.9661	0.9653	0.9661	1.1269	0.9589	0.9661
  i	0.9662	0.966	0.9642	0.9661	0.9658	0.9655	0.9647	0.966	0.9412	0.9662	0.9643	0.942	0.9661	0.9662	0.9662	0.966	0.9661	0.9564	0.9661	0.9657	0.9601	0.9661	0.9661	0.9661	0.9651	0.9661	0.9661	0.9624	0.9631	0.9661	0.9661	0.9661	0.9661	0.966	0.964	0.9616	1.4389	0.9663	0.9661	0.9661	0	0.966	0.9661	0.9661	0.9661	0.9661	0.9607	0.966	0.9662	0.9661	0.9599	0.9637	0.9662	0.966	0.9661	0.9654	0.9602	0.9661	0.966	0.9661	0.965	0.9661	0.8981	0.9585	0.9661
  j	0.9661	0.966	0.9641	0.966	0.9658	0.9654	0.9647	0.966	0.941	0.9661	0.9643	0.9451	0.966	0.9661	0.9661	0.9659	0.966	0.9563	0.9661	0.9657	0.9601	0.966	0.966	0.966	0.9651	0.966	0.9661	0.9624	0.9631	0.966	0.966	0.966	0.966	0.966	0.9639	1.4063	0.9912	0.9662	0.966	0.9661	0.966	0	0.9661	0.966	0.966	0.9661	0.9614	0.966	0.9661	0.9661	0.9599	0.9636	0.9661	0.966	0.9661	0.9654	0.9601	0.966	0.966	0.9661	0.965	0.9661	0.8976	0.9584	0.966
  k	0.9662	0.966	0.9643	0.9661	0.9659	0.9657	0.9649	0.9661	1.389	0.9662	0.9645	0.9432	0.9661	0.9662	0.9662	0.966	0.9661	0.957	0.9661	1.2241	0.9607	0.9661	0.9661	0.9661	0.9652	0.9661	0.9661	0.9627	0.9633	0.9661	0.9661	0.9661	0.9661	0.9661	1.2392	0.9619	1.471	0.9664	0.9662	0.9661	0.9661	0.9661	0	0.9661	0.9661	0.9661	0.9612	0.9661	1.1001	0.9662	0.9603	0.9638	0.9662	0.966	0.9662	0.9655	0.9605	0.9661	0.9661	0.9661	0.9652	0.9661	0.962	0.9592	0.9661
  l	0.9661	0.966	0.9642	0.9661	0.9658	0.9654	0.9647	0.966	0.9412	0.9662	0.9643	0.942	0.966	0.9661	0.9661	0.9659	0.9661	0.9563	0.9661	0.9657	0.9601	0.966	0.9661	0.9661	0.9651	0.9661	0.9661	0.9624	0.9631	0.966	0.9661	0.9661	0.9661	0.966	0.964	0.9616	1.4381	0.9663	0.9661	0.9661	0.9661	0.966	0.9661	0	0.966	0.9661	0.9607	0.966	0.9662	0.9661	0.9599	0.9636	0.9662	0.966	0.9661	0.9654	0.9602	0.9661	0.966	0.9661	0.965	0.9661	0.8981	0.9585	0.966
  m	0.9661	0.966	0.9641	0.966	0.9657	0.9654	0.9647	0.966	0.9409	0.9662	0.9643	0.9416	0.966	0.9662	0.9661	0.9659	0.966	0.9563	0.9661	0.9657	0.9601	0.966	0.9661	0.966	0.9651	0.9661	0.9661	0.9624	0.963	0.966	0.9661	0.9661	0.9661	0.966	0.9639	0.9615	0.9588	0.9663	0.9661	0.9661	0.9661	0.966	0.9661	0.966	0	0.9661	0.9606	0.966	0.9661	0.9661	0.9598	0.9636	0.9661	0.966	0.9661	0.9654	0.9601	0.9661	0.966	0.9661	1.4507	0.9661	0.9005	0.9584	0.966
  n	0.9662	0.966	0.9644	0.9661	0.9658	0.9655	0.9649	0.9661	0.9442	0.9662	0.9646	0.9448	0.9661	0.9662	0.9662	0.966	0.9661	0.9575	0.9661	0.9658	0.9609	0.9661	0.9661	0.9661	0.9653	0.9661	0.9661	0.9629	0.9635	0.9661	0.9661	0.9661	0.9661	0.9661	0.9642	0.9621	0.9597	0.9663	0.9661	0.9661	0.9661	0.9661	0.9661	0.9661	0.9661	0	0.9613	0.966	0.9662	0.9661	0.9607	0.964	0.9662	0.966	0.9661	0.9656	0.9609	0.9661	0.966	0.9661	0.9652	0.9661	1.3596	0.9594	0.9661
  o	0.9614	0.9619	2.2064	0.9608	4.3566	3.2773	1.3714	0.9613	1.5687	0.9609	0.9626	9.284	0.9608	0.9614	1.8014	0.9661	2.078	1.0455	0.9619	0.9641	1.0866	0.9614	0.9607	1.3697	0.9608	1.196	0.9613	0.9612	3.1086	1.6489	0.961	0.961	1.4411	0.9623	1.1565	8.4375	9.7047	0.9639	0.9613	0.961	0.9607	0.9614	0.9612	0.9607	0.9606	0.9613	0	0.9622	1.0166	0.9665	1.3164	0.9634	0.9612	0.9622	0.9618	2.0234	0.9606	0.9606	1.0285	0.961	1.0134	0.9613	1.9343	1.4998	0.9613
  p	0.9662	0.966	0.9647	0.966	0.9658	0.9656	0.9651	0.966	0.9485	0.9661	0.9649	0.9491	0.966	0.9661	0.9661	0.966	0.966	0.9592	0.966	0.9658	0.962	0.966	0.966	0.966	0.9654	0.966	0.9675	0.9635	0.964	0.9661	0.966	0.9661	0.966	0.966	0.9646	0.9629	0.961	0.9662	0.9661	0.9661	0.966	0.966	0.9661	0.966	0.966	0.966	0.9622	0	0.9661	0.9661	0.9618	0.9644	0.9661	1.4487	0.9661	0.9658	0.9619	0.966	0.966	0.9661	0.9657	0.9661	2.2973	0.9607	0.966
  q	0.9662	0.9661	1.0569	0.9661	0.9661	0.9662	1.4069	0.9661	0.9473	0.9663	0.9649	1.4674	0.9662	0.9663	0.9662	0.9662	0.9662	0.9592	0.9662	1.4941	0.9832	1.0343	0.9662	0.9664	0.9655	0.9662	0.9662	0.9636	0.9642	0.9662	0.9662	0.9662	0.9662	0.9663	1.0685	0.9631	2.1532	0.9667	0.9961	0.9662	0.9662	0.9661	1.1001	0.9662	0.9661	0.9662	1.0166	0.9661	0	0.9663	1.0436	0.9644	0.9663	0.9662	0.9662	0.9659	0.9618	0.9662	0.9662	0.9662	0.9657	0.9662	1.858	0.9606	0.9663
  r	0.9662	0.9661	0.9653	0.9661	0.9659	0.9659	0.9652	0.9661	0.9475	0.9662	0.9649	1.0972	0.9661	0.9662	0.9662	0.9661	0.9661	0.9589	0.9661	0.9659	0.9975	0.9661	0.9661	0.9662	0.9654	0.9661	0.9661	0.9635	0.9694	0.9662	0.9661	0.9661	0.9661	1.3538	0.9646	0.9655	1.275	0.9664	0.9661	0.9662	0.9661	0.9661	0.9662	0.9661	0.9661	0.9661	0.9665	0.9661	0.9663	0	0.964	0.9643	0.9662	0.9661	0.9662	0.9659	0.9617	0.9661	0.9661	0.9662	0.9656	0.9661	1.9923	0.9627	0.9661
  s	0.9611	0.9614	1.0653	0.9601	1.0965	0.9644	1.0112	1.0973	2.9869	0.9603	1.0096	7.9557	0.96	0.9608	0.96	0.962	0.9603	0.9594	0.9607	0.981	0.9676	0.9896	0.9599	0.9614	1.0958	0.9599	0.9607	1.1197	2.8326	0.9611	0.9603	0.9604	0.9599	0.9616	0.9625	3.183	2.5046	0.9617	1.2401	0.9604	0.9599	0.9599	0.9603	0.9599	0.9598	0.9607	1.3164	0.9618	1.0436	0.964	0	0.9599	0.96	0.9619	0.9613	1.934	1.548	0.9598	0.9607	0.9603	0.9641	0.9607	8.7239	2.5216	1.1718
  t	0.9639	0.9642	0.9636	0.9641	0.9633	1.0616	1.3787	0.9637	1.4834	0.9638	0.9635	0.9449	0.9636	1.3851	0.9637	0.9652	0.9637	7.6041	0.964	0.9648	1.0809	0.9641	0.9636	0.9639	0.9628	0.9636	0.964	1.2498	0.9627	0.964	0.9638	0.9638	0.9636	0.9643	0.9699	0.9606	0.9611	0.9642	0.9639	0.9638	0.9637	0.9636	0.9638	0.9636	0.9636	0.964	0.9634	0.9644	0.9644	0.9643	0.9599	0	0.9637	0.9642	0.9642	0.964	0.9597	0.9637	0.9636	0.9638	1.0267	0.964	0.9333	0.9581	0.9637
  u	0.9662	0.9661	1.1239	0.9661	0.9659	0.9657	0.9648	0.9661	0.9411	0.9663	0.9644	0.9423	0.9662	0.9662	0.9662	0.966	0.9662	0.9566	0.9662	0.9658	0.9611	0.9662	0.9662	0.9662	0.9652	0.9662	0.9662	0.9626	0.9631	0.9661	0.9662	0.9662	0.9662	0.9664	0.964	0.9617	1.255	1.2769	0.9662	0.9662	0.9662	0.9661	0.9662	0.9662	0.9661	0.9662	0.9612	0.9661	0.9663	0.9662	0.96	0.9637	0	0.9661	0.9662	0.9654	0.9602	0.9662	0.9661	0.9662	0.9651	0.9662	0.8985	0.9587	0.9662
  v	0.9661	0.966	0.965	0.966	0.9658	0.9656	0.9651	0.966	0.9477	0.9661	0.9648	1.348	0.966	0.9661	0.9661	0.966	0.966	0.959	0.966	0.9658	0.9624	0.966	0.966	0.9661	0.9653	0.966	0.9672	0.9633	0.9642	0.9661	0.966	0.966	0.966	0.966	0.9645	0.9628	1.4412	0.9663	0.966	0.966	0.966	0.966	0.966	0.966	0.966	0.966	0.9622	1.4487	0.9662	0.9661	0.9619	0.9642	0.9661	0	0.9661	0.9658	0.9617	0.966	0.966	0.966	0.9666	0.966	1.912	0.9606	0.966
  w	0.9663	0.9661	0.9647	0.9661	0.9659	0.9657	0.9651	0.9661	0.9464	0.9663	0.9649	0.9569	0.9661	0.9662	0.9662	1.3174	0.9661	0.9585	0.9661	0.9659	0.9617	0.9661	0.9661	0.9661	0.9654	0.9661	0.9661	1.5571	0.9639	0.9662	0.9661	0.9662	0.9661	0.9661	0.9645	0.9625	0.9608	0.9663	0.9661	0.9662	0.9661	0.9661	0.9662	0.9661	0.9661	0.9661	0.9618	0.9661	0.9662	0.9662	0.9613	0.9642	0.9662	0.9661	0	0.9657	0.9615	0.9661	0.9661	0.9662	1.271	0.9662	1.8048	0.96	0.9662
  x	0.9657	0.9656	0.9686	0.9654	0.9898	0.9656	0.9666	0.9656	1.0658	0.9655	0.9652	4.2621	0.9654	0.9656	1.032	0.9659	0.9656	0.9595	0.9656	0.9664	1.0161	0.9654	0.9654	0.9659	0.9652	0.9655	0.9656	0.9636	1.9104	0.9658	0.9655	0.9655	0.9654	0.9658	0.9649	1.8424	0.9842	0.9662	0.9656	0.9655	0.9654	0.9654	0.9655	0.9654	0.9654	0.9656	2.0234	0.9658	0.9659	0.9659	1.934	0.964	0.9654	0.9658	0.9657	0	0.9625	0.9654	0.9655	0.9655	0.9659	0.9656	1.9814	1.326	0.9655
  y	0.9608	0.9615	0.9634	0.9603	0.9599	1.0187	1.9326	0.9604	2.3829	0.9604	0.9625	2.1356	0.9602	0.9615	0.9602	0.9621	0.9603	0.9583	0.9609	0.9635	0.967	0.9606	0.9602	0.9609	0.96	0.9601	0.9609	0.974	1.4427	0.9612	0.9605	0.9605	0.9602	0.9615	0.9617	0.9608	1.2405	0.9613	0.9609	0.9606	0.9602	0.9601	0.9605	0.9602	0.9601	0.9609	0.9606	0.9619	0.9618	0.9617	1.548	0.9597	0.9602	0.9617	0.9615	0.9625	0	0.9601	0.9604	0.9606	1.9307	0.9609	2.8546	0.9593	0.9605
  z	0.9662	0.966	0.9641	0.9661	0.9657	0.9654	0.9647	0.966	0.9408	0.9662	0.9643	0.9416	0.9661	0.9662	0.9662	0.9659	0.9661	0.9563	0.9661	0.9657	0.9601	0.966	0.9661	0.9661	0.9651	0.9661	0.9661	0.9624	0.963	0.9661	0.9661	0.9661	0.9661	0.966	0.9639	0.9615	0.9588	0.9663	0.9661	0.9661	0.9661	0.966	0.9661	0.9661	0.9661	0.9661	0.9606	0.966	0.9662	0.9661	0.9598	0.9637	0.9662	0.966	0.9661	0.9654	0.9601	0	0.966	0.9661	1.4475	0.9661	0.8972	0.9584	0.966
  {	0.9661	0.9659	0.9645	0.966	0.9659	0.9657	0.9647	0.966	0.9418	0.9661	0.9643	1.2821	0.966	0.9661	0.9661	0.9659	0.9661	0.9568	0.966	0.9657	0.9611	0.966	0.966	0.9661	0.9651	0.966	0.966	0.9626	1.0204	0.966	0.966	0.966	0.966	0.9661	0.964	0.9683	1.458	0.9663	0.966	0.966	0.966	0.966	0.9661	0.966	0.966	0.966	1.0285	0.966	0.9662	0.9661	0.9607	0.9636	0.9661	0.966	0.9661	0.9655	0.9604	0.966	0	0.966	0.9655	0.966	0.9019	0.9594	0.966
  |	0.9662	0.966	0.9644	0.9661	0.9658	0.9655	1.2344	0.9661	0.9429	0.9662	0.9645	0.9434	0.9661	0.9662	0.9662	0.966	0.9661	0.9569	0.9661	0.9658	0.9606	0.9661	0.9661	0.9661	0.9652	0.9661	0.9661	0.9627	0.9633	0.9661	0.9661	0.9661	0.9661	0.9661	0.9641	0.9618	0.9593	0.9663	0.9661	0.9661	0.9661	0.9661	0.9661	0.9661	0.9661	0.9661	0.961	0.9661	0.9662	0.9662	0.9603	0.9638	0.9662	0.966	0.9662	0.9655	0.9606	0.9661	0.966	0	0.9651	0.9661	1.1264	0.9589	0.9661
  }	0.9654	0.9685	0.9659	0.9656	0.9651	1.2379	0.968	0.9651	0.9735	0.9652	1.4473	1.5502	0.9651	0.9981	0.9651	2.9024	0.9652	1.7949	0.9652	0.9659	1.1303	0.9655	0.965	0.9654	0.9646	0.965	0.9657	1.0876	1.5301	1.2994	0.9652	0.9651	0.965	0.9659	0.9802	0.9645	2.8109	0.9697	0.9652	0.9653	0.965	0.965	0.9652	0.965	1.4507	0.9652	1.0134	0.9657	0.9657	0.9656	0.9641	1.0267	0.9651	0.9666	1.271	0.9659	1.9307	1.4475	0.9655	0.9651	0	0.9652	5.2061	0.9632	0.9653
  ~	0.9662	0.966	0.9644	0.9661	0.9658	0.9655	0.9683	0.9661	0.9447	0.9662	0.9646	0.9448	0.9661	0.9662	0.9662	0.966	0.9661	0.9575	0.9661	0.9658	0.9609	0.9661	0.9661	0.9661	0.9653	0.9661	0.9661	0.9629	0.9635	0.9661	0.9661	0.9661	0.9661	0.9661	0.9642	0.9621	0.9597	0.9663	0.9661	0.9661	0.9661	0.9661	0.9661	0.9661	0.9661	0.9661	0.9613	0.9661	0.9662	0.9661	0.9607	0.964	0.9662	0.966	0.9662	0.9656	0.9609	0.9661	0.966	0.9661	0.9652	0	1.3576	0.9594	0.9661
  	1.1872	1.7549	8.3442	0.8997	0.8975	1.222	6.6052	0.9009	83.6387	0.9958	4.4273	15.813	0.8985	1.3691	0.8976	2.6877	0.8996	1.5551	1.3589	6.8184	8.9056	1.0702	0.8981	1.1411	0.9005	0.8973	1.3568	2.313	7.579	1.0978	1.0435	1.0907	0.8977	1.9219	3.0909	0.9283	15.5128	1.3561	1.3007	1.1269	0.8981	0.8976	0.962	0.8981	0.9005	1.3596	1.9343	2.2973	1.858	1.9923	8.7239	0.9333	0.8985	1.912	1.8048	1.9814	2.8546	0.8972	0.9019	1.1264	5.2061	1.3576	0	1.6611	0.9661
  	0.9593	0.9602	0.9662	0.9586	1.1309	0.9623	0.9626	2.4086	2.2537	0.9587	0.9615	12.2413	0.9586	0.9596	0.9586	0.961	0.9589	0.9563	0.9594	0.9629	2.2802	0.959	0.9585	1.0539	0.9594	0.9584	0.9594	0.9593	2.3369	0.9597	0.9589	0.959	0.9584	1.4454	0.9609	0.9993	2.7106	0.961	0.9594	0.9589	0.9585	0.9584	0.9592	0.9585	0.9584	0.9594	1.4998	0.9607	0.9606	0.9627	2.5216	0.9581	0.9587	0.9606	0.96	1.326	0.9593	0.9584	0.9594	0.9589	0.9632	0.9594	1.6611	0	0.9591
  	0.9661	0.966	0.9828	0.9661	0.9658	0.9656	0.9649	0.966	0.9422	1.036	1.148	1.1086	0.966	0.9661	0.9661	0.9661	0.9661	0.9572	0.9661	0.9658	0.9607	0.966	0.966	0.9661	0.9652	0.966	0.9661	1.1612	0.9634	0.966	0.9661	0.9661	0.966	0.9661	0.9641	0.9622	1.5534	0.9664	0.9661	0.9661	0.9661	0.966	0.9661	0.966	0.966	0.9661	0.9613	0.966	0.9663	0.9661	1.1718	0.9637	0.9662	0.966	0.9662	0.9655	0.9605	0.966	0.966	0.9661	0.9653	0.9661	0.9661	0.9591	0

Actual rates from j->i (Q_ij):
	A	B	C	D	E	F	G	H	I	J	K	L	M	N	O	P	Q	R	S	T	U	V	W	X	Y	Z	[	\	]	^	_	`	a	b	c	d	e	f	g	h	i	j	k	l	m	n	o	p	q	r	s	t	u	v	w	x	y	z	{	|	}	~			
  A	0	0.0178	0.0178	0.0178	0.0178	0.0178	0.0178	0.0178	0.0174	0.0178	0.0178	0.0174	0.0178	0.0178	0.0178	0.0178	0.0178	0.0177	0.0178	0.0178	0.0177	0.0178	0.0178	0.0178	0.0178	0.0178	0.0178	0.0178	0.0215	0.0178	0.0178	0.0178	0.0178	0.0178	0.0178	0.0177	0.0177	0.0178	0.0178	0.0178	0.0178	0.0178	0.0178	0.0178	0.0178	0.0178	0.0177	0.0178	0.0178	0.0178	0.0177	0.0178	0.0178	0.0178	0.0178	0.0178	0.0177	0.0178	0.0178	0.0178	0.0178	0.0178	0.0219	0.0177	0.0178
  B	0.015	0	0.0149	0.015	0.015	0.015	0.015	0.015	0.0231	0.015	0.0149	0.0147	0.015	0.015	0.015	0.015	0.015	0.0148	0.015	0.015	0.0149	0.015	0.015	0.015	0.015	0.015	0.015	0.0149	0.0149	0.015	0.015	0.015	0.015	0.015	0.0149	0.0149	0.0149	0.015	0.015	0.015	0.015	0.015	0.015	0.015	0.015	0.015	0.0149	0.015	0.015	0.015	0.0149	0.0149	0.015	0.015	0.015	0.015	0.0149	0.015	0.015	0.015	0.015	0.015	0.0272	0.0149	0.015
  C	0.007	0.007	0	0.007	0.007	0.007	0.0074	0.007	0.007	0.0072	0.0075	0.0213	0.007	0.007	0.007	0.007	0.007	0.007	0.007	0.007	0.0118	0.007	0.007	0.0088	0.007	0.007	0.007	0.0072	0.011	0.007	0.007	0.007	0.007	0.007	0.007	0.007	0.0186	0.0087	0.007	0.007	0.007	0.007	0.007	0.007	0.007	0.007	0.016	0.007	0.0077	0.007	0.0077	0.007	0.0082	0.007	0.007	0.007	0.007	0.007	0.007	0.007	0.007	0.007	0.0606	0.007	0.0071
  D	0.0188	0.0188	0.0188	0	0.0188	0.0188	0.0188	0.0188	0.0183	0.0188	0.0188	0.0184	0.0188	0.0188	0.0188	0.0188	0.0188	0.0655	0.0188	0.0188	0.0187	0.0188	0.0188	0.0188	0.0188	0.0188	0.0188	0.0281	0.0188	0.0188	0.0188	0.0188	0.0188	0.0188	0.0188	0.0187	0.0187	0.0188	0.0188	0.0188	0.0188	0.0188	0.0188	0.0188	0.0188	0.0188	0.0187	0.0188	0.0188	0.0188	0.0187	0.0188	0.0188	0.0188	0.0188	0.0188	0.0187	0.0188	0.0188	0.0188	0.0188	0.0188	0.0175	0.0187	0.0188
  E	0.0197	0.0197	0.0197	0.0197	0	0.0201	0.0197	0.0197	0.0192	0.0197	0.0197	0.0204	0.0197	0.0197	0.0249	0.0197	0.0197	0.0195	0.0197	0.0197	0.0196	0.0197	0.0197	0.0197	0.0197	0.0197	0.0197	0.0196	0.0203	0.0197	0.0197	0.0197	0.0197	0.0197	0.0197	0.0627	0.0306	0.0197	0.0197	0.0197	0.0197	0.0197	0.0197	0.0197	0.0197	0.0197	0.0888	0.0197	0.0197	0.0197	0.0224	0.0196	0.0197	0.0197	0.0197	0.0202	0.0196	0.0197	0.0197	0.0197	0.0197	0.0197	0.0183	0.0231	0.0197
  F	0.0166	0.0166	0.0166	0.0166	0.0169	0	0.0166	0.0166	0.0184	0.0166	0.0166	0.0213	0.0166	0.0166	0.0166	0.0282	0.0166	0.0953	0.0166	0.0166	0.0166	0.0191	0.0166	0.0166	0.0166	0.0166	0.0166	0.0166	0.0166	0.0166	0.0166	0.0166	0.0166	0.0166	0.0196	0.0165	0.0793	0.0166	0.0166	0.0166	0.0166	0.0166	0.0166	0.0166	0.0166	0.0166	0.0562	0.0166	0.0166	0.0166	0.0166	0.0182	0.0166	0.0166	0.0166	0.0166	0.0175	0.0166	0.0166	0.0166	0.0212	0.0166	0.021	0.0165	0.0166
  G	0.0078	0.0078	0.0082	0.0078	0.0078	0.0078	0	0.0078	0.0194	0.0078	0.0078	0.008	0.0078	0.0078	0.0078	0.0078	0.0078	0.0078	0.0078	0.008	0.0121	0.0082	0.0078	0.0078	0.0078	0.0078	0.0078	0.0078	0.0078	0.0078	0.0078	0.0078	0.0078	0.0078	0.008	0.0078	0.0082	0.0078	0.0079	0.0078	0.0078	0.0078	0.0078	0.0078	0.0078	0.0078	0.011	0.0078	0.0113	0.0078	0.0081	0.0111	0.0078	0.0078	0.0078	0.0078	0.0155	0.0078	0.0078	0.0099	0.0078	0.0078	0.0531	0.0077	0.0078
  H	0.0187	0.0187	0.0186	0.0187	0.0187	0.0187	0.0186	0	0.0183	0.0187	0.0186	0.0255	0.0187	0.0187	0.0187	0.0187	0.0187	0.0185	0.0187	0.0187	0.0186	0.0187	0.0187	0.0187	0.0187	0.0187	0.0187	0.0186	0.0217	0.0187	0.0187	0.0187	0.0187	0.0187	0.0186	0.0279	0.0185	0.0187	0.0187	0.0187	0.0187	0.0187	0.0187	0.0187	0.0187	0.0187	0.0186	0.0187	0.0187	0.0187	0.0212	0.0186	0.0187	0.0187	0.0187	0.0187	0.0186	0.0187	0.0187	0.0187	0.0186	0.0187	0.0174	0.0465	0.0187
  I	0.0016	0.0025	0.0016	0.0016	0.0016	0.0018	0.0041	0.0016	0	0.0016	0.0025	0.0047	0.0016	0.0016	0.0016	0.0022	0.0016	0.002	0.0016	0.0017	0.0049	0.0016	0.0016	0.0016	0.0016	0.0016	0.0016	0.0017	0.0031	0.0016	0.0016	0.0016	0.0016	0.0016	0.0055	0.0016	0.0016	0.0016	0.0016	0.0016	0.0016	0.0016	0.0024	0.0016	0.0016	0.0016	0.0027	0.0016	0.0016	0.0016	0.0051	0.0025	0.0016	0.0016	0.0016	0.0018	0.0041	0.0016	0.0016	0.0016	0.0017	0.0016	0.143	0.0039	0.0016
  J	0.0189	0.0189	0.0194	0.0189	0.0189	0.0189	0.0189	0.0189	0.0184	0	0.0238	0.0184	0.0189	0.0189	0.0189	0.0189	0.0189	0.0187	0.0189	0.0189	0.0188	0.0189	0.0189	0.0189	0.0189	0.0189	0.0189	0.0215	0.0188	0.0189	0.0189	0.0189	0.0189	0.0189	0.0189	0.0188	0.0188	0.0189	0.0189	0.0189	0.0189	0.0189	0.0189	0.0189	0.0189	0.0189	0.0188	0.0189	0.0189	0.0189	0.0188	0.0188	0.0189	0.0189	0.0189	0.0189	0.0188	0.0189	0.0189	0.0189	0.0189	0.0189	0.0195	0.0187	0.0203
  K	0.0098	0.0098	0.0106	0.0098	0.0098	0.0098	0.0098	0.0098	0.0146	0.0124	0	0.0097	0.0098	0.0098	0.0098	0.0098	0.0098	0.0098	0.0098	0.0098	0.01	0.0098	0.0098	0.0098	0.0098	0.0098	0.0098	0.0123	0.0098	0.0098	0.0098	0.0098	0.0098	0.0098	0.0104	0.0098	0.0098	0.0098	0.0098	0.0125	0.0098	0.0098	0.0098	0.0098	0.0098	0.0098	0.0098	0.0098	0.0098	0.0098	0.0103	0.0098	0.0098	0.0098	0.0098	0.0098	0.0098	0.0098	0.0098	0.0098	0.0147	0.0098	0.045	0.0098	0.0117
  L	0.0051	0.0051	0.0158	0.0051	0.0054	0.0067	0.0054	0.0071	0.0147	0.0051	0.0051	0	0.0051	0.0051	0.0051	0.0051	0.0064	0.0052	0.0051	0.0052	0.0721	0.0051	0.0051	0.0085	0.0069	0.0051	0.0051	0.0069	0.0298	0.0135	0.0051	0.0051	0.0051	0.0051	0.0051	0.052	0.0277	0.0071	0.0051	0.0051	0.0051	0.0051	0.0051	0.0051	0.0051	0.0051	0.0499	0.0051	0.0079	0.0059	0.0428	0.0051	0.0051	0.0072	0.0051	0.0229	0.0115	0.0051	0.0069	0.0051	0.0083	0.0051	0.085	0.0658	0.006
  M	0.0192	0.0192	0.0191	0.0192	0.0192	0.0192	0.0191	0.0192	0.0187	0.0192	0.0191	0.0187	0	0.0192	0.0192	0.0192	0.0192	0.019	0.0192	0.0192	0.0191	0.0192	0.0192	0.0192	0.0192	0.0192	0.0192	0.0191	0.0191	0.0192	0.0192	0.0192	0.0192	0.0192	0.0191	0.0191	0.0476	0.0192	0.0192	0.0192	0.0192	0.0192	0.0192	0.0192	0.0192	0.0192	0.0191	0.0192	0.0192	0.0192	0.0191	0.0191	0.0192	0.0192	0.0192	0.0192	0.0191	0.0192	0.0192	0.0192	0.0192	0.0192	0.0178	0.019	0.0192
  N	0.0169	0.0169	0.0169	0.0169	0.0169	0.0169	0.0169	0.0169	0.0166	0.0169	0.0169	0.0166	0.0169	0	0.0169	0.0169	0.0169	0.0281	0.0169	0.0169	0.0173	0.0169	0.0169	0.0169	0.0169	0.0169	0.0169	0.0169	0.0169	0.0169	0.0169	0.0169	0.0169	0.0169	0.0169	0.0169	0.0169	0.0169	0.0169	0.0169	0.0169	0.0169	0.0169	0.0169	0.0169	0.0169	0.0168	0.0169	0.0169	0.0169	0.0168	0.0243	0.0169	0.0169	0.0169	0.0169	0.0169	0.0169	0.0169	0.0169	0.0175	0.0169	0.024	0.0168	0.0169
  O	0.0194	0.0194	0.0194	0.0194	0.0246	0.0194	0.0194	0.0194	0.0189	0.0194	0.0194	0.019	0.0194	0.0194	0	0.0194	0.0194	0.0192	0.0194	0.0194	0.0193	0.0194	0.0194	0.0194	0.0194	0.0246	0.0194	0.0194	0.0194	0.0194	0.0194	0.0194	0.0194	0.0194	0.0194	0.0194	0.0199	0.0194	0.0194	0.0194	0.0194	0.0194	0.0194	0.0194	0.0194	0.0194	0.0362	0.0194	0.0194	0.0194	0.0193	0.0194	0.0194	0.0194	0.0194	0.0208	0.0193	0.0194	0.0194	0.0194	0.0194	0.0194	0.0181	0.0193	0.0194
  P	0.0135	0.0135	0.0135	0.0135	0.0135	0.023	0.0135	0.0135	0.0177	0.0135	0.0135	0.0133	0.0135	0.0135	0.0135	0	0.0135	0.0324	0.0135	0.0135	0.0164	0.0135	0.0135	0.0135	0.0135	0.0135	0.0135	0.0165	0.0135	0.0135	0.0135	0.0135	0.0135	0.0135	0.0138	0.0135	0.018	0.0135	0.0135	0.0135	0.0135	0.0135	0.0135	0.0135	0.0135	0.0135	0.0135	0.0135	0.0135	0.0135	0.0135	0.0135	0.0135	0.0135	0.0184	0.0135	0.0135	0.0135	0.0135	0.0135	0.0406	0.0135	0.0376	0.0134	0.0135
  Q	0.0189	0.0189	0.0189	0.0189	0.0189	0.0189	0.0189	0.0189	0.0184	0.0189	0.0189	0.0234	0.0189	0.0189	0.0189	0.0189	0	0.0187	0.0189	0.0189	0.0188	0.0189	0.0189	0.0189	0.0189	0.0189	0.0189	0.0188	0.0188	0.0189	0.0189	0.0189	0.0189	0.0189	0.0189	0.0189	0.0315	0.0189	0.0189	0.0189	0.0189	0.0189	0.0189	0.0189	0.0189	0.0189	0.0406	0.0189	0.0189	0.0189	0.0188	0.0188	0.0189	0.0189	0.0189	0.0189	0.0188	0.0189	0.0189	0.0189	0.0189	0.0189	0.0176	0.0188	0.0189
  R	0.0132	0.0133	0.0133	0.0465	0.0132	0.0768	0.0134	0.0132	0.0166	0.0132	0.0133	0.0133	0.0132	0.0222	0.0132	0.0321	0.0132	0	0.0133	0.0133	0.0222	0.0287	0.0132	0.0133	0.0132	0.0132	0.0133	0.0632	0.0133	0.0133	0.0132	0.0132	0.0132	0.0133	0.0156	0.0133	0.0917	0.0133	0.0132	0.0132	0.0132	0.0132	0.0132	0.0132	0.0132	0.0133	0.0145	0.0133	0.0133	0.0133	0.0133	0.1052	0.0132	0.0133	0.0133	0.0133	0.0133	0.0132	0.0132	0.0132	0.0248	0.0133	0.0215	0.0132	0.0132
  S	0.017	0.017	0.017	0.017	0.017	0.017	0.017	0.017	0.0166	0.017	0.017	0.0166	0.017	0.017	0.017	0.017	0.017	0.0168	0	0.017	0.0169	0.017	0.017	0.017	0.017	0.017	0.017	0.0169	0.0169	0.017	0.017	0.017	0.017	0.017	0.0169	0.0169	0.0169	0.017	0.017	0.017	0.017	0.017	0.017	0.017	0.017	0.017	0.0169	0.017	0.017	0.017	0.0169	0.0169	0.017	0.017	0.017	0.017	0.0169	0.017	0.017	0.017	0.017	0.017	0.0239	0.0169	0.017
  T	0.0078	0.0078	0.0078	0.0078	0.0078	0.0078	0.0081	0.0078	0.0082	0.0078	0.0078	0.0078	0.0078	0.0078	0.0078	0.0078	0.0078	0.0078	0.0078	0	0.0078	0.0078	0.0078	0.0078	0.0078	0.0078	0.0078	0.0078	0.0078	0.0078	0.0078	0.0078	0.0078	0.0078	0.0094	0.0078	0.0091	0.0078	0.0078	0.0078	0.0078	0.0078	0.0099	0.0078	0.0078	0.0078	0.0078	0.0078	0.0121	0.0078	0.0079	0.0078	0.0078	0.0078	0.0078	0.0078	0.0078	0.0078	0.0078	0.0078	0.0078	0.0078	0.0551	0.0078	0.0078
