Map from character to field name
A:	Algeria
B:	Argentina
C:	Australia
D:	Austria
E:	Bangladesh
F:	Belgium
G:	Brazil
H:	Cambodia
I:	Canada
J:	Chad
K:	Chile
L:	China
M:	Czech Republic
N:	Denmark
O:	Egypt
P:	France
Q:	Georgia
R:	Germany
S:	Guam
T:	Guatemala
U:	Hong Kong
V:	Hungary
W:	Iceland
X:	India
Y:	Indonesia
Z:	Iran
[:	Ireland
\:	Italy
]:	Japan
^:	Kazakhstan
_:	Kuwait
`:	Laos
a:	Luxembourg
b:	Malaysia
c:	Mexico
d:	Mongolia
e:	Netherlands
f:	New Zealand
g:	Nicaragua
h:	Nigeria
i:	Norway
j:	Pakistan
k:	Peru
l:	Philippines
m:	Poland
n:	Romania
o:	Russia
p:	Saudi Arabia
q:	Singapore
r:	South Africa
s:	South Korea
t:	Spain
u:	Sri Lanka
v:	Sweden
w:	Switzerland
x:	Taiwan
y:	Thailand
z:	Turkey
{:	Ukraine
|:	United Arab Emirates
}:	United Kingdom
~:	Uruguay
:	Usa
:	Vietnam
:	Zambia
:	?


Substitution rate (mu): 23.182229

Equilibrium frequencies (pi_i):
  A: 0.0182
  B: 0.0159
  C: 0.0101
  D: 0.0179
  E: 0.0174
  F: 0.0163
  G: 0.0086
  H: 0.0183
  I: 0.0018
  J: 0.0195
  K: 0.0096
  L: 0.008
  M: 0.0196
  N: 0.0186
  O: 0.0173
  P: 0.0174
  Q: 0.0198
  R: 0.0121
  S: 0.0173
  T: 0.0072
  U: 0.0058
  V: 0.0191
  W: 0.0193
  X: 0.0189
  Y: 0.0191
  Z: 0.0194
  [: 0.0173
  \: 0.0154
  ]: 0.0096
  ^: 0.0162
  _: 0.0182
  `: 0.0197
  a: 0.0196
  b: 0.017
  c: 0.0114
  d: 0.0098
  e: 0.0043
  f: 0.019
  g: 0.0198
  h: 0.0173
  i: 0.0194
  j: 0.0195
  k: 0.0175
  l: 0.0194
  m: 0.0197
  n: 0.0193
  o: 0.0096
  p: 0.0155
  q: 0.0181
  r: 0.0158
  s: 0.0065
  t: 0.0175
  u: 0.0194
  v: 0.0155
  w: 0.0151
  x: 0.0141
  y: 0.0108
  z: 0.0197
  {: 0.0192
  |: 0.0188
  }: 0.0102
  ~: 0.0173
  : 0.0052
  : 0.0107
  : 0.0193

Symmetrized rates from j->i (W_ij):
	A	B	C	D	E	F	G	H	I	J	K	L	M	N	O	P	Q	R	S	T	U	V	W	X	Y	Z	[	\	]	^	_	`	a	b	c	d	e	f	g	h	i	j	k	l	m	n	o	p	q	r	s	t	u	v	w	x	y	z	{	|	}	~			
  A	0	0.9611	0.9596	0.9611	0.9605	0.9603	0.96	0.9614	0.9358	0.9611	0.961	0.9408	0.9609	0.961	0.9607	0.9609	0.961	0.9485	0.9611	0.9613	0.9539	0.9609	0.9611	0.961	0.9602	0.961	0.9611	0.9566	1.1988	0.961	0.9611	0.9611	0.9611	0.9611	0.9588	0.9569	0.9534	0.961	0.961	0.9611	0.961	0.9611	0.9612	0.961	0.961	0.9612	0.9568	0.9611	0.9611	0.9612	0.955	0.9579	0.9611	0.9611	0.9613	0.961	0.955	0.961	0.9611	0.9611	0.9603	0.9611	1.1548	0.9534	0.9611
  B	0.9611	0	0.9594	0.9609	0.9603	0.9602	0.9596	0.9614	1.0763	0.9609	0.9606	0.9412	0.9607	0.9609	0.9605	0.9607	0.9608	0.9499	0.9609	0.9606	1.3614	0.9607	0.9609	0.9608	0.9601	0.9608	0.9609	0.957	0.9596	0.9608	0.9609	0.9608	0.9609	1.0241	0.9588	0.9568	0.9537	0.9608	0.9608	0.9609	0.9608	0.9609	0.9609	0.9608	0.9608	0.9609	0.9569	0.9608	0.961	0.9746	0.9546	0.9581	0.9609	0.9608	0.961	0.9604	0.9555	0.9608	0.9609	0.9609	0.9598	0.9609	1.6681	0.9542	0.9609
  C	0.9596	0.9594	0	0.9591	1.0324	0.9615	1.7524	0.9606	0.9719	1.0126	1.2883	3.4843	0.9588	1.2139	0.959	0.9596	0.9591	0.9558	0.959	0.9641	3.1351	1.4358	0.9587	0.9608	0.9589	0.9589	0.959	1.092	1.4905	0.9598	0.9591	0.9587	0.9587	1.2488	0.961	0.969	4.0827	0.9624	1.9133	0.959	0.9589	0.9587	1.2073	0.9589	0.9586	0.9588	1.1364	0.9593	1.7912	0.9596	2.365	0.9572	0.9587	0.9597	0.9597	1.2919	0.9579	0.9586	0.9593	0.9588	0.9618	0.959	4.0499	1.4252	1.0814
  D	0.9611	0.9609	0.9591	0	0.9604	0.9607	0.9594	0.9613	0.9329	0.9611	0.9604	1.2837	0.9608	0.9613	0.9605	0.961	0.9608	3.3549	0.9609	0.9606	0.954	0.961	0.9612	0.9609	0.9601	0.9609	0.9609	1.292	0.9594	0.961	0.9609	0.9609	0.9609	0.9609	0.9585	0.9566	0.9535	0.9609	0.9609	0.9609	0.9609	0.9609	0.961	0.9609	0.9636	0.961	0.9568	0.9609	0.9611	0.961	0.9539	0.958	0.9609	0.9609	0.961	0.9603	0.9554	0.9609	0.961	0.9609	1.2011	0.9609	0.8956	0.9533	0.961
  E	0.9605	0.9603	1.0324	0.9604	0	0.9603	0.9594	0.9609	0.9347	0.9603	0.961	2.3704	0.9602	0.9602	0.9603	0.9601	1.4351	0.9492	0.9603	0.9605	0.9554	0.9602	0.9604	1.173	0.9595	0.9604	0.9603	0.9565	1.0555	0.9605	0.9603	0.9602	0.9602	0.9605	0.9583	1.4407	1.9319	0.9603	0.9602	0.9603	0.9602	0.9602	0.9605	0.9602	0.9602	0.9603	3.3328	0.9603	0.9606	0.9605	0.9548	0.9573	0.9602	0.9604	0.9604	0.9603	0.9547	0.9601	0.9608	0.9602	0.9598	0.9603	1.0167	1.2271	0.9605
  F	0.9603	0.9602	0.9615	0.9607	0.9603	0	0.9597	0.9605	1.3542	0.9601	0.9609	1.4334	1.0816	0.9608	0.9605	2.327	0.9602	3.8784	0.9601	0.9607	0.9594	0.9937	0.961	0.9605	0.9597	0.9622	0.9601	1.3871	0.9606	0.9602	0.9601	0.96	0.9609	0.9603	0.9587	0.9602	4.0241	0.9602	0.96	0.9601	0.96	0.96	0.9605	0.9601	0.96	0.9602	3.867	0.9602	0.9606	0.9604	1.0578	1.3875	0.96	0.9603	0.9605	0.96	0.9729	0.96	0.9617	0.9601	1.0464	0.9601	1.2991	0.9542	0.9605
  G	0.96	0.9596	1.7524	0.9594	0.9594	0.9597	0	0.9604	3.215	0.9595	1.0028	1.5693	0.9592	0.9601	0.9592	0.9596	0.9592	0.9545	0.9594	1.0028	1.9868	0.9592	0.9593	0.9593	0.9589	0.9592	0.9594	1.0188	1.4391	0.9597	0.9593	0.9592	0.9592	0.9595	0.9592	0.9597	0.9582	0.9592	0.9594	0.9594	0.9592	0.9592	0.9595	0.9592	0.9592	0.9593	1.0348	0.9596	1.2595	0.9596	0.9577	0.9579	0.9592	0.9596	0.9598	0.9618	0.9587	0.9592	0.9595	1.3077	0.96	0.9609	5.7886	0.9637	0.9597
  H	0.9614	0.9614	0.9606	0.9613	0.9609	0.9605	0.9604	0	0.9492	0.9613	0.961	1.434	0.9611	0.9614	0.9608	0.9613	0.9612	0.9488	0.9613	0.9612	1.3067	0.9611	0.9613	0.9611	0.9603	0.9612	0.9613	0.9569	0.961	0.9612	0.9613	0.9612	0.9612	0.9623	0.9592	1.4366	0.9568	0.9616	0.9612	0.9613	0.9612	0.9614	0.9613	0.9612	0.9612	0.9613	0.9575	0.9613	0.9615	0.9614	0.9552	0.958	0.9614	0.9612	0.9614	0.9615	0.9562	0.9612	0.9613	0.9613	0.9602	0.9613	0.9667	2.069	0.9613
  I	0.9358	1.0763	0.9719	0.9329	0.9347	1.3542	3.215	0.9492	0	0.9305	1.4531	3.9583	0.9304	0.9327	0.9527	1.1748	0.9302	0.9428	0.9338	1.4799	5.0141	0.9311	0.9307	0.9317	0.9313	0.9306	0.9338	1.4534	2.3764	0.9361	0.9324	0.9302	0.9304	0.9349	2.5466	1.4654	1.087	0.9314	0.9299	0.9338	0.9306	0.9305	0.9486	0.9306	0.93	0.931	3.1479	0.9367	0.933	0.9362	1.9099	0.9332	0.9305	0.9369	0.9378	0.9556	3.6569	0.93	0.932	0.9316	0.9465	0.9339	72.013	1.479	0.9312
  J	0.9611	0.9609	1.0126	0.9611	0.9603	0.9601	0.9595	0.9613	0.9305	0	1.0341	0.9364	0.9609	0.9705	0.9605	0.9607	0.9609	0.9478	0.961	0.9606	0.9527	0.9609	0.961	0.9609	0.96	0.9609	0.961	1.3723	0.959	0.9608	0.961	0.961	0.961	0.961	0.9583	0.9559	0.9518	0.9609	0.961	0.961	0.961	0.961	0.9611	0.961	0.961	0.9611	0.956	0.9609	0.9611	0.9611	0.9533	0.9577	0.961	0.9609	0.9611	0.9603	0.9543	0.961	0.9611	0.961	0.9597	0.961	0.9039	0.9523	1.0065
  K	0.961	0.9606	1.2883	0.9604	0.961	0.9609	1.0028	0.961	1.4531	1.0341	0	1.0198	0.9602	1.0681	0.9602	0.9606	0.9603	0.9548	0.9604	0.9623	0.9814	0.9604	0.9602	0.9604	0.9598	0.9601	0.9604	1.1639	1.0449	0.961	0.9603	0.9603	0.9602	0.9607	0.9601	0.9635	0.9668	0.9602	0.9606	0.9604	0.9601	0.9601	0.9606	0.9601	0.9601	0.9603	0.9818	0.9607	0.9611	0.9608	0.962	0.9586	0.9602	0.9607	1.1412	0.9629	1.4351	0.9601	0.9604	0.9603	1.4421	0.9604	4.997	0.9671	1.1218
  L	0.9408	0.9412	3.4843	1.2837	2.3704	1.4334	1.5693	1.434	3.9583	0.9364	1.0198	0	0.9364	0.9409	0.9408	1.2461	0.9367	1.4137	0.939	1.4016	12.764	0.9371	0.9368	1.415	0.9524	0.9373	0.939	1.0739	5.2934	3.5309	0.938	0.9361	0.9362	0.941	0.9672	11.4993	8.5532	0.9447	0.9373	0.939	0.9365	0.939	0.9399	0.9365	0.9366	0.9366	7.3308	0.9414	2.2218	0.9418	5.7349	0.9379	0.9363	1.0297	0.9422	2.4763	1.8979	0.9359	0.9566	0.9371	2.2644	0.939	8.904	11.3511	1.207
  M	0.9609	0.9607	0.9588	0.9608	0.9602	1.0816	0.9592	0.9611	0.9304	0.9609	0.9602	0.9364	0	0.9607	0.9603	0.9606	0.9607	0.9477	0.9608	0.9605	0.9526	0.9607	0.9609	0.9607	0.9598	0.9607	0.9608	0.956	0.959	0.9607	0.9608	0.9608	0.9608	0.9608	0.9582	0.9559	1.1394	0.9607	0.9607	0.9608	0.9608	0.9608	0.9609	0.9608	0.9607	0.9608	1.648	0.9608	0.9609	0.9609	0.9532	0.9574	0.9608	0.9607	0.9609	0.9601	0.9541	0.9607	0.9611	0.9608	0.9596	0.9608	0.8886	0.9522	0.9609
  N	0.961	0.9609	1.2139	0.9613	0.9602	0.9608	0.9601	0.9614	0.9327	0.9705	1.0681	0.9409	0.9607	0	0.9605	0.9609	0.9608	1.7881	0.9609	0.9606	1.2558	0.961	0.9611	0.9608	0.96	0.9608	0.9609	0.9936	0.9592	0.9608	0.9609	0.9609	0.9609	0.9612	0.9584	0.9561	0.9556	0.9609	0.9609	0.9609	0.9609	0.9609	0.961	0.9609	0.9608	0.9609	0.9564	0.9609	0.9611	0.961	0.9536	0.9588	0.9609	0.9608	0.961	0.9606	0.9552	0.9608	0.961	0.9609	0.9599	0.9609	0.9846	0.9686	0.9784
  O	0.9607	0.9605	0.959	0.9605	0.9603	0.9605	0.9592	0.9608	0.9527	0.9605	0.9602	0.9408	0.9603	0.9605	0	0.9603	0.9604	0.9487	0.9605	0.9605	0.9537	0.9604	0.9605	0.9609	0.9597	0.9607	0.9605	0.9563	0.9592	0.9604	0.9605	0.9604	0.9605	0.9605	0.9584	0.9564	1.4151	0.9604	0.9604	0.9605	0.9604	0.9605	0.9606	0.9604	0.9604	0.9605	0.9663	0.9605	0.9606	0.9606	0.954	0.9575	0.9605	0.9605	0.9606	0.96	0.9547	0.9604	0.9606	0.9605	0.9596	0.9605	1.3253	0.9531	0.9605
  P	0.9609	0.9607	0.9596	0.961	0.9601	2.327	0.9596	0.9613	1.1748	0.9607	0.9606	1.2461	0.9606	0.9609	0.9603	0	0.9605	1.5031	0.9606	0.9607	1.7103	0.9606	0.9607	0.9605	0.9598	0.9606	0.9607	1.0747	0.9609	0.9606	0.9606	0.9606	0.9606	0.9608	0.9587	0.9566	1.4324	0.9606	0.9606	0.9607	0.9606	0.9606	0.9608	0.9606	0.9606	1.2192	0.962	0.9607	0.9609	0.9608	0.9543	0.9582	0.9606	0.9607	1.3029	0.9603	0.9555	0.9606	0.9608	0.9606	2.5714	0.9606	1.4726	0.9537	0.9607
  Q	0.961	0.9608	0.9591	0.9608	1.4351	0.9602	0.9592	0.9612	0.9302	0.9609	0.9603	0.9367	0.9607	0.9608	0.9604	0.9605	0	0.9474	0.9608	0.9606	0.9526	0.9607	0.9609	0.9608	0.9599	0.9608	0.9608	0.956	0.9591	0.9607	0.9608	0.9608	0.9608	0.9608	0.9582	0.9561	1.4156	0.9607	0.9608	0.9608	0.9608	0.9608	0.961	0.9608	0.9608	0.9609	1.9575	0.9608	0.961	0.961	0.9532	0.9574	0.9608	0.9608	0.9609	0.9601	0.9541	0.9608	0.9611	0.9608	0.9596	0.9608	0.888	0.9522	0.9609
  R	0.9485	0.9499	0.9558	3.3549	0.9492	3.8784	0.9545	0.9488	0.9428	0.9478	0.9548	1.4137	0.9477	1.7881	0.9487	1.5031	0.9474	0	0.9489	0.9561	1.6655	1.8577	1.3893	0.948	0.9475	0.9475	0.9489	6.1007	0.9544	0.9501	0.9483	0.9473	0.9474	0.9496	0.9519	0.9523	6.344	0.948	0.9472	0.9489	0.9475	0.9474	0.9492	0.9475	0.9473	0.9476	1.3752	0.9502	0.949	0.9501	0.9525	7.2579	0.9476	0.9507	0.9506	0.9511	1.414	0.9473	0.9484	0.9479	1.3459	0.9489	1.837	0.9608	0.9483
  S	0.9611	0.9609	0.959	0.9609	0.9603	0.9601	0.9594	0.9613	0.9338	0.961	0.9604	0.939	0.9608	0.9609	0.9605	0.9606	0.9608	0.9489	0	0.9606	0.9536	0.9608	0.9609	0.9608	0.9601	0.9609	0.9609	0.9566	0.9593	0.9608	0.9609	0.9609	0.9609	0.9609	0.9586	0.9564	0.9525	0.9608	0.9609	0.9609	0.9609	0.9609	0.961	0.9609	0.9609	0.961	0.9566	0.9609	0.961	0.961	0.9541	0.9579	0.9609	0.9608	0.961	0.9603	0.9549	0.9609	0.961	0.9609	0.9597	0.9609	1.3441	0.9533	0.9609
  T	0.9613	0.9606	0.9641	0.9606	0.9605	0.9607	1.0028	0.9612	1.4799	0.9606	0.9623	1.4016	0.9605	0.9606	0.9605	0.9607	0.9606	0.9561	0.9606	0	0.9604	0.9606	0.9606	0.9606	0.9603	0.9606	0.9606	0.9593	0.9617	0.9607	0.9606	0.9606	0.9606	0.9608	1.0846	0.9597	1.1307	0.9607	0.9606	0.9606	0.9606	0.9606	1.1354	0.9606	0.9606	0.9607	0.9599	0.9607	1.1386	0.9607	0.9583	0.9594	0.9606	0.9607	0.9609	0.9609	0.9584	0.9606	0.9608	0.9606	0.9605	0.9606	8.476	0.9585	0.9607
  U	0.9539	1.3614	3.1351	0.954	0.9554	0.9594	1.9868	1.3067	5.0141	0.9527	0.9814	12.764	0.9526	1.2558	0.9537	1.7103	0.9526	1.6655	0.9536	0.9604	0	0.9533	0.9527	0.9531	0.953	0.9527	0.9536	1.3216	1.685	0.9544	0.9535	0.9524	0.9525	3.3995	1.9711	0.9617	9.0467	1.4602	0.9525	0.9536	0.9527	0.9527	0.9544	0.9527	0.9524	0.9528	0.9666	0.9546	1.3145	1.1286	1.0029	0.9534	1.4285	0.9549	0.955	1.0296	2.7908	0.9524	0.9533	0.9529	0.9631	0.9536	6.5306	4.3949	0.954
  V	0.9609	0.9607	1.4358	0.961	0.9602	0.9937	0.9592	0.9611	0.9311	0.9609	0.9604	0.9371	0.9607	0.961	0.9604	0.9606	0.9607	1.8577	0.9608	0.9606	0.9533	0	0.9609	0.9607	0.9599	0.9607	0.9608	1.2584	0.9591	0.9607	0.9608	0.9608	0.9608	0.9608	0.9583	0.956	1.6978	0.9607	0.9632	0.9608	0.9608	0.9608	0.9615	0.9608	0.9607	0.9608	0.9565	0.9608	0.961	0.9609	0.9539	0.9598	0.9608	0.9608	0.9609	0.9601	0.9545	0.9607	0.9609	0.9608	0.9599	0.9608	0.8905	0.9524	0.9609
  W	0.9611	0.9609	0.9587	0.9612	0.9604	0.961	0.9593	0.9613	0.9307	0.961	0.9602	0.9368	0.9609	0.9611	0.9605	0.9607	0.9609	1.3893	0.9609	0.9606	0.9527	0.9609	0	0.9609	0.96	0.9609	0.961	0.9565	0.959	0.9608	0.961	0.9609	0.961	0.9609	0.9583	0.9562	0.9526	0.9609	0.9609	0.961	0.9609	0.961	0.961	0.9609	0.9609	0.961	1.0377	0.9609	0.961	0.961	0.9533	0.9581	0.961	0.9609	0.961	0.9603	0.9544	0.9609	0.9611	0.961	0.9597	0.9609	0.8896	0.9524	0.961
  X	0.961	0.9608	0.9608	0.9609	1.173	0.9605	0.9593	0.9611	0.9317	0.9609	0.9604	1.415	0.9607	0.9608	0.9609	0.9605	0.9608	0.948	0.9608	0.9606	0.9531	0.9607	0.9609	0	0.9599	0.961	0.9608	0.9563	0.9594	0.9608	0.9608	0.9608	0.9608	0.9609	0.9583	1.1088	1.3294	0.9608	0.9608	0.9608	0.9608	0.9608	0.9609	0.9608	0.9608	0.9609	2.292	0.9608	0.9612	0.961	0.9535	0.9575	0.9608	0.9608	0.9609	0.9602	0.9544	0.9608	0.9611	0.9608	0.9597	0.9608	0.8953	0.9528	0.9609
  Y	0.9602	0.9601	0.9589	0.9601	0.9595	0.9597	0.9589	0.9603	0.9313	0.96	0.9598	0.9524	0.9598	0.96	0.9597	0.9598	0.9599	0.9475	0.9601	0.9603	0.953	0.9599	0.96	0.9599	0	0.96	0.9601	0.9558	0.9589	0.96	0.96	0.9599	0.96	0.9603	0.9578	0.9562	1.1672	0.96	0.9599	0.9601	0.96	0.96	0.9602	0.96	0.9599	0.96	0.9574	0.9601	0.9602	0.9602	1.1103	0.9568	0.96	0.9602	0.9602	0.9596	0.9539	0.9599	0.9601	0.96	0.9593	0.9601	0.9689	0.9525	0.96
  Z	0.961	0.9608	0.9589	0.9609	0.9604	0.9622	0.9592	0.9612	0.9306	0.9609	0.9601	0.9373	0.9607	0.9608	0.9607	0.9606	0.9608	0.9475	0.9609	0.9606	0.9527	0.9607	0.9609	0.961	0.96	0	0.9609	0.9561	0.959	0.9607	0.9609	0.9608	0.9609	0.9608	0.9583	0.9559	1.4175	0.9608	0.9608	0.9609	0.9608	0.9609	0.961	0.9608	0.9608	0.9609	0.9623	0.9608	0.961	0.9609	0.9533	0.9575	0.9609	0.9608	0.9609	0.9601	0.9542	0.9608	0.961	0.9609	0.9596	0.9609	0.8892	0.9523	0.9609
  [	0.9611	0.9609	0.959	0.9609	0.9603	0.9601	0.9594	0.9613	0.9338	0.961	0.9604	0.939	0.9608	0.9609	0.9605	0.9607	0.9608	0.9489	0.9609	0.9606	0.9536	0.9608	0.961	0.9608	0.9601	0.9609	0	0.9566	0.9593	0.9608	0.9609	0.9609	0.9609	0.9609	0.9586	0.9564	0.9525	0.9608	0.9609	0.9609	0.9609	0.9609	0.961	0.9609	0.9609	0.961	0.9565	0.9609	0.961	0.961	0.9541	0.9579	0.9609	0.9609	0.961	0.9603	0.955	0.9609	0.961	0.9609	0.9597	0.9609	1.3442	0.9533	0.9609
  \	0.9566	0.957	1.092	1.292	0.9565	1.3871	1.0188	0.9569	1.4534	1.3723	1.1639	1.0739	0.956	0.9936	0.9563	1.0747	0.956	6.1007	0.9566	0.9593	1.3216	1.2584	0.9565	0.9563	0.9558	0.9561	0.9566	0	0.9584	0.9571	0.9564	0.956	0.956	0.9572	0.9565	0.9557	4.3485	0.9564	0.9561	0.9566	0.9561	0.9561	0.957	0.9562	0.9589	0.9562	0.9572	0.9571	0.9582	0.9571	0.9543	1.0894	0.9561	1.1083	1.4363	0.9575	0.9546	0.956	0.9565	0.9563	1.2733	0.9566	1.421	0.9527	1.1197
  ]	1.1988	0.9596	1.4905	0.9594	1.0555	0.9606	1.4391	0.961	2.3764	0.959	1.0449	5.2934	0.959	0.9592	0.9592	0.9609	0.9591	0.9544	0.9593	0.9617	1.685	0.9591	0.959	0.9594	0.9589	0.959	0.9593	0.9584	0	0.9929	0.9592	1.4383	0.959	0.9599	0.9596	3.5052	2.1239	0.9592	0.9591	0.9593	0.959	0.959	0.9596	0.959	0.9589	0.9591	1.7344	0.9597	0.9599	0.9599	1.8489	0.9575	0.9589	0.9598	0.96	2.5011	0.9586	0.9589	0.9598	0.9591	1.4424	0.9593	4.5383	2.1684	0.9595
  ^	0.961	0.9608	0.9598	0.961	0.9605	0.9602	0.9597	0.9612	0.9361	0.9608	0.961	3.5309	0.9607	0.9608	0.9604	0.9606	0.9607	0.9501	0.9608	0.9607	0.9544	0.9607	0.9608	0.9608	0.96	0.9607	0.9608	0.9571	0.9929	0	0.9608	0.9608	0.9608	0.9608	0.9587	1.1667	0.9551	0.9607	0.9608	0.9608	0.9608	0.9608	0.9609	0.9608	0.9608	0.9608	1.0118	0.9608	0.9609	0.9609	0.9548	0.958	0.9608	0.9608	0.9609	0.9604	0.9554	0.9608	0.9609	0.9608	1.4073	0.9608	1.0423	0.9574	0.9609
  _	0.9611	0.9609	0.9591	0.9609	0.9603	0.9601	0.9593	0.9613	0.9324	0.961	0.9603	0.938	0.9608	0.9609	0.9605	0.9606	0.9608	0.9483	0.9609	0.9606	0.9535	0.9608	0.961	0.9608	0.96	0.9609	0.9609	0.9564	0.9592	0.9608	0	0.9609	0.9609	0.9609	0.9585	0.9562	1.187	0.9608	0.9609	0.9609	0.9609	0.9609	0.961	0.9609	0.9609	0.961	0.9563	0.9609	0.961	0.961	0.9538	0.9578	0.9609	0.9609	0.961	0.9602	0.9546	0.9609	0.961	0.9609	0.9597	0.9609	1.125	0.9529	0.9609
  `	0.9611	0.9608	0.9587	0.9609	0.9602	0.96	0.9592	0.9612	0.9302	0.961	0.9603	0.9361	0.9608	0.9609	0.9604	0.9606	0.9608	0.9473	0.9609	0.9606	0.9524	0.9608	0.9609	0.9608	0.9599	0.9608	0.9609	0.956	1.4383	0.9608	0.9609	0	0.9609	0.9609	0.9582	0.9558	0.9514	0.9608	0.9609	0.9609	0.9609	0.9609	0.961	0.9609	0.9609	0.961	0.9558	0.9609	0.961	0.961	0.9531	0.9575	0.9609	0.9608	0.961	0.9602	0.9541	0.9609	0.961	0.9609	0.9595	0.9609	0.8883	0.9521	0.9609
  a	0.9611	0.9609	0.9587	0.9609	0.9602	0.9609	0.9592	0.9612	0.9304	0.961	0.9602	0.9362	0.9608	0.9609	0.9605	0.9606	0.9608	0.9474	0.9609	0.9606	0.9525	0.9608	0.961	0.9608	0.96	0.9609	0.9609	0.956	0.959	0.9608	0.9609	0.9609	0	0.9609	0.9582	0.9558	0.9514	0.9608	0.9609	0.9609	0.9609	0.9609	0.961	0.9609	0.9609	0.961	1.4336	0.9609	0.961	0.961	0.9532	0.9575	0.9609	0.9608	0.961	0.9602	0.9542	0.9609	0.961	0.9609	0.9595	0.9609	0.8885	0.9522	0.9609
  b	0.9611	1.0241	1.2488	0.9609	0.9605	0.9603	0.9595	0.9623	0.9349	0.961	0.9607	0.941	0.9608	0.9612	0.9605	0.9608	0.9608	0.9496	0.9609	0.9608	3.3995	0.9608	0.9609	0.9609	0.9603	0.9608	0.9609	0.9572	0.9599	0.9608	0.9609	0.9609	0.9609	0	0.959	0.9569	2.8211	0.9637	0.9609	0.9609	0.9609	0.9609	0.9612	0.9609	0.9609	0.961	0.957	0.9609	0.9613	1.3136	0.9547	0.958	0.9609	0.9609	0.961	0.9608	0.9555	0.9609	0.9611	0.9609	0.9601	0.9609	1.3575	1.24	0.961
  c	0.9588	0.9588	0.961	0.9585	0.9583	0.9587	0.9592	0.9592	2.5466	0.9583	0.9601	0.9672	0.9582	0.9584	0.9584	0.9587	0.9582	0.9519	0.9586	1.0846	1.9711	0.9583	0.9583	0.9583	0.9578	0.9583	0.9586	0.9565	0.9596	0.9587	0.9585	0.9582	0.9582	0.959	0	0.9574	1.2155	0.9584	0.9582	0.9586	0.9583	0.9583	1.0875	0.9583	0.9582	0.9584	0.9579	0.9588	1.0888	0.9588	0.9559	0.9566	0.9583	0.9589	0.959	0.959	1.1389	0.9582	0.9585	0.9584	0.959	0.9586	3.3671	0.9555	0.9584
  d	0.9569	0.9568	0.969	0.9566	1.4407	0.9602	0.9597	1.4366	1.4654	0.9559	0.9635	11.4993	0.9559	0.9561	0.9564	0.9566	0.9561	0.9523	0.9564	0.9597	0.9617	0.956	0.9562	1.1088	0.9562	0.9559	0.9564	0.9557	3.5052	1.1667	0.9562	0.9558	0.9558	0.9569	0.9574	0	2.6278	0.9561	0.9557	0.9564	0.9559	1.0936	0.9566	0.9559	0.9557	0.9559	9.8374	0.9569	0.9568	1.027	3.1124	0.9547	0.9558	0.9571	0.9571	1.796	1.3028	0.9557	0.9577	0.956	0.9593	0.9564	1.603	4.7244	0.9892
  e	0.9534	0.9537	4.0827	0.9535	1.9319	4.0241	0.9582	0.9568	1.087	0.9518	0.9668	8.5532	1.1394	0.9556	1.4151	1.4324	1.4156	6.344	0.9525	1.1307	9.0467	1.6978	0.9526	1.3294	1.1672	1.4175	0.9525	4.3485	2.1239	0.9551	1.187	0.9514	0.9514	2.8211	1.2155	2.6278	0	2.2464	0.9532	0.9525	1.4272	0.9517	1.3839	1.4271	0.9514	0.9517	11.0433	0.9537	1.4425	0.9548	2.3111	0.9578	0.9516	1.7057	0.954	1.201	1.1037	0.9513	1.2484	0.9518	2.6965	0.9525	14.5659	3.3944	1.161
  f	0.961	0.9608	0.9624	0.9609	0.9603	0.9602	0.9592	0.9616	0.9314	0.9609	0.9602	0.9447	0.9607	0.9609	0.9604	0.9606	0.9607	0.948	0.9608	0.9607	1.4602	0.9607	0.9609	0.9608	0.96	0.9608	0.9608	0.9564	0.9592	0.9607	0.9608	0.9608	0.9608	0.9637	0.9584	0.9561	2.2464	0	0.9608	0.9608	0.9608	0.9608	0.961	0.9608	0.9608	0.9609	0.9563	0.9608	0.9611	0.9609	0.954	0.9575	0.9608	0.9608	0.9609	0.9602	0.9544	0.9608	0.961	0.9608	1.1777	0.9608	0.91	1.3923	0.9609
  g	0.961	0.9608	1.9133	0.9609	0.9602	0.96	0.9594	0.9612	0.9299	0.961	0.9606	0.9373	0.9607	0.9609	0.9604	0.9606	0.9608	0.9472	0.9609	0.9606	0.9525	0.9632	0.9609	0.9608	0.9599	0.9608	0.9609	0.9561	0.9591	0.9608	0.9609	0.9609	0.9609	0.9609	0.9582	0.9557	0.9532	0.9608	0	0.9609	0.9609	0.9609	0.9612	0.9609	0.9609	0.961	0.956	0.9608	0.9619	0.961	0.9533	0.9575	0.9609	0.9608	0.961	0.9601	0.9541	0.9608	0.961	0.9609	0.9595	0.9609	0.8896	0.9521	0.961
  h	0.9611	0.9609	0.959	0.9609	0.9603	0.9601	0.9594	0.9613	0.9338	0.961	0.9604	0.939	0.9608	0.9609	0.9605	0.9607	0.9608	0.9489	0.9609	0.9606	0.9536	0.9608	0.961	0.9608	0.9601	0.9609	0.9609	0.9566	0.9593	0.9608	0.9609	0.9609	0.9609	0.9609	0.9586	0.9564	0.9525	0.9608	0.9609	0	0.9609	0.9609	0.961	0.9609	0.9609	0.961	0.9565	0.9609	0.961	0.961	0.9541	0.9579	0.9609	0.9609	0.961	0.9603	0.955	0.9609	0.961	0.9609	0.9597	0.9609	1.3444	0.9533	0.9609
  i	0.961	0.9608	0.9589	0.9609	0.9602	0.96	0.9592	0.9612	0.9306	0.961	0.9601	0.9365	0.9608	0.9609	0.9604	0.9606	0.9608	0.9475	0.9609	0.9606	0.9527	0.9608	0.9609	0.9608	0.96	0.9608	0.9609	0.9561	0.959	0.9608	0.9609	0.9609	0.9609	0.9609	0.9583	0.9559	1.4272	0.9608	0.9609	0.9609	0	0.9609	0.961	0.9609	0.9609	0.961	0.9559	0.9608	0.961	0.961	0.9533	0.9575	0.9609	0.9608	0.9609	0.9602	0.9542	0.9608	0.961	0.9609	0.9596	0.9609	0.8892	0.9523	0.9609
  j	0.9611	0.9609	0.9587	0.9609	0.9602	0.96	0.9592	0.9614	0.9305	0.961	0.9601	0.939	0.9608	0.9609	0.9605	0.9606	0.9608	0.9474	0.9609	0.9606	0.9527	0.9608	0.961	0.9608	0.96	0.9609	0.9609	0.9561	0.959	0.9608	0.9609	0.9609	0.9609	0.9609	0.9583	1.0936	0.9517	0.9608	0.9609	0.9609	0.9609	0	0.961	0.9609	0.9609	0.961	0.956	0.9609	0.961	0.961	0.9532	0.9575	0.9609	0.9608	0.961	0.9602	0.9542	0.9609	0.961	0.9609	0.9595	0.9609	0.8889	1.3007	0.9609
  k	0.9612	0.9609	1.2073	0.961	0.9605	0.9605	0.9595	0.9613	0.9486	0.9611	0.9606	0.9399	0.9609	0.961	0.9606	0.9608	0.961	0.9492	0.961	1.1354	0.9544	0.9615	0.961	0.9609	0.9602	0.961	0.961	0.957	0.9596	0.9609	0.961	0.961	0.961	0.9612	1.0875	0.9566	1.3839	0.961	0.9612	0.961	0.961	0.961	0	0.961	0.961	0.9611	0.9572	0.9609	1.328	0.961	0.9544	0.958	0.961	0.961	0.961	0.9604	0.955	0.9609	0.9611	0.961	0.9599	0.961	1.3369	0.9535	0.9611
  l	0.961	0.9608	0.9589	0.9609	0.9602	0.9601	0.9592	0.9612	0.9306	0.961	0.9601	0.9365	0.9608	0.9609	0.9604	0.9606	0.9608	0.9475	0.9609	0.9606	0.9527	0.9608	0.9609	0.9608	0.96	0.9608	0.9609	0.9562	0.959	0.9608	0.9609	0.9609	0.9609	0.9609	0.9583	0.9559	1.4271	0.9608	0.9609	0.9609	0.9609	0.9609	0.961	0	0.9609	0.961	0.9559	0.9609	0.961	0.961	0.9533	0.9575	0.9609	0.9608	0.961	0.9602	0.9542	0.9609	0.961	0.9609	0.9596	0.9609	0.8892	0.9523	0.9609
  m	0.961	0.9608	0.9586	0.9636	0.9602	0.96	0.9592	0.9612	0.93	0.961	0.9601	0.9366	0.9607	0.9608	0.9604	0.9606	0.9608	0.9473	0.9609	0.9606	0.9524	0.9607	0.9609	0.9608	0.9599	0.9608	0.9609	0.9589	0.9589	0.9608	0.9609	0.9609	0.9609	0.9609	0.9582	0.9557	0.9514	0.9608	0.9609	0.9609	0.9609	0.9609	0.961	0.9609	0	0.9609	0.9558	0.9608	0.961	0.9609	0.9531	0.9575	0.9609	0.9608	0.9609	0.9601	0.9541	0.9608	0.961	0.9609	1.4691	0.9609	0.888	0.9521	0.9609
  n	0.9612	0.9609	0.9588	0.961	0.9603	0.9602	0.9593	0.9613	0.931	0.9611	0.9603	0.9366	0.9608	0.9609	0.9605	1.2192	0.9609	0.9476	0.961	0.9607	0.9528	0.9608	0.961	0.9609	0.96	0.9609	0.961	0.9562	0.9591	0.9608	0.961	0.961	0.961	0.961	0.9584	0.9559	0.9517	0.9609	0.961	0.961	0.961	0.961	0.9611	0.961	0.9609	0	0.956	0.961	0.9611	0.9611	0.9534	0.9576	0.961	0.9609	1.2273	0.9603	0.9543	0.9609	0.9611	0.961	0.9598	0.961	0.9585	0.9523	0.961
  o	0.9568	0.9569	1.1364	0.9568	3.3328	3.867	1.0348	0.9575	3.1479	0.956	0.9818	7.3308	1.648	0.9564	0.9663	0.962	1.9575	1.3752	0.9566	0.9599	0.9666	0.9565	1.0377	2.292	0.9574	0.9623	0.9565	0.9572	1.7344	1.0118	0.9563	0.9558	1.4336	0.957	0.9579	9.8374	11.0433	0.9563	0.956	0.9565	0.9559	0.956	0.9572	0.9559	0.9558	0.956	0	0.957	1.0192	1.3508	2.5181	0.9553	0.9559	0.9572	0.9572	1.9227	0.9573	0.9558	1.5571	0.9561	1.4409	0.9564	2.556	2.3598	1.6644
  p	0.9611	0.9608	0.9593	0.9609	0.9603	0.9602	0.9596	0.9613	0.9367	0.9609	0.9607	0.9414	0.9608	0.9609	0.9605	0.9607	0.9608	0.9502	0.9609	0.9607	0.9546	0.9608	0.9609	0.9608	0.9601	0.9608	0.9609	0.9571	0.9597	0.9608	0.9609	0.9609	0.9609	0.9609	0.9588	0.9569	0.9537	0.9608	0.9608	0.9609	0.9608	0.9609	0.9609	0.9609	0.9608	0.961	0.957	0	0.9609	0.9609	0.9548	0.9582	0.9609	2.2406	0.961	0.9604	0.9556	0.9608	0.961	0.9609	1.1232	0.9609	1.8624	0.9541	0.9609
  q	0.9611	0.961	1.7912	0.9611	0.9606	0.9606	1.2595	0.9615	0.933	0.9611	0.9611	2.2218	0.9609	0.9611	0.9606	0.9609	0.961	0.949	0.961	1.1386	1.3145	0.961	0.961	0.9612	0.9602	0.961	0.961	0.9582	0.9599	0.9609	0.961	0.961	0.961	0.9613	1.0888	0.9568	1.4425	0.9611	0.9619	0.961	0.961	0.961	1.328	0.961	0.961	0.9611	1.0192	0.9609	0	0.9611	0.9892	0.9579	0.961	0.961	0.961	0.9605	0.9549	0.961	0.9612	0.961	0.96	0.961	0.9183	0.9538	0.9612
  r	0.9612	0.9746	0.9596	0.961	0.9605	0.9604	0.9596	0.9614	0.9362	0.9611	0.9608	0.9418	0.9609	0.961	0.9606	0.9608	0.961	0.9501	0.961	0.9607	1.1286	0.9609	0.961	0.961	0.9602	0.9609	0.961	0.9571	0.9599	0.9609	0.961	0.961	0.961	1.3136	0.9588	1.027	0.9548	0.9609	0.961	0.961	0.961	0.961	0.961	0.961	0.9609	0.9611	1.3508	0.9609	0.9611	0	0.9548	0.9582	0.961	0.9609	0.961	0.9606	0.9556	0.9609	0.9612	0.961	0.9599	0.961	1.8029	0.9544	1.1995
  s	0.955	0.9546	2.365	0.9539	0.9548	1.0578	0.9577	0.9552	1.9099	0.9533	0.962	5.7349	0.9532	0.9536	0.954	0.9543	0.9532	0.9525	0.9541	0.9583	1.0029	0.9539	0.9533	0.9535	1.1103	0.9533	0.9541	0.9543	1.8489	0.9548	0.9538	0.9531	0.9532	0.9547	0.9559	3.1124	2.3111	0.954	0.9533	0.9541	0.9533	0.9532	0.9544	0.9533	0.9531	0.9534	2.5181	0.9548	0.9892	0.9548	0	0.9529	0.9532	0.9549	0.9552	0.9891	0.9986	0.9531	0.954	0.9535	0.9573	0.9541	9.4299	2.2568	0.9536
  t	0.9579	0.9581	0.9572	0.958	0.9573	1.3875	0.9579	0.958	0.9332	0.9577	0.9586	0.9379	0.9574	0.9588	0.9575	0.9582	0.9574	7.2579	0.9579	0.9594	0.9534	0.9598	0.9581	0.9575	0.9568	0.9575	0.9579	1.0894	0.9575	0.958	0.9578	0.9575	0.9575	0.958	0.9566	0.9547	0.9578	0.9575	0.9575	0.9579	0.9575	0.9575	0.958	0.9575	0.9575	0.9576	0.9553	0.9582	0.9579	0.9582	0.9529	0	0.9576	0.9582	0.9584	0.9578	0.9544	0.9575	0.9577	0.9577	0.9586	0.9579	0.895	0.9513	0.9576
  u	0.9611	0.9609	0.9587	0.9609	0.9602	0.96	0.9592	0.9614	0.9305	0.961	0.9602	0.9363	0.9608	0.9609	0.9605	0.9606	0.9608	0.9476	0.9609	0.9606	1.4285	0.9608	0.961	0.9608	0.96	0.9609	0.9609	0.9561	0.9589	0.9608	0.9609	0.9609	0.9609	0.9609	0.9583	0.9558	0.9516	0.9608	0.9609	0.9609	0.9609	0.9609	0.961	0.9609	0.9609	0.961	0.9559	0.9609	0.961	0.961	0.9532	0.9576	0	0.9608	0.961	0.9602	0.9543	0.9609	0.961	0.9609	0.9595	0.9609	0.8892	0.9528	0.9609
  v	0.9611	0.9608	0.9597	0.9609	0.9604	0.9603	0.9596	0.9612	0.9369	0.9609	0.9607	1.0297	0.9607	0.9608	0.9605	0.9607	0.9608	0.9507	0.9608	0.9607	0.9549	0.9608	0.9609	0.9608	0.9602	0.9608	0.9609	1.1083	0.9598	0.9608	0.9609	0.9608	0.9608	0.9609	0.9589	0.9571	1.7057	0.9608	0.9608	0.9609	0.9608	0.9608	0.961	0.9608	0.9608	0.9609	0.9572	2.2406	0.961	0.9609	0.9549	0.9582	0.9608	0	0.961	0.9604	0.9556	0.9608	0.961	0.9609	0.9602	0.9608	1.8624	0.9542	0.9609
  w	0.9613	0.961	0.9597	0.961	0.9604	0.9605	0.9598	0.9614	0.9378	0.9611	1.1412	0.9422	0.9609	0.961	0.9606	1.3029	0.9609	0.9506	0.961	0.9609	0.955	0.9609	0.961	0.9609	0.9602	0.9609	0.961	1.4363	0.96	0.9609	0.961	0.961	0.961	0.961	0.959	0.9571	0.954	0.9609	0.961	0.961	0.9609	0.961	0.961	0.961	0.9609	1.2273	0.9572	0.961	0.961	0.961	0.9552	0.9584	0.961	0.961	0	0.9605	0.9558	0.9609	0.9611	0.961	0.9603	0.961	2.0275	0.9544	0.9611
  x	0.961	0.9604	1.2919	0.9603	0.9603	0.96	0.9618	0.9615	0.9556	0.9603	0.9629	2.4763	0.9601	0.9606	0.96	0.9603	0.9601	0.9511	0.9603	0.9609	1.0296	0.9601	0.9603	0.9602	0.9596	0.9601	0.9603	0.9575	2.5011	0.9604	0.9602	0.9602	0.9602	0.9608	0.959	1.796	1.201	0.9602	0.9601	0.9603	0.9602	0.9602	0.9604	0.9602	0.9601	0.9603	1.9227	0.9604	0.9605	0.9606	0.9891	0.9578	0.9602	0.9604	0.9605	0	0.9849	0.9601	0.9605	0.9602	0.9601	0.9603	2.1864	2.5218	0.9605
  y	0.955	0.9555	0.9579	0.9554	0.9547	0.9729	0.9587	0.9562	3.6569	0.9543	1.4351	1.8979	0.9541	0.9552	0.9547	0.9555	0.9541	1.414	0.9549	0.9584	2.7908	0.9545	0.9544	0.9544	0.9539	0.9542	0.955	0.9546	0.9586	0.9554	0.9546	0.9541	0.9542	0.9555	1.1389	1.3028	1.1037	0.9544	0.9541	0.955	0.9542	0.9542	0.955	0.9542	0.9541	0.9543	0.9573	0.9556	0.9549	0.9556	0.9986	0.9544	0.9543	0.9556	0.9558	0.9849	0	0.9541	0.9544	0.9545	0.9863	0.9549	3.0076	1.1426	0.9544
  z	0.961	0.9608	0.9586	0.9609	0.9601	0.96	0.9592	0.9612	0.93	0.961	0.9601	0.9359	0.9607	0.9608	0.9604	0.9606	0.9608	0.9473	0.9609	0.9606	0.9524	0.9607	0.9609	0.9608	0.9599	0.9608	0.9609	0.956	0.9589	0.9608	0.9609	0.9609	0.9609	0.9609	0.9582	0.9557	0.9513	0.9608	0.9608	0.9609	0.9608	0.9609	0.9609	0.9609	0.9608	0.9609	0.9558	0.9608	0.961	0.9609	0.9531	0.9575	0.9609	0.9608	0.9609	0.9601	0.9541	0	0.961	0.9609	1.4392	0.9609	0.8879	0.9521	0.9609
  {	0.9611	0.9609	0.9593	0.961	0.9608	0.9617	0.9595	0.9613	0.932	0.9611	0.9604	0.9566	0.9611	0.961	0.9606	0.9608	0.9611	0.9484	0.961	0.9608	0.9533	0.9609	0.9611	0.9611	0.9601	0.961	0.961	0.9565	0.9598	0.9609	0.961	0.961	0.961	0.9611	0.9585	0.9577	1.2484	0.961	0.961	0.961	0.961	0.961	0.9611	0.961	0.961	0.9611	1.5571	0.961	0.9612	0.9612	0.954	0.9577	0.961	0.961	0.9611	0.9605	0.9544	0.961	0	0.961	0.9715	0.961	0.9376	0.953	0.9613
  |	0.9611	0.9609	0.9588	0.9609	0.9602	0.9601	1.3077	0.9613	0.9316	0.961	0.9603	0.9371	0.9608	0.9609	0.9605	0.9606	0.9608	0.9479	0.9609	0.9606	0.9529	0.9608	0.961	0.9608	0.96	0.9609	0.9609	0.9563	0.9591	0.9608	0.9609	0.9609	0.9609	0.9609	0.9584	0.956	0.9518	0.9608	0.9609	0.9609	0.9609	0.9609	0.961	0.9609	0.9609	0.961	0.9561	0.9609	0.961	0.961	0.9535	0.9577	0.9609	0.9609	0.961	0.9602	0.9545	0.9609	0.961	0	0.9596	0.9609	1.0447	0.9525	0.9609
  }	0.9603	0.9598	0.9618	1.2011	0.9598	1.0464	0.96	0.9602	0.9465	0.9597	1.4421	2.2644	0.9596	0.9599	0.9596	2.5714	0.9596	1.3459	0.9597	0.9605	0.9631	0.9599	0.9597	0.9597	0.9593	0.9596	0.9597	1.2733	1.4424	1.4073	0.9597	0.9595	0.9595	0.9601	0.959	0.9593	2.6965	1.1777	0.9595	0.9597	0.9596	0.9595	0.9599	0.9596	1.4691	0.9598	1.4409	1.1232	0.96	0.9599	0.9573	0.9586	0.9595	0.9602	0.9603	0.9601	0.9863	1.4392	0.9715	0.9596	0	0.9597	4.5019	0.957	0.9599
  ~	0.9611	0.9609	0.959	0.9609	0.9603	0.9601	0.9609	0.9613	0.9339	0.961	0.9604	0.939	0.9608	0.9609	0.9605	0.9606	0.9608	0.9489	0.9609	0.9606	0.9536	0.9608	0.9609	0.9608	0.9601	0.9609	0.9609	0.9566	0.9593	0.9608	0.9609	0.9609	0.9609	0.9609	0.9586	0.9564	0.9525	0.9608	0.9609	0.9609	0.9609	0.9609	0.961	0.9609	0.9609	0.961	0.9564	0.9609	0.961	0.961	0.9541	0.9579	0.9609	0.9608	0.961	0.9603	0.9549	0.9609	0.961	0.9609	0.9597	0	1.343	0.9533	0.9609
  	1.1548	1.6681	4.0499	0.8956	1.0167	1.2991	5.7886	0.9667	72.013	0.9039	4.997	8.904	0.8886	0.9846	1.3253	1.4726	0.888	1.837	1.3441	8.476	6.5306	0.8905	0.8896	0.8953	0.9689	0.8892	1.3442	1.421	4.5383	1.0423	1.125	0.8883	0.8885	1.3575	3.3671	1.603	14.5659	0.91	0.8896	1.3444	0.8892	0.8889	1.3369	0.8892	0.888	0.9585	2.556	1.8624	0.9183	1.8029	9.4299	0.895	0.8892	1.8624	2.0275	2.1864	3.0076	0.8879	0.9376	1.0447	4.5019	1.343	0	1.5221	0.9306
  	0.9534	0.9542	1.4252	0.9533	1.2271	0.9542	0.9637	2.069	1.479	0.9523	0.9671	11.3511	0.9522	0.9686	0.9531	0.9537	0.9522	0.9608	0.9533	0.9585	4.3949	0.9524	0.9524	0.9528	0.9525	0.9523	0.9533	0.9527	2.1684	0.9574	0.9529	0.9521	0.9522	1.24	0.9555	4.7244	3.3944	1.3923	0.9521	0.9533	0.9523	1.3007	0.9535	0.9523	0.9521	0.9523	2.3598	0.9541	0.9538	0.9544	2.2568	0.9513	0.9528	0.9542	0.9544	2.5218	1.1426	0.9521	0.953	0.9525	0.957	0.9533	1.5221	0	0.9537
  	0.9611	0.9609	1.0814	0.961	0.9605	0.9605	0.9597	0.9613	0.9312	1.0065	1.1218	1.207	0.9609	0.9784	0.9605	0.9607	0.9609	0.9483	0.9609	0.9607	0.954	0.9609	0.961	0.9609	0.96	0.9609	0.9609	1.1197	0.9595	0.9609	0.9609	0.9609	0.9609	0.961	0.9584	0.9892	1.161	0.9609	0.961	0.9609	0.9609	0.9609	0.9611	0.9609	0.9609	0.961	1.6644	0.9609	0.9612	1.1995	0.9536	0.9576	0.9609	0.9609	0.9611	0.9605	0.9544	0.9609	0.9613	0.9609	0.9599	0.9609	0.9306	0.9537	0

Actual rates from j->i (Q_ij):
	A	B	C	D	E	F	G	H	I	J	K	L	M	N	O	P	Q	R	S	T	U	V	W	X	Y	Z	[	\	]	^	_	`	a	b	c	d	e	f	g	h	i	j	k	l	m	n	o	p	q	r	s	t	u	v	w	x	y	z	{	|	}	~			
  A	0	0.0175	0.0175	0.0175	0.0175	0.0175	0.0175	0.0175	0.017	0.0175	0.0175	0.0171	0.0175	0.0175	0.0175	0.0175	0.0175	0.0173	0.0175	0.0175	0.0173	0.0175	0.0175	0.0175	0.0175	0.0175	0.0175	0.0174	0.0218	0.0175	0.0175	0.0175	0.0175	0.0175	0.0174	0.0174	0.0173	0.0175	0.0175	0.0175	0.0175	0.0175	0.0175	0.0175	0.0175	0.0175	0.0174	0.0175	0.0175	0.0175	0.0174	0.0174	0.0175	0.0175	0.0175	0.0175	0.0174	0.0175	0.0175	0.0175	0.0175	0.0175	0.021	0.0173	0.0175
  B	0.0153	0	0.0153	0.0153	0.0153	0.0153	0.0153	0.0153	0.0172	0.0153	0.0153	0.015	0.0153	0.0153	0.0153	0.0153	0.0153	0.0151	0.0153	0.0153	0.0217	0.0153	0.0153	0.0153	0.0153	0.0153	0.0153	0.0153	0.0153	0.0153	0.0153	0.0153	0.0153	0.0163	0.0153	0.0153	0.0152	0.0153	0.0153	0.0153	0.0153	0.0153	0.0153	0.0153	0.0153	0.0153	0.0153	0.0153	0.0153	0.0155	0.0152	0.0153	0.0153	0.0153	0.0153	0.0153	0.0152	0.0153	0.0153	0.0153	0.0153	0.0153	0.0266	0.0152	0.0153
  C	0.0097	0.0097	0	0.0097	0.0105	0.0097	0.0178	0.0097	0.0099	0.0103	0.0131	0.0353	0.0097	0.0123	0.0097	0.0097	0.0097	0.0097	0.0097	0.0098	0.0318	0.0146	0.0097	0.0097	0.0097	0.0097	0.0097	0.0111	0.0151	0.0097	0.0097	0.0097	0.0097	0.0127	0.0097	0.0098	0.0414	0.0098	0.0194	0.0097	0.0097	0.0097	0.0122	0.0097	0.0097	0.0097	0.0115	0.0097	0.0182	0.0097	0.024	0.0097	0.0097	0.0097	0.0097	0.0131	0.0097	0.0097	0.0097	0.0097	0.0098	0.0097	0.0411	0.0145	0.011
  D	0.0172	0.0172	0.0171	0	0.0171	0.0172	0.0171	0.0172	0.0167	0.0172	0.0171	0.0229	0.0172	0.0172	0.0172	0.0172	0.0172	0.0599	0.0172	0.0172	0.017	0.0172	0.0172	0.0172	0.0171	0.0172	0.0172	0.0231	0.0171	0.0172	0.0172	0.0172	0.0172	0.0172	0.0171	0.0171	0.017	0.0172	0.0172	0.0172	0.0172	0.0172	0.0172	0.0172	0.0172	0.0172	0.0171	0.0172	0.0172	0.0172	0.017	0.0171	0.0172	0.0172	0.0172	0.0171	0.0171	0.0172	0.0172	0.0172	0.0214	0.0172	0.016	0.017	0.0172
  E	0.0167	0.0167	0.018	0.0167	0	0.0167	0.0167	0.0167	0.0163	0.0167	0.0167	0.0413	0.0167	0.0167	0.0167	0.0167	0.025	0.0165	0.0167	0.0167	0.0167	0.0167	0.0167	0.0204	0.0167	0.0167	0.0167	0.0167	0.0184	0.0167	0.0167	0.0167	0.0167	0.0167	0.0167	0.0251	0.0337	0.0167	0.0167	0.0167	0.0167	0.0167	0.0167	0.0167	0.0167	0.0167	0.0581	0.0167	0.0167	0.0167	0.0166	0.0167	0.0167	0.0167	0.0167	0.0167	0.0166	0.0167	0.0167	0.0167	0.0167	0.0167	0.0177	0.0214	0.0167
  F	0.0157	0.0157	0.0157	0.0157	0.0157	0	0.0157	0.0157	0.0221	0.0157	0.0157	0.0234	0.0177	0.0157	0.0157	0.038	0.0157	0.0634	0.0157	0.0157	0.0157	0.0162	0.0157	0.0157	0.0157	0.0157	0.0157	0.0227	0.0157	0.0157	0.0157	0.0157	0.0157	0.0157	0.0157	0.0157	0.0657	0.0157	0.0157	0.0157	0.0157	0.0157	0.0157	0.0157	0.0157	0.0157	0.0632	0.0157	0.0157	0.0157	0.0173	0.0227	0.0157	0.0157	0.0157	0.0157	0.0159	0.0157	0.0157	0.0157	0.0171	0.0157	0.0212	0.0156	0.0157
  G	0.0083	0.0083	0.0151	0.0083	0.0083	0.0083	0	0.0083	0.0277	0.0083	0.0086	0.0135	0.0083	0.0083	0.0083	0.0083	0.0083	0.0082	0.0083	0.0086	0.0171	0.0083	0.0083	0.0083	0.0083	0.0083	0.0083	0.0088	0.0124	0.0083	0.0083	0.0083	0.0083	0.0083	0.0083	0.0083	0.0083	0.0083	0.0083	0.0083	0.0083	0.0083	0.0083	0.0083	0.0083	0.0083	0.0089	0.0083	0.0109	0.0083	0.0083	0.0083	0.0083	0.0083	0.0083	0.0083	0.0083	0.0083	0.0083	0.0113	0.0083	0.0083	0.0499	0.0083	0.0083
  H	0.0176	0.0176	0.0176	0.0176	0.0176	0.0176	0.0176	0	0.0174	0.0176	0.0176	0.0263	0.0176	0.0176	0.0176	0.0176	0.0176	0.0174	0.0176	0.0176	0.024	0.0176	0.0176	0.0176	0.0176	0.0176	0.0176	0.0176	0.0176	0.0176	0.0176	0.0176	0.0176	0.0177	0.0176	0.0264	0.0176	0.0176	0.0176	0.0176	0.0176	0.0176	0.0176	0.0176	0.0176	0.0176	0.0176	0.0176	0.0176	0.0176	0.0175	0.0176	0.0176	0.0176	0.0176	0.0176	0.0175	0.0176	0.0176	0.0176	0.0176	0.0176	0.0177	0.038	0.0176
  I	0.0017	0.002	0.0018	0.0017	0.0017	0.0025	0.0059	0.0017	0	0.0017	0.0027	0.0072	0.0017	0.0017	0.0017	0.0021	0.0017	0.0017	0.0017	0.0027	0.0092	0.0017	0.0017	0.0017	0.0017	0.0017	0.0017	0.0027	0.0043	0.0017	0.0017	0.0017	0.0017	0.0017	0.0046	0.0027	0.002	0.0017	0.0017	0.0017	0.0017	0.0017	0.0017	0.0017	0.0017	0.0017	0.0057	0.0017	0.0017	0.0017	0.0035	0.0017	0.0017	0.0017	0.0017	0.0017	0.0067	0.0017	0.0017	0.0017	0.0017	0.0017	0.1315	0.0027	0.0017
  J	0.0187	0.0187	0.0197	0.0187	0.0187	0.0187	0.0187	0.0187	0.0181	0	0.0202	0.0183	0.0187	0.0189	0.0187	0.0187	0.0187	0.0185	0.0187	0.0187	0.0186	0.0187	0.0187	0.0187	0.0187	0.0187	0.0187	0.0267	0.0187	0.0187	0.0187	0.0187	0.0187	0.0187	0.0187	0.0186	0.0186	0.0187	0.0187	0.0187	0.0187	0.0187	0.0187	0.0187	0.0187	0.0187	0.0186	0.0187	0.0187	0.0187	0.0186	0.0187	0.0187	0.0187	0.0187	0.0187	0.0186	0.0187	0.0187	0.0187	0.0187	0.0187	0.0176	0.0186	0.0196
  K	0.0093	0.0093	0.0124	0.0093	0.0093	0.0093	0.0097	0.0093	0.014	0.01	0	0.0098	0.0093	0.0103	0.0093	0.0093	0.0093	0.0092	0.0093	0.0093	0.0095	0.0093	0.0093	0.0093	0.0093	0.0093	0.0093	0.0112	0.0101	0.0093	0.0093	0.0093	0.0093	0.0093	0.0093	0.0093	0.0093	0.0093	0.0093	0.0093	0.0093	0.0093	0.0093	0.0093	0.0093	0.0093	0.0095	0.0093	0.0093	0.0093	0.0093	0.0092	0.0093	0.0093	0.011	0.0093	0.0138	0.0093	0.0093	0.0093	0.0139	0.0093	0.0482	0.0093	0.0108
  L	0.0075	0.0075	0.0278	0.0102	0.0189	0.0114	0.0125	0.0114	0.0316	0.0075	0.0081	0	0.0075	0.0075	0.0075	0.0099	0.0075	0.0113	0.0075	0.0112	0.1019	0.0075	0.0075	0.0113	0.0076	0.0075	0.0075	0.0086	0.0423	0.0282	0.0075	0.0075	0.0075	0.0075	0.0077	0.0918	0.0683	0.0075	0.0075	0.0075	0.0075	0.0075	0.0075	0.0075	0.0075	0.0075	0.0585	0.0075	0.0177	0.0075	0.0458	0.0075	0.0075	0.0082	0.0075	0.0198	0.0152	0.0075	0.0076	0.0075	0.0181	0.0075	0.0711	0.0906	0.0096
  M	0.0188	0.0188	0.0188	0.0188	0.0188	0.0212	0.0188	0.0188	0.0182	0.0188	0.0188	0.0183	0	0.0188	0.0188	0.0188	0.0188	0.0186	0.0188	0.0188	0.0187	0.0188	0.0188	0.0188	0.0188	0.0188	0.0188	0.0187	0.0188	0.0188	0.0188	0.0188	0.0188	0.0188	0.0188	0.0187	0.0223	0.0188	0.0188	0.0188	0.0188	0.0188	0.0188	0.0188	0.0188	0.0188	0.0323	0.0188	0.0188	0.0188	0.0187	0.0188	0.0188	0.0188	0.0188	0.0188	0.0187	0.0188	0.0188	0.0188	0.0188	0.0188	0.0174	0.0187	0.0188
  N	0.0179	0.0179	0.0226	0.0179	0.0179	0.0179	0.0179	0.0179	0.0174	0.0181	0.0199	0.0175	0.0179	0	0.0179	0.0179	0.0179	0.0333	0.0179	0.0179	0.0234	0.0179	0.0179	0.0179	0.0179	0.0179	0.0179	0.0185	0.0179	0.0179	0.0179	0.0179	0.0179	0.0179	0.0179	0.0178	0.0178	0.0179	0.0179	0.0179	0.0179	0.0179	0.0179	0.0179	0.0179	0.0179	0.0178	0.0179	0.0179	0.0179	0.0178	0.0179	0.0179	0.0179	0.0179	0.0179	0.0178	0.0179	0.0179	0.0179	0.0179	0.0179	0.0183	0.018	0.0182
  O	0.0166	0.0166	0.0166	0.0166	0.0166	0.0166	0.0166	0.0166	0.0165	0.0166	0.0166	0.0163	0.0166	0.0166	0	0.0166	0.0166	0.0164	0.0166	0.0166	0.0165	0.0166	0.0166	0.0166	0.0166	0.0166	0.0166	0.0166	0.0166	0.0166	0.0166	0.0166	0.0166	0.0166	0.0166	0.0166	0.0245	0.0166	0.0166	0.0166	0.0166	0.0166	0.0166	0.0166	0.0166	0.0166	0.0167	0.0166	0.0166	0.0166	0.0165	0.0166	0.0166	0.0166	0.0166	0.0166	0.0165	0.0166	0.0166	0.0166	0.0166	0.0166	0.023	0.0165	0.0166
  P	0.0167	0.0167	0.0167	0.0167	0.0167	0.0404	0.0167	0.0167	0.0204	0.0167	0.0167	0.0216	0.0167	0.0167	0.0167	0	0.0167	0.0261	0.0167	0.0167	0.0297	0.0167	0.0167	0.0167	0.0167	0.0167	0.0167	0.0187	0.0167	0.0167	0.0167	0.0167	0.0167	0.0167	0.0166	0.0166	0.0249	0.0167	0.0167	0.0167	0.0167	0.0167	0.0167	0.0167	0.0167	0.0212	0.0167	0.0167	0.0167	0.0167	0.0166	0.0166	0.0167	0.0167	0.0226	0.0167	0.0166	0.0167	0.0167	0.0167	0.0447	0.0167	0.0256	0.0166	0.0167
  Q	0.019	0.019	0.019	0.019	0.0284	0.019	0.019	0.019	0.0184	0.019	0.019	0.0185	0.019	0.019	0.019	0.019	0	0.0187	0.019	0.019	0.0188	0.019	0.019	0.019	0.019	0.019	0.019	0.0189	0.019	0.019	0.019	0.019	0.019	0.019	0.019	0.0189	0.028	0.019	0.019	0.019	0.019	0.019	0.019	0.019	0.019	0.019	0.0387	0.019	0.019	0.019	0.0189	0.0189	0.019	0.019	0.019	0.019	0.0189	0.019	0.019	0.019	0.019	0.019	0.0176	0.0188	0.019
  R	0.0115	0.0115	0.0116	0.0407	0.0115	0.047	0.0116	0.0115	0.0114	0.0115	0.0116	0.0171	0.0115	0.0217	0.0115	0.0182	0.0115	0	0.0115	0.0116	0.0202	0.0225	0.0169	0.0115	0.0115	0.0115	0.0115	0.074	0.0116	0.0115	0.0115	0.0115	0.0115	0.0115	0.0115	0.0116	0.0769	0.0115	0.0115	0.0115	0.0115	0.0115	0.0115	0.0115	0.0115	0.0115	0.0167	0.0115	0.0115	0.0115	0.0116	0.088	0.0115	0.0115	0.0115	0.0115	0.0172	0.0115	0.0115	0.0115	0.0163	0.0115	0.0223	0.0117	0.0115
  S	0.0166	0.0166	0.0166	0.0166	0.0166	0.0166	0.0166	0.0166	0.0162	0.0166	0.0166	0.0162	0.0166	0.0166	0.0166	0.0166	0.0166	0.0164	0	0.0166	0.0165	0.0166	0.0166	0.0166	0.0166	0.0166	0.0166	0.0165	0.0166	0.0166	0.0166	0.0166	0.0166	0.0166	0.0166	0.0165	0.0165	0.0166	0.0166	0.0166	0.0166	0.0166	0.0166	0.0166	0.0166	0.0166	0.0165	0.0166	0.0166	0.0166	0.0165	0.0166	0.0166	0.0166	0.0166	0.0166	0.0165	0.0166	0.0166	0.0166	0.0166	0.0166	0.0233	0.0165	0.0166
  T	0.0069	0.0069	0.0069	0.0069	0.0069	0.0069	0.0072	0.0069	0.0106	0.0069	0.0069	0.0101	0.0069	0.0069	0.0069	0.0069	0.0069	0.0069	0.0069	0	0.0069	0.0069	0.0069	0.0069	0.0069	0.0069	0.0069	0.0069	0.0069	0.0069	0.0069	0.0069	0.0069	0.0069	0.0078	0.0069	0.0081	0.0069	0.0069	0.0069	0.0069	0.0069	0.0082	0.0069	0.0069	0.0069	0.0069	0.0069	0.0082	0.0069	0.0069	0.0069	0.0069	0.0069	0.0069	0.0069	0.0069	0.0069	0.0069	0.0069	0.0069	0.0069	0.0609	0.0069	0.0069
