Map from character to field name
A:	Algeria
B:	Argentina
C:	Australia
D:	Austria
E:	Bangladesh
F:	Belgium
G:	Brazil
H:	Cambodia
I:	Canada
J:	Chad
K:	Chile
L:	China
M:	Czech Republic
N:	Denmark
O:	Egypt
P:	France
Q:	Georgia
R:	Germany
S:	Guam
T:	Guatemala
U:	Hong Kong
V:	Hungary
W:	Iceland
X:	India
Y:	Indonesia
Z:	Iran
[:	Ireland
\:	Italy
]:	Japan
^:	Kazakhstan
_:	Kuwait
`:	Laos
a:	Luxembourg
b:	Malaysia
c:	Mexico
d:	Mongolia
e:	Netherlands
f:	New Zealand
g:	Nicaragua
h:	Nigeria
i:	Norway
j:	Pakistan
k:	Peru
l:	Philippines
m:	Poland
n:	Romania
o:	Russia
p:	Saudi Arabia
q:	Singapore
r:	South Africa
s:	South Korea
t:	Spain
u:	Sri Lanka
v:	Sweden
w:	Switzerland
x:	Taiwan
y:	Thailand
z:	Turkey
{:	Ukraine
|:	United Arab Emirates
}:	United Kingdom
~:	Uruguay
:	Usa
:	Vietnam
:	Zambia
:	?


Substitution rate (mu): 19.388073

Equilibrium frequencies (pi_i):
  A: 0.0181
  B: 0.0155
  C: 0.008
  D: 0.0188
  E: 0.0159
  F: 0.0163
  G: 0.009
  H: 0.0178
  I: 0.0016
  J: 0.0193
  K: 0.0111
  L: 0.0076
  M: 0.019
  N: 0.0169
  O: 0.0191
  P: 0.0163
  Q: 0.0192
  R: 0.0121
  S: 0.0174
  T: 0.0066
  U: 0.0061
  V: 0.0193
  W: 0.0197
  X: 0.0169
  Y: 0.0196
  Z: 0.0196
  [: 0.0174
  \: 0.0167
  ]: 0.0078
  ^: 0.0171
  _: 0.0194
  `: 0.0197
  a: 0.0196
  b: 0.0169
  c: 0.0124
  d: 0.0098
  e: 0.0047
  f: 0.0175
  g: 0.0183
  h: 0.0184
  i: 0.0194
  j: 0.0191
  k: 0.0177
  l: 0.0194
  m: 0.0197
  n: 0.0184
  o: 0.0088
  p: 0.0166
  q: 0.0169
  r: 0.0158
  s: 0.0075
  t: 0.0182
  u: 0.0195
  v: 0.0143
  w: 0.0174
  x: 0.0147
  y: 0.0127
  z: 0.0198
  {: 0.0192
  |: 0.0198
  }: 0.0109
  ~: 0.0183
  : 0.0049
  : 0.0098
  : 0.0192

Symmetrized rates from j->i (W_ij):
	A	B	C	D	E	F	G	H	I	J	K	L	M	N	O	P	Q	R	S	T	U	V	W	X	Y	Z	[	\	]	^	_	`	a	b	c	d	e	f	g	h	i	j	k	l	m	n	o	p	q	r	s	t	u	v	w	x	y	z	{	|	}	~			
  A	0	0.9662	0.9625	0.9663	0.9656	0.9653	0.9649	0.9661	0.9333	0.9663	0.9647	0.936	0.9661	0.9659	0.9662	0.9663	0.9661	0.9542	0.9662	0.9659	0.9604	0.9661	0.9663	0.9658	0.9644	0.9661	0.9662	0.9617	1.1668	0.9659	0.9662	0.9663	0.9662	0.9662	0.9638	0.961	0.9556	0.9662	0.9662	0.9663	0.9662	0.9662	0.9662	0.9662	0.9662	0.9663	0.9592	0.9663	0.9663	0.9664	0.9594	0.9631	0.9662	0.9661	0.9663	0.9665	0.96	0.9662	0.9661	0.9662	0.9654	0.9663	1.179	0.9571	0.9663
  B	0.9662	0	0.9627	0.9661	0.9656	0.9654	0.9651	0.966	1.4049	0.9662	0.965	0.9397	0.966	0.9659	0.9661	0.9663	0.966	0.9559	0.9661	0.9657	0.9611	0.966	0.9661	0.9657	0.9645	0.966	0.9661	0.9622	0.9635	0.9658	0.9661	0.9661	0.9661	0.966	0.964	0.9616	0.9572	1.0388	0.9661	0.9661	0.9661	0.9661	0.9661	0.9661	0.9661	0.9661	0.96	0.9661	0.9661	0.9662	0.9599	0.9634	0.9661	0.966	0.9662	0.9662	0.9608	0.9661	0.966	0.9661	0.9918	0.9662	1.7137	0.9581	0.9661
  C	0.9625	0.9627	0	0.9621	0.9636	0.9628	1.2482	0.9623	1.1128	1.0036	1.0847	4.7562	0.962	0.9637	0.962	1.393	0.9619	0.961	0.9622	1.0961	2.1091	1.4095	0.9618	1.0569	0.9619	0.9617	0.9622	0.968	1.7327	0.9629	0.9632	0.9617	0.9617	0.9643	0.9628	0.9685	3.3517	1.2243	1.5434	0.962	0.9619	0.9619	1.4347	0.9618	0.9618	0.9621	1.2402	0.9624	2.1585	0.9631	1.8584	0.9608	0.962	0.963	0.9625	0.9743	0.9624	0.9616	0.9623	0.9617	0.9847	0.9623	5.8474	1.0209	1.0122
  D	0.9663	0.9661	0.9621	0	0.9657	0.9654	0.965	0.9662	0.9307	0.9663	0.9645	1.0923	0.9662	0.9661	0.9663	0.9666	0.9661	3.3475	0.9662	0.9655	0.9603	0.9662	0.9663	0.9658	0.9643	0.9661	0.9662	1.3824	0.9628	0.9661	0.9662	0.9662	0.9662	0.9661	0.9636	0.961	0.9552	0.9662	0.9662	0.9662	0.9663	0.9662	0.9662	0.9662	1.1755	0.9662	0.9589	0.9662	0.9663	0.9663	0.9588	0.9636	0.9662	0.966	0.9665	0.9662	0.9598	0.9663	0.9662	0.9662	1.0333	0.9663	0.8868	0.9567	0.9663
  E	0.9656	0.9656	0.9636	0.9657	0	0.9659	0.9648	0.9655	0.936	0.9656	0.965	4.1272	0.9655	0.9653	1.1856	0.9656	0.9655	0.9554	0.9656	0.9654	0.962	0.9654	0.9655	0.9654	0.9639	0.9654	0.9656	0.9618	0.9633	0.9654	0.9655	0.9655	0.9655	0.9655	0.9635	1.6092	0.9585	0.9658	0.9656	0.9655	0.9655	0.9656	0.9656	0.9655	0.9656	0.9656	2.739	0.9656	0.9657	0.9658	0.9602	0.9628	0.9655	0.9655	0.9656	0.9798	0.9615	0.9655	0.9656	0.9655	0.9652	0.9656	0.899	0.9622	0.9656
  F	0.9653	0.9654	0.9628	0.9654	0.9659	0	1.0218	0.9652	1.1875	0.9652	0.9667	0.9447	0.9652	0.9656	0.9652	1.3177	1.165	5.0857	0.9653	0.9655	0.9613	1.1847	0.9653	0.965	0.9644	0.9651	0.9653	1.4619	0.9631	0.9652	0.9652	0.9651	0.9651	0.9653	0.9651	0.9612	3.3283	0.9654	0.9652	0.9652	0.9654	0.9651	0.9653	0.9652	0.9653	0.9653	3.3154	0.9653	0.9656	0.9658	0.9609	1.0039	0.9652	0.9653	0.9655	0.9657	0.9605	0.9651	0.9656	0.9651	1.0091	0.9653	1.4148	0.958	0.9655
  G	0.9649	0.9651	1.2482	0.965	0.9648	1.0218	0	0.9648	4.3401	0.9648	1.2691	1.1356	0.9646	0.9858	0.9646	0.9951	0.9646	1.1791	0.9648	0.9914	0.9643	1.0525	0.9646	0.9647	0.9638	0.9645	0.9648	1.0105	0.9649	0.9813	0.9646	0.9645	0.9646	0.9648	0.9737	0.9632	0.9674	0.965	1.0097	0.9648	0.9646	0.9646	0.9648	0.9646	0.9646	0.9648	1.0886	0.9649	1.3497	0.965	1.1203	0.9641	0.9646	0.965	1.0566	0.9658	0.9653	0.9645	0.9646	1.4474	1.019	1.1234	5.1407	0.9618	0.9649
  H	0.9661	0.966	0.9623	0.9662	0.9655	0.9652	0.9648	0	1.2877	0.9661	0.9645	1.4049	0.966	0.9658	0.9661	0.9661	0.966	0.9544	0.9661	0.9655	0.9603	0.966	0.9661	0.9657	0.9643	0.966	0.9661	0.9617	0.963	0.9658	0.9661	0.9661	0.9661	0.966	0.9636	1.4416	0.9556	0.9661	0.9661	0.9661	0.9661	0.9661	0.9661	0.9661	0.9661	0.9661	0.9591	0.9661	0.9661	0.9662	0.96	0.963	0.9661	0.9659	0.9661	0.9662	0.96	0.966	0.966	0.9661	0.9651	0.9661	0.9985	1.9188	0.9661
  I	0.9333	1.4049	1.1128	0.9307	0.936	1.1875	4.3401	1.2877	0	0.9297	1.9743	2.546	0.9299	1.1431	0.9298	1.3799	0.9296	1.9995	0.9329	1.0541	1.9678	0.9298	0.9286	0.934	0.9289	0.9289	0.9329	1.6448	1.9052	0.9338	0.9293	0.9286	0.9289	0.934	4.2654	0.948	1.3647	0.9333	0.9314	0.9312	0.9291	0.9298	0.9325	0.9293	0.9286	0.9316	2.3975	0.9344	0.934	0.9359	2.6502	0.9323	0.929	0.9388	0.9338	0.9419	3.191	0.9284	0.9297	0.9286	0.9468	0.9326	78.6539	2.7304	0.93
  J	0.9663	0.9662	1.0036	0.9663	0.9656	0.9652	0.9648	0.9661	0.9297	0	1.2428	0.9335	0.9662	0.9659	0.9662	0.9663	0.9661	0.9534	0.9662	0.9656	0.9596	0.9661	0.9663	0.9658	0.9643	0.9661	0.9662	0.9614	0.9628	0.9659	0.9662	0.9662	0.9662	0.9661	0.9635	0.9606	0.9545	0.9662	0.9662	0.9663	0.9663	0.9662	0.9662	0.9662	0.9663	0.9663	0.9585	0.9662	0.9663	0.9664	0.9584	0.9629	0.9662	0.966	0.9663	0.9661	0.9596	0.9662	0.9662	0.9662	0.9652	0.9663	0.9516	0.9562	1.1374
  K	0.9647	0.965	1.0847	0.9645	0.965	0.9667	1.2691	0.9645	1.9743	1.2428	0	1.0365	0.9648	0.9646	0.9644	0.9657	0.9645	0.9851	0.9646	0.9671	0.9842	0.9645	0.9642	0.9647	0.9633	0.9642	0.9646	0.9635	0.9671	0.9677	0.9644	0.9642	0.9642	0.9658	0.9642	0.9646	1.0889	0.9652	0.9645	1.2511	0.9644	0.9643	0.9646	0.9644	0.9643	0.9645	0.9819	0.9648	0.9651	0.9653	0.9653	0.9627	0.9643	0.9655	0.9648	0.9667	0.9651	0.9641	0.9646	0.9642	1.4629	0.9647	3.7394	0.9637	1.2755
  L	0.936	0.9397	4.7562	1.0923	4.1272	0.9447	1.1356	1.4049	2.546	0.9335	1.0365	0	0.9341	0.9372	1.2444	0.9401	1.1054	0.9691	0.9363	0.9895	15.3248	0.9387	0.9325	1.9944	0.94	0.9326	0.9363	1.3234	2.6937	2.5491	0.9331	0.9323	0.9326	0.9398	0.948	12.595	7.279	1.1085	0.9921	0.9346	0.9331	1.2274	0.9361	0.9331	0.9565	0.9348	11.0386	0.9377	1.4071	0.9778	8.16	0.934	0.9329	0.9551	0.9367	2.6444	2.3807	0.9322	0.948	0.9322	1.5835	0.935	9.6013	11.4834	0.9745
  M	0.9661	0.966	0.962	0.9662	0.9655	0.9652	0.9646	0.966	0.9299	0.9662	0.9648	0.9341	0	0.9658	0.9661	0.9661	0.966	0.9536	0.9661	0.9655	0.9598	0.966	0.9662	0.9657	0.9647	0.966	0.9661	0.9614	0.9627	0.9658	0.9661	0.9661	0.9661	0.966	0.9635	0.9606	2.3851	0.9661	0.9661	0.9661	0.9662	0.9661	0.9661	0.9661	0.9661	0.9661	0.9586	0.9661	0.9663	0.9664	0.9593	0.9628	0.9662	0.9659	0.9661	0.9661	0.9596	0.9661	0.9661	0.9661	0.9652	0.9661	0.8858	0.9566	0.9663
  N	0.9659	0.9659	0.9637	0.9661	0.9653	0.9656	0.9858	0.9658	1.1431	0.9659	0.9646	0.9372	0.9658	0	0.9658	0.9662	0.9657	1.8853	0.9659	0.9654	0.9644	0.9659	0.9659	0.9655	0.9641	0.9657	0.9659	0.9623	0.9631	0.9656	0.9658	0.9658	0.9658	0.9658	0.9638	0.9611	0.958	0.9659	0.9658	0.9659	0.9658	0.9658	0.9659	0.9658	0.9659	0.9659	0.9594	0.9659	0.966	0.966	0.9593	0.9669	0.9658	0.9657	0.9659	0.9659	0.9617	0.9658	0.9658	0.9658	0.9653	0.9659	1.3449	0.9574	0.9659
  O	0.9662	0.9661	0.962	0.9663	1.1856	0.9652	0.9646	0.9661	0.9298	0.9662	0.9644	1.2444	0.9661	0.9658	0	0.9661	0.9661	0.9535	0.9662	0.9655	0.9599	0.9661	0.9662	0.9658	0.9642	0.9661	0.9662	0.9614	0.9627	0.9659	0.9662	0.9662	0.9662	0.9661	0.9635	0.9632	0.957	0.9662	0.9662	0.9662	0.9662	0.9662	0.9662	0.9662	0.9662	0.9662	1.4662	0.9661	0.9663	0.9663	0.9586	0.9629	0.9662	0.966	0.9662	0.9662	0.9597	0.9661	0.9661	0.9662	0.9651	0.9662	0.8854	0.9566	0.9662
  P	0.9663	0.9663	1.393	0.9666	0.9656	1.3177	0.9951	0.9661	1.3799	0.9663	0.9657	0.9401	0.9661	0.9662	0.9661	0	0.9661	2.1607	0.9662	0.9659	0.9613	0.9664	0.9662	0.9658	0.9647	0.966	0.9662	1.0766	0.9649	0.966	0.9661	0.9661	0.9661	0.9661	0.9649	0.9614	1.4379	0.9664	0.9662	0.9662	0.9662	0.9661	0.9662	0.9661	0.9664	1.154	0.9609	0.9662	0.9664	0.9663	0.9603	1.1639	0.9662	0.9661	1.3402	0.9664	0.961	0.9662	0.9661	0.9661	2.8981	0.9663	1.725	0.9581	0.9663
  Q	0.9661	0.966	0.9619	0.9661	0.9655	1.165	0.9646	0.966	0.9296	0.9661	0.9645	1.1054	0.966	0.9657	0.9661	0.9661	0	0.9535	0.9661	0.9655	0.9597	0.966	0.9661	0.9657	0.9643	0.966	0.9661	0.9613	0.9627	0.9657	0.966	0.966	0.9661	0.966	0.9634	0.9892	1.4086	0.9661	0.966	0.9661	0.9661	0.966	0.9661	0.9661	0.9661	0.9661	1.8324	0.966	0.9662	0.9662	0.9588	0.9628	0.9661	0.9659	0.9661	0.9661	0.9595	0.966	0.9661	0.966	0.9651	0.9661	0.885	1.1648	0.9662
  R	0.9542	0.9559	0.961	3.3475	0.9554	5.0857	1.1791	0.9544	1.9995	0.9534	0.9851	0.9691	0.9536	1.8853	0.9535	2.1607	0.9535	0	0.9546	0.9618	1.4312	2.1132	0.9534	0.9548	0.9534	0.9531	0.9546	5.2212	0.9593	1.0699	0.9534	0.9531	0.9532	0.9551	0.9573	0.9567	6.7112	0.955	0.954	0.954	0.9536	0.9535	0.9546	0.9534	0.9542	0.9541	1.1159	0.9552	0.9554	0.9563	0.9592	8.6584	0.9534	0.9568	0.9555	0.9571	1.4291	0.9531	0.954	0.9531	2.2642	0.9542	1.5758	0.955	0.954
  S	0.9662	0.9661	0.9622	0.9662	0.9656	0.9653	0.9648	0.9661	0.9329	0.9662	0.9646	0.9363	0.9661	0.9659	0.9662	0.9662	0.9661	0.9546	0	0.9655	0.9603	0.966	0.9662	0.9657	0.9644	0.9661	0.9661	0.9618	0.963	0.9658	0.9661	0.9661	0.9661	0.9661	0.9637	0.9611	0.9554	0.9661	0.9661	0.9662	0.9662	0.9661	0.9661	0.9661	0.9662	0.9662	0.9592	0.9661	0.9662	0.9662	0.9591	0.9632	0.9662	0.966	0.9662	0.9661	0.9602	0.9661	0.9661	0.9661	0.9652	0.9662	1.3376	0.9571	0.9662
  T	0.9659	0.9657	1.0961	0.9655	0.9654	0.9655	0.9914	0.9655	1.0541	0.9656	0.9671	0.9895	0.9655	0.9654	0.9655	0.9659	0.9655	0.9618	0.9655	0	0.9649	0.9655	0.9655	0.9654	0.9648	0.9654	0.9655	0.9641	0.9652	0.9655	0.9655	0.9654	0.9654	0.9657	1.3047	0.964	1.2148	0.9657	0.9833	0.9655	0.9655	0.9654	1.2547	0.9655	0.9654	0.9657	0.9639	0.9656	1.3099	0.9657	0.9636	0.9643	0.9655	0.9656	0.9657	0.9664	0.9635	0.9654	0.9655	0.9654	0.9657	0.9657	10.1302	0.9627	0.9657
  U	0.9604	0.9611	2.1091	0.9603	0.962	0.9613	0.9643	0.9603	1.9678	0.9596	0.9842	15.3248	0.9598	0.9644	0.9599	0.9613	0.9597	1.4312	0.9603	0.9649	0	0.9597	0.9595	0.9613	0.9598	0.9594	0.9603	1.46	2.5192	0.9609	0.9596	0.9594	0.9594	3.3615	0.9617	0.9652	7.7313	1.4079	0.9602	0.9599	0.9597	0.9597	0.9603	0.9595	0.9596	0.96	0.9735	0.9606	0.9934	1.2099	1.0244	0.9662	0.9597	0.9616	0.9604	1.6352	0.9644	0.9593	0.9604	0.9593	0.9788	0.96	4.5449	2.3808	0.9609
  V	0.9661	0.966	1.4095	0.9662	0.9654	1.1847	1.0525	0.966	0.9298	0.9661	0.9645	0.9387	0.966	0.9659	0.9661	0.9664	0.966	2.1132	0.966	0.9655	0.9597	0	0.9661	0.9656	0.9643	0.9659	0.966	0.9618	0.9626	0.9658	0.966	0.966	0.966	0.966	0.9634	0.9605	1.5259	0.9661	0.9661	0.9661	0.9661	0.966	0.9661	0.966	0.9661	0.9661	0.9587	0.966	1.0731	0.9662	0.9598	0.9949	0.9661	0.9659	0.9661	0.966	0.9595	0.966	0.966	0.966	0.9652	0.9661	0.8901	0.9563	0.9662
  W	0.9663	0.9661	0.9618	0.9663	0.9655	0.9653	0.9646	0.9661	0.9286	0.9663	0.9642	0.9325	0.9662	0.9659	0.9662	0.9662	0.9661	0.9534	0.9662	0.9655	0.9595	0.9661	0	0.9658	0.9643	0.9661	0.9662	0.9614	0.9626	0.9659	0.9662	0.9662	0.9662	0.9662	0.9634	0.9605	1.062	0.9662	0.9662	0.9662	1.4146	0.9662	0.9662	0.9662	0.9662	0.9662	0.9585	0.9662	0.9663	0.9663	0.9583	0.9628	0.9663	0.966	0.9662	0.9661	0.9594	0.9662	0.9662	0.9662	0.9651	0.9663	0.8829	0.9561	0.9663
  X	0.9658	0.9657	1.0569	0.9658	0.9654	0.965	0.9647	0.9657	0.934	0.9658	0.9647	1.9944	0.9657	0.9655	0.9658	0.9658	0.9657	0.9548	0.9657	0.9654	0.9613	0.9656	0.9658	0	0.9641	0.9656	0.9657	0.9617	0.9632	0.9655	0.9657	0.9657	0.9657	0.9657	0.9635	1.2123	1.2804	0.9659	0.9657	0.9657	0.9658	0.9657	0.9658	0.9657	0.9658	0.9658	1.1513	0.9657	0.9659	0.966	0.9599	0.9628	0.9657	0.9657	0.9658	0.9662	0.9601	0.9657	0.9657	0.9657	0.9651	0.9658	1.1386	1.2046	0.9658
  Y	0.9644	0.9645	0.9619	0.9643	0.9639	0.9644	0.9638	0.9643	0.9289	0.9643	0.9633	0.94	0.9647	0.9641	0.9642	0.9647	0.9643	0.9534	0.9644	0.9648	0.9598	0.9643	0.9643	0.9641	0	0.964	0.9644	0.9607	0.9626	0.9643	0.9643	0.9641	0.9641	0.9651	0.9622	0.9603	1.1527	0.9647	0.9643	0.9643	0.9644	0.9642	0.9644	0.9644	0.9642	0.9643	0.9596	0.9644	0.9646	0.9648	1.2268	0.961	0.9643	0.9648	0.9644	0.9649	0.9583	0.9641	0.9644	0.9641	0.9643	0.9644	0.8896	0.9569	0.9645
  Z	0.9661	0.966	0.9617	0.9661	0.9654	0.9651	0.9645	0.966	0.9289	0.9661	0.9642	0.9326	0.966	0.9657	0.9661	0.966	0.966	0.9531	0.9661	0.9654	0.9594	0.9659	0.9661	0.9656	0.964	0	0.9661	0.9612	0.9625	0.9657	0.966	0.966	0.966	0.966	0.9633	0.9604	0.9588	0.966	0.966	0.9661	0.9661	0.966	0.9661	0.966	0.9661	0.9661	1.4325	0.966	0.9661	0.9662	0.9582	0.9627	0.9661	0.9659	0.9661	0.9659	0.9594	0.966	0.966	0.966	0.9649	0.9661	0.8834	0.956	0.9661
  [	0.9662	0.9661	0.9622	0.9662	0.9656	0.9653	0.9648	0.9661	0.9329	0.9662	0.9646	0.9363	0.9661	0.9659	0.9662	0.9662	0.9661	0.9546	0.9661	0.9655	0.9603	0.966	0.9662	0.9657	0.9644	0.9661	0	0.9618	0.963	0.9658	0.9661	0.9661	0.9661	0.9661	0.9637	0.9611	0.9554	0.9661	0.9661	0.9662	0.9662	0.9661	0.9661	0.9661	0.9662	0.9662	0.9592	0.9662	0.9662	0.9662	0.9591	0.9632	0.9662	0.9682	0.9662	0.9661	0.9602	0.9661	0.9661	0.9661	0.9652	0.9662	1.3369	0.9571	0.9662
  \	0.9617	0.9622	0.968	1.3824	0.9618	1.4619	1.0105	0.9617	1.6448	0.9614	0.9635	1.3234	0.9614	0.9623	0.9614	1.0766	0.9613	5.2212	0.9618	0.9641	1.46	0.9618	0.9614	0.9617	0.9607	0.9612	0.9618	0	0.9628	0.962	0.9613	0.9612	0.9612	0.9621	0.961	0.9595	4.083	0.9621	0.9616	0.9616	0.9615	0.9614	0.9618	0.9613	1.0904	0.9616	0.9847	0.962	0.9642	0.9627	1.0846	1.3293	0.9614	0.9624	1.4447	0.9634	0.9576	0.9612	0.9616	0.9612	1.5039	0.9617	0.9795	0.9565	0.9617
  ]	1.1668	0.9635	1.7327	0.9628	0.9633	0.9631	0.9649	0.963	1.9052	0.9628	0.9671	2.6937	0.9627	0.9631	0.9627	0.9649	0.9627	0.9593	0.963	0.9652	2.5192	0.9626	0.9626	0.9632	0.9626	0.9625	0.963	0.9628	0	0.9632	0.9626	1.4439	0.9626	0.9634	1.0009	2.3154	2.2359	0.9635	0.9629	0.9629	0.9627	0.9627	0.963	0.9626	0.9627	0.963	2.9134	0.9632	0.9633	0.9636	2.2284	0.9615	0.9626	0.9649	0.9632	3.2527	0.9614	0.9625	0.9635	0.9625	1.4468	0.963	7.3643	3.6053	0.963
  ^	0.9659	0.9658	0.9629	0.9661	0.9654	0.9652	0.9813	0.9658	0.9338	0.9659	0.9677	2.5491	0.9658	0.9656	0.9659	0.966	0.9657	1.0699	0.9658	0.9655	0.9609	0.9658	0.9659	0.9655	0.9643	0.9657	0.9658	0.962	0.9632	0	0.9658	0.9658	0.9658	0.9658	0.9636	1.2463	1.3991	0.966	0.9658	0.9658	0.9659	0.9658	0.9658	0.9658	0.966	0.9659	0.9644	0.9659	0.966	0.9661	0.9749	0.9632	0.9658	0.9657	0.9659	0.9663	0.9602	0.9658	0.9658	0.9658	1.3818	0.9659	0.928	0.9579	0.966
  _	0.9662	0.9661	0.9632	0.9662	0.9655	0.9652	0.9646	0.9661	0.9293	0.9662	0.9644	0.9331	0.9661	0.9658	0.9662	0.9661	0.966	0.9534	0.9661	0.9655	0.9596	0.966	0.9662	0.9657	0.9643	0.966	0.9661	0.9613	0.9626	0.9658	0	0.9661	0.9661	0.9662	0.9634	0.9605	1.4291	0.9661	0.9661	0.9662	0.9662	0.9661	0.9662	0.9661	0.9662	0.9662	0.9584	0.9661	0.9662	0.9663	0.9585	0.9628	0.9662	0.9659	0.9662	0.966	0.9595	0.9661	0.9661	0.9661	0.9651	0.9662	0.8844	0.9562	0.9662
  `	0.9663	0.9661	0.9617	0.9662	0.9655	0.9651	0.9645	0.9661	0.9286	0.9662	0.9642	0.9323	0.9661	0.9658	0.9662	0.9661	0.966	0.9531	0.9661	0.9654	0.9594	0.966	0.9662	0.9657	0.9641	0.966	0.9661	0.9612	1.4439	0.9658	0.9661	0	0.9661	0.966	0.9634	0.9604	0.9538	0.9661	0.9661	0.9662	0.9662	0.9661	0.9661	0.9661	0.9662	0.9662	0.9582	0.9661	0.9662	0.9662	0.9582	0.9627	0.9662	0.9659	0.9662	0.966	0.9594	0.9661	0.9661	0.9661	0.965	0.9662	0.8829	0.9559	0.9662
  a	0.9662	0.9661	0.9617	0.9662	0.9655	0.9651	0.9646	0.9661	0.9289	0.9662	0.9642	0.9326	0.9661	0.9658	0.9662	0.9661	0.9661	0.9532	0.9661	0.9654	0.9594	0.966	0.9662	0.9657	0.9641	0.966	0.9661	0.9612	0.9626	0.9658	0.9661	0.9661	0	0.966	0.9634	0.9605	0.954	0.9661	0.9661	0.9662	0.9662	0.9661	0.9661	0.9661	0.9662	0.9662	1.4378	0.9661	0.9662	0.9662	0.9582	0.9628	0.9662	0.9659	0.9662	0.966	0.9594	0.9661	0.9661	0.9661	0.965	0.9662	0.8834	0.956	0.9662
  b	0.9662	0.966	0.9643	0.9661	0.9655	0.9653	0.9648	0.966	0.934	0.9661	0.9658	0.9398	0.966	0.9658	0.9661	0.9661	0.966	0.9551	0.9661	0.9657	3.3615	0.966	0.9662	0.9657	0.9651	0.966	0.9661	0.9621	0.9634	0.9658	0.9662	0.966	0.966	0	0.9638	0.9612	3.0869	1.1253	0.966	0.9661	0.9662	0.966	0.9661	0.966	0.9661	0.9661	0.9597	0.9661	0.9663	1.2705	0.9605	0.9632	0.9665	0.9659	0.9661	0.9683	0.9603	0.966	0.9662	0.966	0.9654	0.9661	1.4476	0.9585	0.9665
  c	0.9638	0.964	0.9628	0.9636	0.9635	0.9651	0.9737	0.9636	4.2654	0.9635	0.9642	0.948	0.9635	0.9638	0.9635	0.9649	0.9634	0.9573	0.9637	1.3047	0.9617	0.9634	0.9634	0.9635	0.9622	0.9633	0.9637	0.961	1.0009	0.9636	0.9634	0.9634	0.9634	0.9638	0	0.9612	1.0096	0.9638	0.9636	0.9636	0.9635	0.9635	1.18	0.9634	0.9634	0.9637	0.9606	0.9638	1.0509	0.964	0.9605	0.9615	0.9634	0.9641	0.9638	0.9644	1.1425	0.9634	0.9634	0.9634	0.9641	0.9637	2.1974	0.9588	0.9636
  d	0.961	0.9616	0.9685	0.961	1.6092	0.9612	0.9632	1.4416	0.948	0.9606	0.9646	12.595	0.9606	0.9611	0.9632	0.9614	0.9892	0.9567	0.9611	0.964	0.9652	0.9605	0.9605	1.2123	0.9603	0.9604	0.9611	0.9595	2.3154	1.2463	0.9605	0.9604	0.9605	0.9612	0.9612	0	2.1729	0.9617	0.9609	0.9608	0.9606	1.141	0.961	0.9605	0.9606	0.9608	4.7946	0.9613	0.9613	0.9621	1.8717	0.9592	0.9605	0.9619	0.9611	1.894	0.9628	0.9604	0.9752	0.9604	0.9637	0.9609	0.9263	3.311	0.9611
  e	0.9556	0.9572	3.3517	0.9552	0.9585	3.3283	0.9674	0.9556	1.3647	0.9545	1.0889	7.279	2.3851	0.958	0.957	1.4379	1.4086	6.7112	0.9554	1.2148	7.7313	1.5259	1.062	1.2804	1.1527	0.9588	0.9554	4.083	2.2359	1.3991	1.4291	0.9538	0.954	3.0869	1.0096	2.1729	0	1.8197	0.955	0.9549	1.3599	0.9544	0.9913	1.4307	0.9542	0.955	9.0544	0.9561	1.6474	1.3189	2.2855	0.9563	1.3047	1.8925	0.9558	1.0763	1.433	0.9538	1.65	0.9538	2.6646	0.955	13.0981	2.8569	1.5242
  f	0.9662	1.0388	1.2243	0.9662	0.9658	0.9654	0.965	0.9661	0.9333	0.9662	0.9652	1.1085	0.9661	0.9659	0.9662	0.9664	0.9661	0.955	0.9661	0.9657	1.4079	0.9661	0.9662	0.9659	0.9647	0.966	0.9661	0.9621	0.9635	0.966	0.9661	0.9661	0.9661	1.1253	0.9638	0.9617	1.8197	0	0.9662	0.9661	0.9662	0.9661	0.9662	0.9661	0.9662	0.9662	0.961	0.9662	0.9666	0.9664	0.9604	0.9631	1.2183	0.966	0.9662	0.9669	0.9603	0.9661	0.9662	0.9661	1.1754	0.9662	1.2654	0.9582	0.9664
  g	0.9662	0.9661	1.5434	0.9662	0.9656	0.9652	1.0097	0.9661	0.9314	0.9662	0.9645	0.9921	0.9661	0.9658	0.9662	0.9662	0.966	0.954	0.9661	0.9833	0.9602	0.9661	0.9662	0.9657	0.9643	0.966	0.9661	0.9616	0.9629	0.9658	0.9661	0.9661	0.9661	0.966	0.9636	0.9609	0.955	0.9662	0	0.9661	0.9662	0.9661	0.9662	0.9661	0.9662	0.9662	0.9589	0.9661	0.9664	0.9662	0.9592	0.963	0.9661	0.9659	0.9662	0.9662	0.9599	0.9661	0.9661	0.9661	0.9651	0.9662	1.1415	0.9567	0.9662
  h	0.9663	0.9661	0.962	0.9662	0.9655	0.9652	0.9648	0.9661	0.9312	0.9663	1.2511	0.9346	0.9661	0.9659	0.9662	0.9662	0.9661	0.954	0.9662	0.9655	0.9599	0.9661	0.9662	0.9657	0.9643	0.9661	0.9662	0.9616	0.9629	0.9658	0.9662	0.9662	0.9662	0.9661	0.9636	0.9608	0.9549	0.9661	0.9661	0	0.9662	0.9661	0.9662	0.9662	0.9662	0.9662	0.9588	0.9662	0.9662	0.9663	0.9587	0.963	0.9662	0.966	0.9662	0.9661	0.9599	0.9661	0.9661	0.9662	0.9651	0.9662	1.1237	0.9566	0.9662
  i	0.9662	0.9661	0.9619	0.9663	0.9655	0.9654	0.9646	0.9661	0.9291	0.9663	0.9644	0.9331	0.9662	0.9658	0.9662	0.9662	0.9661	0.9536	0.9662	0.9655	0.9597	0.9661	1.4146	0.9658	0.9644	0.9661	0.9662	0.9615	0.9627	0.9659	0.9662	0.9662	0.9662	0.9662	0.9635	0.9606	1.3599	0.9662	0.9662	0.9662	0	0.9662	0.9662	0.9662	0.9662	0.9662	0.9587	0.9662	0.9663	0.9663	0.9585	0.9628	0.9662	0.966	0.9662	0.9661	0.9595	0.9662	0.9662	0.9662	0.9651	0.9662	0.8842	0.9563	0.9663
  j	0.9662	0.9661	0.9619	0.9662	0.9656	0.9651	0.9646	0.9661	0.9298	0.9662	0.9643	1.2274	0.9661	0.9658	0.9662	0.9661	0.966	0.9535	0.9661	0.9654	0.9597	0.966	0.9662	0.9657	0.9642	0.966	0.9661	0.9614	0.9627	0.9658	0.9661	0.9661	0.9661	0.966	0.9635	1.141	0.9544	0.9661	0.9661	0.9661	0.9662	0	0.9661	0.9661	0.9662	0.9662	0.9599	0.9661	0.9662	0.9662	0.9585	0.9628	0.9661	0.9659	0.9662	0.9661	0.9596	0.9661	0.9661	0.9661	0.9651	0.9662	0.8854	0.9566	0.9662
  k	0.9662	0.9661	1.4347	0.9662	0.9656	0.9653	0.9648	0.9661	0.9325	0.9662	0.9646	0.9361	0.9661	0.9659	0.9662	0.9662	0.9661	0.9546	0.9661	1.2547	0.9603	0.9661	0.9662	0.9658	0.9644	0.9661	0.9661	0.9618	0.963	0.9658	0.9662	0.9661	0.9661	0.9661	1.18	0.961	0.9913	0.9662	0.9662	0.9662	0.9662	0.9661	0	0.9662	0.9662	0.9662	0.9593	0.9661	1.0312	0.9663	0.9595	0.9631	0.9662	0.966	0.9662	0.9661	0.9601	0.9661	0.9661	0.9661	0.9652	0.9662	1.3464	0.9571	0.9662
  l	0.9662	0.9661	0.9618	0.9662	0.9655	0.9652	0.9646	0.9661	0.9293	0.9662	0.9644	0.9331	0.9661	0.9658	0.9662	0.9661	0.9661	0.9534	0.9661	0.9655	0.9595	0.966	0.9662	0.9657	0.9644	0.966	0.9661	0.9613	0.9626	0.9658	0.9661	0.9661	0.9661	0.966	0.9634	0.9605	1.4307	0.9661	0.9661	0.9662	0.9662	0.9661	0.9662	0	0.9662	0.9662	0.9584	0.9661	0.9662	0.9663	0.9586	0.9628	0.9662	0.9659	0.9662	0.966	0.9595	0.9661	0.9661	0.9661	0.9651	0.9662	0.8843	0.9562	0.9662
  m	0.9662	0.9661	0.9618	1.1755	0.9656	0.9653	0.9646	0.9661	0.9286	0.9663	0.9643	0.9565	0.9661	0.9659	0.9662	0.9664	0.9661	0.9542	0.9662	0.9654	0.9596	0.9661	0.9662	0.9658	0.9642	0.9661	0.9662	1.0904	0.9627	0.966	0.9662	0.9662	0.9662	0.9661	0.9634	0.9606	0.9542	0.9662	0.9662	0.9662	0.9662	0.9662	0.9662	0.9662	0	0.9662	0.9584	0.9662	0.9663	0.9663	0.9583	0.9629	0.9662	0.966	0.9664	0.9661	0.9595	0.9663	0.9661	0.9662	1.433	0.9663	0.8831	0.9561	0.9662
  n	0.9663	0.9661	0.9621	0.9662	0.9656	0.9653	0.9648	0.9661	0.9316	0.9663	0.9645	0.9348	0.9661	0.9659	0.9662	1.154	0.9661	0.9541	0.9662	0.9657	0.96	0.9661	0.9662	0.9658	0.9643	0.9661	0.9662	0.9616	0.963	0.9659	0.9662	0.9662	0.9662	0.9661	0.9637	0.9608	0.955	0.9662	0.9662	0.9662	0.9662	0.9662	0.9662	0.9662	0.9662	0	0.9588	0.9662	0.9663	0.9663	0.9588	0.9631	0.9662	0.966	1.0476	0.9661	0.9599	0.9662	0.9661	0.9662	0.9655	0.9663	1.1401	0.9567	0.9662
  o	0.9592	0.96	1.2402	0.9589	2.739	3.3154	1.0886	0.9591	2.3975	0.9585	0.9819	11.0386	0.9586	0.9594	1.4662	0.9609	1.8324	1.1159	0.9592	0.9639	0.9735	0.9587	0.9585	1.1513	0.9596	1.4325	0.9592	0.9847	2.9134	0.9644	0.9584	0.9582	1.4378	0.9597	0.9606	4.7946	9.0544	0.961	0.9589	0.9588	0.9587	0.9599	0.9593	0.9584	0.9584	0.9588	0	0.9595	0.9603	0.9614	1.2325	0.9575	0.9585	0.9607	0.9593	1.5241	0.96	0.9582	1.2029	0.9582	0.9801	0.9589	2.4603	1.8126	0.9601
  p	0.9663	0.9661	0.9624	0.9662	0.9656	0.9653	0.9649	0.9661	0.9344	0.9662	0.9648	0.9377	0.9661	0.9659	0.9661	0.9662	0.966	0.9552	0.9661	0.9656	0.9606	0.966	0.9662	0.9657	0.9644	0.966	0.9662	0.962	0.9632	0.9659	0.9661	0.9661	0.9661	0.9661	0.9638	0.9613	0.9561	0.9662	0.9661	0.9662	0.9662	0.9661	0.9661	0.9661	0.9662	0.9662	0.9595	0	0.9662	0.9662	0.9594	0.9633	0.9661	1.4509	0.9662	0.9662	0.9604	0.9661	0.9661	0.9661	1.2147	0.9662	1.6219	0.9576	0.9662
  q	0.9663	0.9661	2.1585	0.9663	0.9657	0.9656	1.3497	0.9661	0.934	0.9663	0.9651	1.4071	0.9663	0.966	0.9663	0.9664	0.9662	0.9554	0.9662	1.3099	0.9934	1.0731	0.9663	0.9659	0.9646	0.9661	0.9662	0.9642	0.9633	0.966	0.9662	0.9662	0.9662	0.9663	1.0509	0.9613	1.6474	0.9666	0.9664	0.9662	0.9663	0.9662	1.0312	0.9662	0.9663	0.9663	0.9603	0.9662	0	0.9664	0.9623	0.9633	0.9663	0.9661	0.9663	0.9667	0.9604	0.9662	0.9662	0.9662	0.9655	0.9663	1.4023	0.9577	0.9664
  r	0.9664	0.9662	0.9631	0.9663	0.9658	0.9658	0.965	0.9662	0.9359	0.9664	0.9653	0.9778	0.9664	0.966	0.9663	0.9663	0.9662	0.9563	0.9662	0.9657	1.2099	0.9662	0.9663	0.966	0.9648	0.9662	0.9662	0.9627	0.9636	0.9661	0.9663	0.9662	0.9662	1.2705	0.964	0.9621	1.3189	0.9664	0.9662	0.9663	0.9663	0.9662	0.9663	0.9663	0.9663	0.9663	0.9614	0.9662	0.9664	0	0.9603	0.9635	0.9663	0.9661	0.9663	0.9667	0.9609	0.9662	0.9663	0.9662	0.9655	0.9663	1.798	0.9588	1.3895
  s	0.9594	0.9599	1.8584	0.9588	0.9602	0.9609	1.1203	0.96	2.6502	0.9584	0.9653	8.16	0.9593	0.9593	0.9586	0.9603	0.9588	0.9592	0.9591	0.9636	1.0244	0.9598	0.9583	0.9599	1.2268	0.9582	0.9591	1.0846	2.2284	0.9749	0.9585	0.9582	0.9582	0.9605	0.9605	1.8717	2.2855	0.9604	0.9592	0.9587	0.9585	0.9585	0.9595	0.9586	0.9583	0.9588	1.2325	0.9594	0.9623	0.9603	0	0.9576	0.9585	0.9686	0.9593	1.7685	0.9591	0.9581	0.9602	0.9581	0.963	0.9589	6.7355	2.1305	0.9591
  t	0.9631	0.9634	0.9608	0.9636	0.9628	1.0039	0.9641	0.963	0.9323	0.9629	0.9627	0.934	0.9628	0.9669	0.9629	1.1639	0.9628	8.6584	0.9632	0.9643	0.9662	0.9949	0.9628	0.9628	0.961	0.9627	0.9632	1.3293	0.9615	0.9632	0.9628	0.9627	0.9628	0.9632	0.9615	0.9592	0.9563	0.9631	0.963	0.963	0.9628	0.9628	0.9631	0.9628	0.9629	0.9631	0.9575	0.9633	0.9633	0.9635	0.9576	0	0.9628	0.9635	0.9634	0.9635	0.9591	0.9627	0.9628	0.9627	0.9646	0.9631	0.8885	0.9551	0.9629
  u	0.9662	0.9661	0.962	0.9662	0.9655	0.9652	0.9646	0.9661	0.929	0.9662	0.9643	0.9329	0.9662	0.9658	0.9662	0.9662	0.9661	0.9534	0.9662	0.9655	0.9597	0.9661	0.9663	0.9657	0.9643	0.9661	0.9662	0.9614	0.9626	0.9658	0.9662	0.9662	0.9662	0.9665	0.9634	0.9605	1.3047	1.2183	0.9661	0.9662	0.9662	0.9661	0.9662	0.9662	0.9662	0.9662	0.9585	0.9661	0.9663	0.9663	0.9585	0.9628	0	0.966	0.9662	0.9661	0.9595	0.9662	0.9662	0.9662	0.9651	0.9662	0.8839	0.9562	0.9663
  v	0.9661	0.966	0.963	0.966	0.9655	0.9653	0.965	0.9659	0.9388	0.966	0.9655	0.9551	0.9659	0.9657	0.966	0.9661	0.9659	0.9568	0.966	0.9656	0.9616	0.9659	0.966	0.9657	0.9648	0.9659	0.9682	0.9624	0.9649	0.9657	0.9659	0.9659	0.9659	0.9659	0.9641	0.9619	1.8925	0.966	0.9659	0.966	0.966	0.9659	0.966	0.9659	0.966	0.966	0.9607	1.4509	0.9661	0.9661	0.9686	0.9635	0.966	0	0.9661	0.9662	0.9611	0.9659	0.966	0.9659	0.9658	0.9661	2.2633	0.9589	0.9661
  w	0.9663	0.9662	0.9625	0.9665	0.9656	0.9655	1.0566	0.9661	0.9338	0.9663	0.9648	0.9367	0.9661	0.9659	0.9662	1.3402	0.9661	0.9555	0.9662	0.9657	0.9604	0.9661	0.9662	0.9658	0.9644	0.9661	0.9662	1.4447	0.9632	0.9659	0.9662	0.9662	0.9662	0.9661	0.9638	0.9611	0.9558	0.9662	0.9662	0.9662	0.9662	0.9662	0.9662	0.9662	0.9664	1.0476	0.9593	0.9662	0.9663	0.9663	0.9593	0.9634	0.9662	0.9661	0	0.9662	0.9603	0.9662	0.9661	0.9662	1.4474	1.0941	1.4634	0.9572	0.9663
  x	0.9665	0.9662	0.9743	0.9662	0.9798	0.9657	0.9658	0.9662	0.9419	0.9661	0.9667	2.6444	0.9661	0.9659	0.9662	0.9664	0.9661	0.9571	0.9661	0.9664	1.6352	0.966	0.9661	0.9662	0.9649	0.9659	0.9661	0.9634	3.2527	0.9663	0.966	0.966	0.966	0.9683	0.9644	1.894	1.0763	0.9669	0.9662	0.9661	0.9661	0.9661	0.9661	0.966	0.9661	0.9661	1.5241	0.9662	0.9667	0.9667	1.7685	0.9635	0.9661	0.9662	0.9662	0	0.9617	0.966	0.9661	0.966	0.9662	0.9662	1.6867	2.6532	0.9662
  y	0.96	0.9608	0.9624	0.9598	0.9615	0.9605	0.9653	0.96	3.191	0.9596	0.9651	2.3807	0.9596	0.9617	0.9597	0.961	0.9595	1.4291	0.9602	0.9635	0.9644	0.9595	0.9594	0.9601	0.9583	0.9594	0.9602	0.9576	0.9614	0.9602	0.9595	0.9594	0.9594	0.9603	1.1425	0.9628	1.433	0.9603	0.9599	0.9599	0.9595	0.9596	0.9601	0.9595	0.9595	0.9599	0.96	0.9604	0.9604	0.9609	0.9591	0.9591	0.9595	0.9611	0.9603	0.9617	0	0.9594	0.9596	0.9594	0.9625	0.96	1.7886	0.9586	0.9597
  z	0.9662	0.9661	0.9616	0.9663	0.9655	0.9651	0.9645	0.966	0.9284	0.9662	0.9641	0.9322	0.9661	0.9658	0.9661	0.9662	0.966	0.9531	0.9661	0.9654	0.9593	0.966	0.9662	0.9657	0.9641	0.966	0.9661	0.9612	0.9625	0.9658	0.9661	0.9661	0.9661	0.966	0.9634	0.9604	0.9538	0.9661	0.9661	0.9661	0.9662	0.9661	0.9661	0.9661	0.9663	0.9662	0.9582	0.9661	0.9662	0.9662	0.9581	0.9627	0.9662	0.9659	0.9662	0.966	0.9594	0	0.9661	0.9661	1.4475	0.9662	0.8825	0.9559	0.9662
  {	0.9661	0.966	0.9623	0.9662	0.9656	0.9656	0.9646	0.966	0.9297	0.9662	0.9646	0.948	0.9661	0.9658	0.9661	0.9661	0.9661	0.954	0.9661	0.9655	0.9604	0.966	0.9662	0.9657	0.9644	0.966	0.9661	0.9616	0.9635	0.9658	0.9661	0.9661	0.9661	0.9662	0.9634	0.9752	1.65	0.9662	0.9661	0.9661	0.9662	0.9661	0.9661	0.9661	0.9661	0.9661	1.2029	0.9661	0.9662	0.9663	0.9602	0.9628	0.9662	0.966	0.9661	0.9661	0.9596	0.9661	0	0.9661	0.9656	0.9661	0.8903	0.9568	0.9663
  |	0.9662	0.9661	0.9617	0.9662	0.9655	0.9651	1.4474	0.9661	0.9286	0.9662	0.9642	0.9322	0.9661	0.9658	0.9662	0.9661	0.966	0.9531	0.9661	0.9654	0.9593	0.966	0.9662	0.9657	0.9641	0.966	0.9661	0.9612	0.9625	0.9658	0.9661	0.9661	0.9661	0.966	0.9634	0.9604	0.9538	0.9661	0.9661	0.9662	0.9662	0.9661	0.9661	0.9661	0.9662	0.9662	0.9582	0.9661	0.9662	0.9662	0.9581	0.9627	0.9662	0.9659	0.9662	0.966	0.9594	0.9661	0.9661	0	0.965	0.9662	0.8826	0.9559	0.9662
  }	0.9654	0.9918	0.9847	1.0333	0.9652	1.0091	1.019	0.9651	0.9468	0.9652	1.4629	1.5835	0.9652	0.9653	0.9651	2.8981	0.9651	2.2642	0.9652	0.9657	0.9788	0.9652	0.9651	0.9651	0.9643	0.9649	0.9652	1.5039	1.4468	1.3818	0.9651	0.965	0.965	0.9654	0.9641	0.9637	2.6646	1.1754	0.9651	0.9651	0.9651	0.9651	0.9652	0.9651	1.433	0.9655	0.9801	1.2147	0.9655	0.9655	0.963	0.9646	0.9651	0.9658	1.4474	0.9662	0.9625	1.4475	0.9656	0.965	0	0.9653	4.0885	0.9616	0.9654
  ~	0.9663	0.9662	0.9623	0.9663	0.9656	0.9653	1.1234	0.9661	0.9326	0.9663	0.9647	0.935	0.9661	0.9659	0.9662	0.9663	0.9661	0.9542	0.9662	0.9657	0.96	0.9661	0.9663	0.9658	0.9644	0.9661	0.9662	0.9617	0.963	0.9659	0.9662	0.9662	0.9662	0.9661	0.9637	0.9609	0.955	0.9662	0.9662	0.9662	0.9662	0.9662	0.9662	0.9662	0.9663	0.9663	0.9589	0.9662	0.9663	0.9663	0.9589	0.9631	0.9662	0.9661	1.0941	0.9662	0.96	0.9662	0.9661	0.9662	0.9653	0	1.1523	0.9567	0.9663
  	1.179	1.7137	5.8474	0.8868	0.899	1.4148	5.1407	0.9985	78.6539	0.9516	3.7394	9.6013	0.8858	1.3449	0.8854	1.725	0.885	1.5758	1.3376	10.1302	4.5449	0.8901	0.8829	1.1386	0.8896	0.8834	1.3369	0.9795	7.3643	0.928	0.8844	0.8829	0.8834	1.4476	2.1974	0.9263	13.0981	1.2654	1.1415	1.1237	0.8842	0.8854	1.3464	0.8843	0.8831	1.1401	2.4603	1.6219	1.4023	1.798	6.7355	0.8885	0.8839	2.2633	1.4634	1.6867	1.7886	0.8825	0.8903	0.8826	4.0885	1.1523	0	1.4595	0.9651
  	0.9571	0.9581	1.0209	0.9567	0.9622	0.958	0.9618	1.9188	2.7304	0.9562	0.9637	11.4834	0.9566	0.9574	0.9566	0.9581	1.1648	0.955	0.9571	0.9627	2.3808	0.9563	0.9561	1.2046	0.9569	0.956	0.9571	0.9565	3.6053	0.9579	0.9562	0.9559	0.956	0.9585	0.9588	3.311	2.8569	0.9582	0.9567	0.9566	0.9563	0.9566	0.9571	0.9562	0.9561	0.9567	1.8126	0.9576	0.9577	0.9588	2.1305	0.9551	0.9562	0.9589	0.9572	2.6532	0.9586	0.9559	0.9568	0.9559	0.9616	0.9567	1.4595	0	0.9603
  	0.9663	0.9661	1.0122	0.9663	0.9656	0.9655	0.9649	0.9661	0.93	1.1374	1.2755	0.9745	0.9663	0.9659	0.9662	0.9663	0.9662	0.954	0.9662	0.9657	0.9609	0.9662	0.9663	0.9658	0.9645	0.9661	0.9662	0.9617	0.963	0.966	0.9662	0.9662	0.9662	0.9665	0.9636	0.9611	1.5242	0.9664	0.9662	0.9662	0.9663	0.9662	0.9662	0.9662	0.9662	0.9662	0.9601	0.9662	0.9664	1.3895	0.9591	0.9629	0.9663	0.9661	0.9663	0.9662	0.9597	0.9662	0.9663	0.9662	0.9654	0.9663	0.9651	0.9603	0

Actual rates from j->i (Q_ij):
	A	B	C	D	E	F	G	H	I	J	K	L	M	N	O	P	Q	R	S	T	U	V	W	X	Y	Z	[	\	]	^	_	`	a	b	c	d	e	f	g	h	i	j	k	l	m	n	o	p	q	r	s	t	u	v	w	x	y	z	{	|	}	~			
  A	0	0.0175	0.0174	0.0175	0.0175	0.0175	0.0175	0.0175	0.0169	0.0175	0.0175	0.017	0.0175	0.0175	0.0175	0.0175	0.0175	0.0173	0.0175	0.0175	0.0174	0.0175	0.0175	0.0175	0.0175	0.0175	0.0175	0.0174	0.0211	0.0175	0.0175	0.0175	0.0175	0.0175	0.0175	0.0174	0.0173	0.0175	0.0175	0.0175	0.0175	0.0175	0.0175	0.0175	0.0175	0.0175	0.0174	0.0175	0.0175	0.0175	0.0174	0.0174	0.0175	0.0175	0.0175	0.0175	0.0174	0.0175	0.0175	0.0175	0.0175	0.0175	0.0214	0.0173	0.0175
  B	0.015	0	0.0149	0.015	0.015	0.015	0.015	0.015	0.0218	0.015	0.0149	0.0146	0.015	0.015	0.015	0.015	0.015	0.0148	0.015	0.015	0.0149	0.015	0.015	0.015	0.0149	0.015	0.015	0.0149	0.0149	0.015	0.015	0.015	0.015	0.015	0.0149	0.0149	0.0148	0.0161	0.015	0.015	0.015	0.015	0.015	0.015	0.015	0.015	0.0149	0.015	0.015	0.015	0.0149	0.0149	0.015	0.015	0.015	0.015	0.0149	0.015	0.015	0.015	0.0154	0.015	0.0265	0.0148	0.015
  C	0.0077	0.0077	0	0.0077	0.0077	0.0077	0.01	0.0077	0.0089	0.008	0.0087	0.038	0.0077	0.0077	0.0077	0.0111	0.0077	0.0077	0.0077	0.0088	0.0168	0.0113	0.0077	0.0084	0.0077	0.0077	0.0077	0.0077	0.0138	0.0077	0.0077	0.0077	0.0077	0.0077	0.0077	0.0077	0.0268	0.0098	0.0123	0.0077	0.0077	0.0077	0.0115	0.0077	0.0077	0.0077	0.0099	0.0077	0.0172	0.0077	0.0148	0.0077	0.0077	0.0077	0.0077	0.0078	0.0077	0.0077	0.0077	0.0077	0.0079	0.0077	0.0467	0.0082	0.0081
  D	0.0181	0.0181	0.0181	0	0.0181	0.0181	0.0181	0.0181	0.0175	0.0181	0.0181	0.0205	0.0181	0.0181	0.0181	0.0182	0.0181	0.0629	0.0181	0.0181	0.018	0.0181	0.0181	0.0181	0.0181	0.0181	0.0181	0.026	0.0181	0.0181	0.0181	0.0181	0.0181	0.0181	0.0181	0.018	0.0179	0.0181	0.0181	0.0181	0.0181	0.0181	0.0181	0.0181	0.0221	0.0181	0.018	0.0181	0.0181	0.0181	0.018	0.0181	0.0181	0.0181	0.0181	0.0181	0.018	0.0181	0.0181	0.0181	0.0194	0.0181	0.0167	0.018	0.0181
  E	0.0153	0.0153	0.0153	0.0153	0	0.0153	0.0153	0.0153	0.0148	0.0153	0.0153	0.0654	0.0153	0.0153	0.0188	0.0153	0.0153	0.0151	0.0153	0.0153	0.0153	0.0153	0.0153	0.0153	0.0153	0.0153	0.0153	0.0153	0.0153	0.0153	0.0153	0.0153	0.0153	0.0153	0.0153	0.0255	0.0152	0.0153	0.0153	0.0153	0.0153	0.0153	0.0153	0.0153	0.0153	0.0153	0.0434	0.0153	0.0153	0.0153	0.0152	0.0153	0.0153	0.0153	0.0153	0.0155	0.0152	0.0153	0.0153	0.0153	0.0153	0.0153	0.0143	0.0153	0.0153
  F	0.0157	0.0157	0.0157	0.0157	0.0157	0	0.0166	0.0157	0.0193	0.0157	0.0157	0.0154	0.0157	0.0157	0.0157	0.0214	0.019	0.0828	0.0157	0.0157	0.0156	0.0193	0.0157	0.0157	0.0157	0.0157	0.0157	0.0238	0.0157	0.0157	0.0157	0.0157	0.0157	0.0157	0.0157	0.0156	0.0542	0.0157	0.0157	0.0157	0.0157	0.0157	0.0157	0.0157	0.0157	0.0157	0.054	0.0157	0.0157	0.0157	0.0156	0.0163	0.0157	0.0157	0.0157	0.0157	0.0156	0.0157	0.0157	0.0157	0.0164	0.0157	0.023	0.0156	0.0157
  G	0.0086	0.0086	0.0112	0.0086	0.0086	0.0092	0	0.0086	0.0389	0.0086	0.0114	0.0102	0.0086	0.0088	0.0086	0.0089	0.0086	0.0106	0.0086	0.0089	0.0086	0.0094	0.0086	0.0086	0.0086	0.0086	0.0086	0.009	0.0086	0.0088	0.0086	0.0086	0.0086	0.0086	0.0087	0.0086	0.0087	0.0086	0.009	0.0086	0.0086	0.0086	0.0086	0.0086	0.0086	0.0086	0.0097	0.0086	0.0121	0.0086	0.01	0.0086	0.0086	0.0086	0.0095	0.0086	0.0086	0.0086	0.0086	0.013	0.0091	0.0101	0.046	0.0086	0.0086
  H	0.0172	0.0172	0.0171	0.0172	0.0172	0.0172	0.0171	0	0.0229	0.0172	0.0171	0.025	0.0172	0.0172	0.0172	0.0172	0.0172	0.017	0.0172	0.0172	0.0171	0.0172	0.0172	0.0172	0.0171	0.0172	0.0172	0.0171	0.0171	0.0172	0.0172	0.0172	0.0172	0.0172	0.0171	0.0256	0.017	0.0172	0.0172	0.0172	0.0172	0.0172	0.0172	0.0172	0.0172	0.0172	0.017	0.0172	0.0172	0.0172	0.0171	0.0171	0.0172	0.0172	0.0172	0.0172	0.0171	0.0172	0.0172	0.0172	0.0171	0.0172	0.0177	0.0341	0.0172
  I	0.0015	0.0022	0.0018	0.0015	0.0015	0.0019	0.0069	0.0021	0	0.0015	0.0032	0.0041	0.0015	0.0018	0.0015	0.0022	0.0015	0.0032	0.0015	0.0017	0.0031	0.0015	0.0015	0.0015	0.0015	0.0015	0.0015	0.0026	0.003	0.0015	0.0015	0.0015	0.0015	0.0015	0.0068	0.0015	0.0022	0.0015	0.0015	0.0015	0.0015	0.0015	0.0015	0.0015	0.0015	0.0015	0.0038	0.0015	0.0015	0.0015	0.0042	0.0015	0.0015	0.0015	0.0015	0.0015	0.0051	0.0015	0.0015	0.0015	0.0015	0.0015	0.1258	0.0044	0.0015
  J	0.0187	0.0187	0.0194	0.0187	0.0187	0.0187	0.0187	0.0187	0.018	0	0.024	0.0181	0.0187	0.0187	0.0187	0.0187	0.0187	0.0184	0.0187	0.0187	0.0186	0.0187	0.0187	0.0187	0.0187	0.0187	0.0187	0.0186	0.0186	0.0187	0.0187	0.0187	0.0187	0.0187	0.0186	0.0186	0.0185	0.0187	0.0187	0.0187	0.0187	0.0187	0.0187	0.0187	0.0187	0.0187	0.0185	0.0187	0.0187	0.0187	0.0185	0.0186	0.0187	0.0187	0.0187	0.0187	0.0186	0.0187	0.0187	0.0187	0.0187	0.0187	0.0184	0.0185	0.022
  K	0.0107	0.0107	0.012	0.0107	0.0107	0.0107	0.0141	0.0107	0.0219	0.0138	0	0.0115	0.0107	0.0107	0.0107	0.0107	0.0107	0.0109	0.0107	0.0107	0.0109	0.0107	0.0107	0.0107	0.0107	0.0107	0.0107	0.0107	0.0107	0.0107	0.0107	0.0107	0.0107	0.0107	0.0107	0.0107	0.0121	0.0107	0.0107	0.0139	0.0107	0.0107	0.0107	0.0107	0.0107	0.0107	0.0109	0.0107	0.0107	0.0107	0.0107	0.0107	0.0107	0.0107	0.0107	0.0107	0.0107	0.0107	0.0107	0.0107	0.0162	0.0107	0.0414	0.0107	0.0141
  L	0.0071	0.0071	0.0359	0.0083	0.0312	0.0071	0.0086	0.0106	0.0192	0.0071	0.0078	0	0.0071	0.0071	0.0094	0.0071	0.0084	0.0073	0.0071	0.0075	0.1158	0.0071	0.007	0.0151	0.0071	0.007	0.0071	0.01	0.0204	0.0193	0.007	0.007	0.007	0.0071	0.0072	0.0952	0.055	0.0084	0.0075	0.0071	0.007	0.0093	0.0071	0.007	0.0072	0.0071	0.0834	0.0071	0.0106	0.0074	0.0616	0.0071	0.007	0.0072	0.0071	0.02	0.018	0.007	0.0072	0.007	0.012	0.0071	0.0725	0.0868	0.0074
  M	0.0184	0.0184	0.0183	0.0184	0.0184	0.0184	0.0184	0.0184	0.0177	0.0184	0.0184	0.0178	0	0.0184	0.0184	0.0184	0.0184	0.0182	0.0184	0.0184	0.0183	0.0184	0.0184	0.0184	0.0184	0.0184	0.0184	0.0183	0.0183	0.0184	0.0184	0.0184	0.0184	0.0184	0.0183	0.0183	0.0454	0.0184	0.0184	0.0184	0.0184	0.0184	0.0184	0.0184	0.0184	0.0184	0.0183	0.0184	0.0184	0.0184	0.0183	0.0183	0.0184	0.0184	0.0184	0.0184	0.0183	0.0184	0.0184	0.0184	0.0184	0.0184	0.0169	0.0182	0.0184
  N	0.0163	0.0163	0.0163	0.0163	0.0163	0.0163	0.0166	0.0163	0.0193	0.0163	0.0163	0.0158	0.0163	0	0.0163	0.0163	0.0163	0.0318	0.0163	0.0163	0.0163	0.0163	0.0163	0.0163	0.0163	0.0163	0.0163	0.0162	0.0162	0.0163	0.0163	0.0163	0.0163	0.0163	0.0163	0.0162	0.0162	0.0163	0.0163	0.0163	0.0163	0.0163	0.0163	0.0163	0.0163	0.0163	0.0162	0.0163	0.0163	0.0163	0.0162	0.0163	0.0163	0.0163	0.0163	0.0163	0.0162	0.0163	0.0163	0.0163	0.0163	0.0163	0.0227	0.0161	0.0163
  O	0.0185	0.0184	0.0184	0.0185	0.0226	0.0184	0.0184	0.0184	0.0178	0.0185	0.0184	0.0238	0.0184	0.0184	0	0.0184	0.0184	0.0182	0.0184	0.0184	0.0183	0.0184	0.0185	0.0184	0.0184	0.0184	0.0184	0.0184	0.0184	0.0184	0.0184	0.0184	0.0184	0.0184	0.0184	0.0184	0.0183	0.0184	0.0184	0.0184	0.0185	0.0184	0.0184	0.0184	0.0185	0.0185	0.028	0.0184	0.0185	0.0185	0.0183	0.0184	0.0185	0.0184	0.0185	0.0185	0.0183	0.0184	0.0184	0.0184	0.0184	0.0185	0.0169	0.0183	0.0185
  P	0.0158	0.0158	0.0227	0.0158	0.0158	0.0215	0.0162	0.0158	0.0225	0.0158	0.0158	0.0154	0.0158	0.0158	0.0158	0	0.0158	0.0353	0.0158	0.0158	0.0157	0.0158	0.0158	0.0158	0.0158	0.0158	0.0158	0.0176	0.0158	0.0158	0.0158	0.0158	0.0158	0.0158	0.0158	0.0157	0.0235	0.0158	0.0158	0.0158	0.0158	0.0158	0.0158	0.0158	0.0158	0.0188	0.0157	0.0158	0.0158	0.0158	0.0157	0.019	0.0158	0.0158	0.0219	0.0158	0.0157	0.0158	0.0158	0.0158	0.0473	0.0158	0.0282	0.0156	0.0158
  Q	0.0186	0.0186	0.0185	0.0186	0.0186	0.0224	0.0186	0.0186	0.0179	0.0186	0.0186	0.0213	0.0186	0.0186	0.0186	0.0186	0	0.0183	0.0186	0.0186	0.0185	0.0186	0.0186	0.0186	0.0186	0.0186	0.0186	0.0185	0.0185	0.0186	0.0186	0.0186	0.0186	0.0186	0.0185	0.019	0.0271	0.0186	0.0186	0.0186	0.0186	0.0186	0.0186	0.0186	0.0186	0.0186	0.0353	0.0186	0.0186	0.0186	0.0184	0.0185	0.0186	0.0186	0.0186	0.0186	0.0185	0.0186	0.0186	0.0186	0.0186	0.0186	0.017	0.0224	0.0186
  R	0.0115	0.0115	0.0116	0.0404	0.0115	0.0614	0.0142	0.0115	0.0241	0.0115	0.0119	0.0117	0.0115	0.0227	0.0115	0.0261	0.0115	0	0.0115	0.0116	0.0173	0.0255	0.0115	0.0115	0.0115	0.0115	0.0115	0.063	0.0116	0.0129	0.0115	0.0115	0.0115	0.0115	0.0116	0.0115	0.081	0.0115	0.0115	0.0115	0.0115	0.0115	0.0115	0.0115	0.0115	0.0115	0.0135	0.0115	0.0115	0.0115	0.0116	0.1045	0.0115	0.0115	0.0115	0.0115	0.0172	0.0115	0.0115	0.0115	0.0273	0.0115	0.019	0.0115	0.0115
  S	0.0168	0.0168	0.0167	0.0168	0.0168	0.0168	0.0168	0.0168	0.0162	0.0168	0.0168	0.0163	0.0168	0.0168	0.0168	0.0168	0.0168	0.0166	0	0.0168	0.0167	0.0168	0.0168	0.0168	0.0168	0.0168	0.0168	0.0167	0.0167	0.0168	0.0168	0.0168	0.0168	0.0168	0.0167	0.0167	0.0166	0.0168	0.0168	0.0168	0.0168	0.0168	0.0168	0.0168	0.0168	0.0168	0.0167	0.0168	0.0168	0.0168	0.0167	0.0167	0.0168	0.0168	0.0168	0.0168	0.0167	0.0168	0.0168	0.0168	0.0168	0.0168	0.0232	0.0166	0.0168
