Map from character to field name
A:	Algeria
B:	Argentina
C:	Australia
D:	Austria
E:	Bangladesh
F:	Belgium
G:	Brazil
H:	Cambodia
I:	Canada
J:	Chad
K:	Chile
L:	China
M:	Czech Republic
N:	Denmark
O:	Egypt
P:	France
Q:	Georgia
R:	Germany
S:	Guam
T:	Guatemala
U:	Hong Kong
V:	Hungary
W:	Iceland
X:	India
Y:	Indonesia
Z:	Iran
[:	Ireland
\:	Italy
]:	Japan
^:	Kazakhstan
_:	Kuwait
`:	Laos
a:	Luxembourg
b:	Malaysia
c:	Mexico
d:	Mongolia
e:	Netherlands
f:	New Zealand
g:	Nicaragua
h:	Nigeria
i:	Norway
j:	Pakistan
k:	Peru
l:	Philippines
m:	Poland
n:	Romania
o:	Russia
p:	Saudi Arabia
q:	Singapore
r:	South Africa
s:	South Korea
t:	Spain
u:	Sri Lanka
v:	Sweden
w:	Switzerland
x:	Taiwan
y:	Thailand
z:	Turkey
{:	Ukraine
|:	United Arab Emirates
}:	United Kingdom
~:	Uruguay
:	Usa
:	Vietnam
:	Zambia
:	?


Substitution rate (mu): 15.52792

Equilibrium frequencies (pi_i):
  A: 0.0186
  B: 0.0162
  C: 0.0079
  D: 0.0192
  E: 0.0183
  F: 0.0174
  G: 0.0098
  H: 0.0183
  I: 0.0018
  J: 0.0175
  K: 0.01
  L: 0.0062
  M: 0.0191
  N: 0.0171
  O: 0.0196
  P: 0.0151
  Q: 0.0191
  R: 0.0125
  S: 0.0175
  T: 0.0078
  U: 0.0064
  V: 0.0198
  W: 0.0194
  X: 0.0174
  Y: 0.0184
  Z: 0.0195
  [: 0.0194
  \: 0.0156
  ]: 0.0082
  ^: 0.0172
  _: 0.0195
  `: 0.0197
  a: 0.0196
  b: 0.0142
  c: 0.0127
  d: 0.0127
  e: 0.0047
  f: 0.0159
  g: 0.0179
  h: 0.0197
  i: 0.0194
  j: 0.0196
  k: 0.016
  l: 0.0185
  m: 0.0196
  n: 0.0198
  o: 0.0088
  p: 0.0153
  q: 0.0141
  r: 0.0159
  s: 0.006
  t: 0.0179
  u: 0.0195
  v: 0.0167
  w: 0.0164
  x: 0.0127
  y: 0.015
  z: 0.0197
  {: 0.0192
  |: 0.0197
  }: 0.0106
  ~: 0.0177
  : 0.0052
  : 0.0104
  : 0.0191

Symmetrized rates from j->i (W_ij):
	A	B	C	D	E	F	G	H	I	J	K	L	M	N	O	P	Q	R	S	T	U	V	W	X	Y	Z	[	\	]	^	_	`	a	b	c	d	e	f	g	h	i	j	k	l	m	n	o	p	q	r	s	t	u	v	w	x	y	z	{	|	}	~			
  A	0	0.9657	0.9646	0.9661	0.9665	0.9648	0.9624	0.9659	0.9407	0.9659	0.9689	0.9403	0.966	0.9652	0.9661	0.9656	0.966	0.9532	0.9659	0.9641	0.9589	0.9661	0.9661	0.9658	0.9664	0.966	0.9661	0.9608	1.2236	0.9659	0.9661	0.9661	0.9661	0.9657	0.9614	0.9581	0.9542	0.9656	0.9661	0.9661	0.9661	0.9661	0.9658	0.966	0.9661	0.9661	0.9581	0.9657	0.9659	0.9658	0.9611	0.9618	0.9661	0.9658	0.9664	0.9674	0.9581	0.9661	0.9659	0.9661	0.963	0.966	1.1082	0.9525	0.9656
  B	0.9657	0	0.9644	0.9657	0.9662	0.9646	0.9625	0.9655	1.077	0.9655	0.9691	0.9427	0.9657	0.9649	0.9657	0.9653	0.9657	0.9546	0.9656	0.9639	0.9593	0.9658	0.9657	0.9654	0.9663	0.9656	0.9658	0.9611	0.9628	0.9656	0.9658	0.9657	0.9657	0.9652	0.9616	0.9587	0.9569	0.9656	0.9657	0.9658	0.9657	0.9657	0.9654	0.9656	0.9658	0.9658	0.9586	0.9653	0.9656	0.9655	0.9615	0.962	0.9658	0.9654	0.9656	0.9671	0.9587	0.9658	0.9656	0.9658	0.963	0.9656	1.6568	0.9539	0.9654
  C	0.9646	0.9644	0	0.9642	1.1309	0.9668	1.3446	0.9642	1.0254	0.9645	0.9804	2.2797	0.9648	0.9649	0.9644	1.0917	0.9648	0.9624	0.9642	1.3	2.2816	1.2072	0.9643	0.9775	0.9662	0.9641	0.9641	0.9654	1.5671	0.9647	1.3171	0.9642	0.9641	1.1493	0.9642	1.7029	2.9842	0.9651	1.5808	0.9641	0.9643	0.9641	0.9694	0.9643	0.9641	0.9641	1.2574	0.9645	1.6305	0.969	1.3372	0.9627	0.9642	0.9649	0.9645	0.97	0.9907	0.9641	0.9646	0.9641	0.9658	0.9644	7.8946	1.1789	0.9656
  D	0.9661	0.9657	0.9642	0	0.9666	0.9651	0.9622	0.966	0.9398	0.966	0.9689	1.1088	0.9662	0.9656	0.9662	0.9657	0.9661	3.3439	0.966	0.9639	0.9591	0.9665	0.9662	0.9659	0.9667	0.9661	0.9662	1.361	0.9625	0.966	0.9663	0.9662	0.9662	0.9656	0.9612	0.9579	0.9538	0.9656	0.9662	0.9663	0.9662	0.9662	0.9658	0.9661	0.9942	0.9663	0.9578	0.9657	0.966	0.9659	0.961	0.9621	0.9663	0.9658	1.1301	0.9675	0.9582	0.9663	0.9661	0.9663	0.9743	0.966	0.8938	0.9523	0.9658
  E	0.9665	0.9662	1.1309	0.9666	0	0.9667	0.9635	0.9664	0.9529	0.9663	0.9701	2.1906	0.9671	0.9658	0.9669	0.9664	0.967	0.9552	0.9664	0.9647	0.9622	0.9669	0.9669	0.9669	0.9677	0.9669	0.9666	0.9624	1.0744	0.9666	0.9668	0.9667	0.9666	0.9665	0.9621	1.7674	1.2074	0.9664	0.9672	0.9666	0.9667	0.9666	0.9665	0.9665	0.9666	0.9666	3.0656	0.9661	0.9674	0.9663	1.0413	0.9624	0.9666	0.9665	0.9664	0.9693	0.9592	0.9666	0.9668	0.9666	0.9642	0.9664	0.9317	1.0982	0.9666
  F	0.9648	0.9646	0.9668	0.9651	0.9667	0	0.962	0.9647	0.9444	0.9647	0.9691	0.9439	0.9648	0.9857	0.9651	1.4427	0.9651	4.0902	0.9647	0.9636	0.9926	1.8001	0.9651	0.9648	0.9662	0.9647	0.9648	1.4829	0.9633	0.9649	0.9648	0.9648	0.9649	0.9648	0.9608	1.9322	4.3863	0.9646	0.9649	0.9648	0.9648	0.9911	0.9647	0.9648	0.9648	0.9648	1.9535	0.9646	0.9651	0.9647	0.9677	1.6087	0.9649	0.9646	0.9648	0.9672	0.9582	0.9648	0.9649	0.9648	0.963	0.9647	1.3412	0.9531	0.9645
  G	0.9624	0.9625	1.3446	0.9622	0.9635	0.962	0	0.9623	0.9562	0.9624	1.1139	0.954	0.9622	0.963	0.9622	0.9627	0.9622	0.9569	0.9624	1.238	0.9609	1.0329	0.9622	0.9624	0.9633	0.9621	0.9622	0.9602	0.963	0.9978	0.9622	0.9622	0.9622	0.9628	0.9677	0.9593	1.0656	0.9625	0.9729	0.9622	0.9622	0.9622	0.9914	0.9623	0.9622	0.9621	0.96	0.9626	1.4009	0.9626	0.9653	0.9602	0.9622	0.9625	0.963	0.9652	0.959	0.9622	0.9622	1.4425	1.0202	1.1313	5.5848	0.9565	0.9621
  H	0.9659	0.9655	0.9642	0.966	0.9664	0.9647	0.9623	0	0.9418	0.9657	0.9689	1.8646	0.9659	0.9651	0.966	0.9655	0.9659	0.9533	0.9658	0.9639	0.9589	0.966	0.966	0.9657	0.9668	0.9659	0.966	0.9608	0.966	0.9658	0.966	0.966	0.966	0.9655	0.9613	0.9581	0.9541	0.9655	0.966	0.966	0.966	0.966	0.9656	0.9659	0.966	0.966	0.9579	0.9655	0.9658	0.9657	0.9621	0.9618	0.966	0.9656	0.9658	0.9672	0.958	0.966	0.9658	0.966	0.963	0.9658	0.8967	1.905	0.9655
  I	0.9407	1.077	1.0254	0.9398	0.9529	0.9444	0.9562	0.9418	0	0.9414	1.3206	1.8406	0.9401	0.9423	0.9391	1.3714	0.9401	0.9765	0.9414	1.435	0.9717	0.9392	0.9391	0.9451	0.9749	0.9391	0.9389	0.9471	1.4451	0.9444	0.9391	0.9387	0.9388	0.9499	2.8257	0.9867	1.1792	0.9555	0.9434	0.9391	0.9393	0.9389	1.1746	0.9401	0.9388	0.9385	1.1109	0.9448	0.9514	0.9456	1.5371	0.9418	0.9389	0.9435	0.9436	0.9605	0.9586	0.9386	0.9405	0.9386	0.9547	0.9413	73.9711	1.7115	0.9406
  J	0.9659	0.9655	0.9645	0.966	0.9663	0.9647	0.9624	0.9657	0.9414	0	0.9687	0.9403	0.9659	0.9651	0.966	0.9654	0.9659	0.9538	0.9658	0.9639	0.9589	0.966	0.966	0.9656	0.9663	0.9658	0.966	0.9609	0.9626	0.9658	0.966	0.966	0.966	0.9654	0.9614	0.9582	0.9542	0.9654	0.9659	0.966	0.9659	0.966	0.9656	0.9658	0.966	0.966	0.9581	0.9655	0.9657	0.9657	0.9609	0.9619	0.966	0.9656	0.9658	0.9671	0.9583	0.966	0.9658	0.966	0.9629	0.9658	1.3348	0.9531	0.9655
  K	0.9689	0.9691	0.9804	0.9689	0.9701	0.9691	1.1139	0.9689	1.3206	0.9687	0	0.9859	0.969	0.9684	0.9689	0.9697	0.969	0.9632	0.9688	0.9693	0.9687	0.9691	0.9689	0.9693	1.0017	0.9688	0.9689	1.35	0.9712	0.9693	0.9689	0.9689	0.9689	0.969	0.9688	0.9674	1.0052	0.969	0.9694	1.4503	0.9689	0.9689	0.969	0.9688	0.9689	0.9689	0.9684	0.9699	0.9704	0.9691	1.0815	0.9669	0.9689	0.9691	0.9691	1.0275	0.9665	0.9689	0.9689	0.9689	1.4498	0.9689	5.025	0.9648	1.2756
  L	0.9403	0.9427	2.2797	1.1088	2.1906	0.9439	0.954	1.8646	1.8406	0.9403	0.9859	0	0.9388	0.9439	0.9385	1.6888	0.9387	1.3669	0.9404	1.2522	13.2508	0.9378	0.9399	1.1658	1.6274	1.0166	0.9378	1.5558	4.4743	2.5732	0.9382	0.9375	0.9377	0.9532	0.9485	7.0744	5.7796	1.3381	0.9415	0.9377	0.9381	0.9381	0.9428	0.9543	0.9885	0.9375	7.924	0.9435	1.891	0.943	8.6503	0.9394	0.9382	0.9421	1.2384	4.5772	1.6493	0.9376	0.9486	0.9375	2.0679	0.9401	15.1942	12.7131	0.9394
  M	0.966	0.9657	0.9648	0.9662	0.9671	0.9648	0.9622	0.9659	0.9401	0.9659	0.969	0.9388	0	0.9653	0.9662	0.9656	0.9661	0.953	0.9659	0.9639	0.9588	0.9662	0.9662	0.9658	0.9669	0.966	0.9662	0.9606	0.9627	0.966	0.9662	0.9662	0.9662	0.9656	0.9612	0.9584	2.2887	0.9656	0.9661	0.9662	0.9663	0.9662	0.9658	0.966	0.9662	0.9662	1.0577	0.9656	0.966	0.9658	0.9608	0.9617	0.9662	0.9658	0.9659	0.9675	0.9579	0.9662	0.9661	0.9662	0.963	0.966	0.8941	0.9522	0.9657
  N	0.9652	0.9649	0.9649	0.9656	0.9658	0.9857	0.963	0.9651	0.9423	0.9651	0.9684	0.9439	0.9653	0	0.9653	0.9652	0.9653	1.54	0.9651	0.9636	1.1636	0.9656	0.9653	0.9651	0.9657	0.9651	0.9652	0.9617	0.9626	0.9652	0.9653	0.9652	0.9652	0.9652	0.9611	0.9585	1.1248	0.9649	0.9653	0.9653	0.9653	0.9652	0.9651	0.9652	0.9653	0.9652	1.4308	0.9649	0.9653	0.9651	0.9611	0.9627	0.9653	0.9651	0.9651	0.9669	0.9582	0.9653	0.9652	0.9652	0.9628	0.9651	1.342	0.9534	0.965
  O	0.9661	0.9657	0.9644	0.9662	0.9669	0.9651	0.9622	0.966	0.9391	0.966	0.9689	0.9385	0.9662	0.9653	0	0.9656	0.9662	0.9527	0.966	0.9639	0.9586	0.9663	0.9663	0.9659	0.9667	0.9661	0.9662	0.9606	0.9702	0.966	0.9663	0.9662	0.9662	0.9656	0.9612	1.1529	1.1767	0.9656	0.9662	0.9663	0.9662	0.9662	0.9658	0.9661	0.9662	0.9662	1.5436	0.9657	0.966	0.9659	0.9605	0.9617	0.9663	0.9658	0.966	0.9675	0.9578	0.9663	0.9661	0.9662	0.9629	0.966	0.8921	0.9519	0.9658
  P	0.9656	0.9653	1.0917	0.9657	0.9664	1.4427	0.9627	0.9655	1.3714	0.9654	0.9697	1.6888	0.9656	0.9652	0.9656	0	0.9656	2.3933	0.9654	0.964	1.104	0.9671	0.9656	0.9654	0.9666	0.9655	0.9656	0.9619	0.964	0.9658	0.9656	0.9656	0.9656	1.087	0.9618	0.96	1.0361	0.9653	0.9656	0.9656	0.9656	0.9656	0.9653	0.9655	0.9659	1.4473	0.9601	0.9653	0.9656	1.0182	0.9628	0.9624	0.9656	0.9654	1.2588	0.9674	0.9596	1.2085	0.9655	0.9656	3.0463	0.9655	2.1012	0.9559	0.9653
  Q	0.966	0.9657	0.9648	0.9661	0.967	0.9651	0.9622	0.9659	0.9401	0.9659	0.969	0.9387	0.9661	0.9653	0.9662	0.9656	0	0.953	0.9659	0.9639	0.9588	0.9662	0.9662	0.9658	0.9668	0.966	0.9661	0.9606	0.9627	0.966	0.9662	0.9661	0.9661	0.9655	0.9612	0.9585	2.2871	0.9656	0.9661	0.9662	0.9661	0.9661	0.9658	0.966	0.9662	0.9661	1.0687	0.9656	0.9659	0.9658	0.9608	0.9617	0.9662	0.9657	0.9659	0.9674	0.9578	0.9662	0.966	0.9662	0.963	0.9659	0.8941	0.9522	0.9657
  R	0.9532	0.9546	0.9624	3.3439	0.9552	4.0902	0.9569	0.9533	0.9765	0.9538	0.9632	1.3669	0.953	1.54	0.9527	2.3933	0.953	0	0.9538	0.9594	1.0859	1.7638	0.9528	0.954	0.9552	0.9526	0.9527	4.4907	0.9595	0.9543	0.9526	0.9525	0.9526	0.9562	0.9564	0.9569	6.2931	0.9555	0.9538	0.9525	0.9527	0.9526	0.9549	0.9533	0.9527	0.9524	0.9769	0.9551	0.9564	0.9549	1.7907	6.6903	0.9527	0.9544	0.955	0.9594	1.0349	0.9526	0.9529	0.9525	1.437	0.9537	2.1588	0.9509	0.953
  S	0.9659	0.9656	0.9642	0.966	0.9664	0.9647	0.9624	0.9658	0.9414	0.9658	0.9688	0.9404	0.9659	0.9651	0.966	0.9654	0.9659	0.9538	0	0.9639	0.9589	0.966	0.966	0.9657	0.9663	0.9659	0.966	0.9609	0.9626	0.9658	0.966	0.966	0.966	0.9654	0.9615	0.9583	0.9543	0.9655	0.966	0.9661	0.966	0.966	0.9656	0.9659	0.966	0.966	0.9582	0.9655	0.9658	0.9657	0.9609	0.962	0.966	0.9656	0.9658	0.9672	0.9584	0.9661	0.9659	0.966	0.9629	0.9659	1.3353	0.9531	0.9656
  T	0.9641	0.9639	1.3	0.9639	0.9647	0.9636	1.238	0.9639	1.435	0.9639	0.9693	1.2522	0.9639	0.9636	0.9639	0.964	0.9639	0.9594	0.9639	0	0.9619	0.964	0.9639	0.9639	0.965	0.9638	0.9639	0.9621	0.9638	0.964	0.9639	0.9639	0.9639	0.964	1.0164	0.9613	1.2662	0.9639	0.9643	0.9639	0.9639	0.9639	1.0839	0.9639	0.9639	0.9639	0.9616	0.9639	1.0495	0.964	0.9649	0.9622	0.9639	0.964	0.964	0.9661	0.9611	0.9639	0.9639	0.9639	0.9632	0.964	7.3033	0.9588	0.9638
  U	0.9589	0.9593	2.2816	0.9591	0.9622	0.9926	0.9609	0.9589	0.9717	0.9589	0.9687	13.2508	0.9588	1.1636	0.9586	1.104	0.9588	1.0859	0.9589	0.9619	0	0.9587	0.9586	0.9597	0.9633	0.9584	0.9584	1.2447	1.9201	0.96	0.9585	0.9583	0.9584	2.8614	0.9592	0.962	7.07	0.9753	0.9593	0.9583	0.9585	0.9584	0.9595	0.9588	0.9586	0.9583	1.4432	0.9596	0.9608	0.9633	0.9678	0.9593	0.9665	0.9594	0.9597	1.4433	0.9587	0.9584	0.9589	0.9583	1.1157	0.9589	7.5507	2.1221	0.9588
  V	0.9661	0.9658	1.2072	0.9665	0.9669	1.8001	1.0329	0.966	0.9392	0.966	0.9691	0.9378	0.9662	0.9656	0.9663	0.9671	0.9662	1.7638	0.966	0.964	0.9587	0	0.9663	0.9659	0.9667	0.9661	0.9663	0.9851	0.9626	0.966	0.9663	0.9663	0.9662	0.9656	0.9612	0.9577	1.4388	0.9657	1.0223	0.9663	0.9662	0.9663	0.966	0.9661	0.9663	0.9663	0.9576	0.9657	1.2333	0.9659	0.9693	0.9625	0.9663	0.9658	0.966	0.9675	0.9578	0.9663	0.9661	0.9663	0.9629	0.9661	0.9456	0.9517	0.9658
  W	0.9661	0.9657	0.9643	0.9662	0.9669	0.9651	0.9622	0.966	0.9391	0.966	0.9689	0.9399	0.9662	0.9653	0.9663	0.9656	0.9662	0.9528	0.966	0.9639	0.9586	0.9663	0	0.9659	0.9667	0.9661	0.9662	0.9607	0.9625	0.966	0.9663	0.9662	0.9662	0.9656	0.9612	0.9593	1.2692	0.9657	0.9662	0.9663	0.9662	0.9662	0.9658	0.9661	0.9663	0.9662	1.1463	0.9657	0.966	0.9659	0.9605	0.9617	0.9663	0.9658	0.966	0.9675	0.9578	0.9663	0.9661	0.9663	0.9629	0.966	0.8927	0.952	0.9658
  X	0.9658	0.9654	0.9775	0.9659	0.9669	0.9648	0.9624	0.9657	0.9451	0.9656	0.9693	1.1658	0.9658	0.9651	0.9659	0.9654	0.9658	0.954	0.9657	0.9639	0.9597	0.9659	0.9659	0	0.9667	0.9657	0.9659	0.961	0.9639	0.9657	0.9659	0.9659	0.9658	0.9654	0.9614	0.9935	1.4119	0.9654	0.9658	0.9659	0.9658	0.9659	0.9655	0.9657	0.9659	0.9659	1.9247	0.9654	0.9658	0.9656	0.9619	0.9619	0.9659	0.9655	0.9657	0.9676	0.9584	0.9659	0.9671	0.9659	0.9631	0.9657	1.3309	1.1799	0.9655
  Y	0.9664	0.9663	0.9662	0.9667	0.9677	0.9662	0.9633	0.9668	0.9749	0.9663	1.0017	1.6274	0.9669	0.9657	0.9667	0.9666	0.9668	0.9552	0.9663	0.965	0.9633	0.9667	0.9667	0.9667	0	0.9665	0.9665	0.9624	0.9651	0.9681	0.9666	0.9666	0.9666	0.9662	0.9627	0.964	1.0258	0.9664	0.9669	0.9668	0.9667	0.9666	0.9664	0.9665	0.9666	0.9666	0.9632	0.9661	0.9673	0.9663	1.0781	0.9624	0.9666	0.9665	0.9665	0.9701	0.9593	0.9666	0.9666	0.9666	0.9644	0.9664	0.9489	0.9623	0.9666
  Z	0.966	0.9656	0.9641	0.9661	0.9669	0.9647	0.9621	0.9659	0.9391	0.9658	0.9688	1.0166	0.966	0.9651	0.9661	0.9655	0.966	0.9526	0.9659	0.9638	0.9584	0.9661	0.9661	0.9657	0.9665	0	0.9661	0.9605	0.9624	0.9659	0.9661	0.9661	0.9661	0.9655	0.9611	1.0583	0.9531	0.9655	0.9661	0.9661	0.9661	0.9661	0.9657	0.966	0.9661	0.9661	1.2527	0.9656	0.9659	0.9658	0.9604	0.9616	0.9661	0.9657	0.9659	0.9673	0.9576	0.9661	0.9659	0.9661	0.9627	0.9659	0.8917	0.9519	0.9656
  [	0.9661	0.9658	0.9641	0.9662	0.9666	0.9648	0.9622	0.966	0.9389	0.966	0.9689	0.9378	0.9662	0.9652	0.9662	0.9656	0.9661	0.9527	0.966	0.9639	0.9584	0.9663	0.9662	0.9659	0.9665	0.9661	0	0.9606	0.9624	0.966	0.9663	0.9662	0.9662	0.9656	0.9612	0.9576	0.9531	0.9656	0.9662	0.9663	0.9662	0.9662	0.9658	0.9661	0.9663	0.9663	0.9575	1.329	0.966	0.9659	0.9603	0.9617	0.9663	1.1359	0.966	0.9674	0.9577	0.9663	0.9661	0.9663	1.012	0.9661	0.9516	0.9519	0.9658
  \	0.9608	0.9611	0.9654	1.361	0.9624	1.4829	0.9602	0.9608	0.9471	0.9609	1.35	1.5558	0.9606	0.9617	0.9606	0.9619	0.9606	4.4907	0.9609	0.9621	1.2447	0.9851	0.9607	0.961	0.9624	0.9605	0.9606	0	0.9616	0.9612	0.9606	0.9605	0.9605	0.9617	0.9585	0.9566	3.8725	0.9619	0.961	0.9606	0.9606	0.9606	0.9613	0.9608	1.0002	0.9605	0.9609	0.9613	0.962	0.9614	0.9633	1.479	0.9606	0.961	1.167	0.9643	0.9608	0.9606	0.9606	0.9605	1.4617	0.9609	1.6816	0.9522	1.1178
  ]	1.2236	0.9628	1.5671	0.9625	1.0744	0.9633	0.963	0.966	1.4451	0.9626	0.9712	4.4743	0.9627	0.9626	0.9702	0.964	0.9627	0.9595	0.9626	0.9638	1.9201	0.9626	0.9625	0.9639	0.9651	0.9624	0.9624	0.9616	0	0.9631	0.9625	1.4426	0.9624	0.9764	0.9616	3.0011	2.3849	1.1993	0.963	0.9624	0.9625	0.9624	0.963	0.9626	0.9624	0.9623	1.1957	0.9629	0.9639	0.9629	1.8658	0.9608	0.9624	0.963	0.9643	1.5637	0.9619	0.9624	0.9663	0.9624	1.4447	0.9628	6.758	1.4576	0.9626
  ^	0.9659	0.9656	0.9647	0.966	0.9666	0.9649	0.9978	0.9658	0.9444	0.9658	0.9693	2.5732	0.966	0.9652	0.966	0.9658	0.966	0.9543	0.9658	0.964	0.96	0.966	0.966	0.9657	0.9681	0.9659	0.966	0.9612	0.9631	0	0.966	0.966	0.966	0.9655	0.9616	1.4589	1.1799	0.9655	0.966	0.966	0.966	0.966	0.9657	0.9659	0.9661	0.966	1.4408	0.9655	0.9658	0.9657	0.9726	0.9621	0.966	0.9657	0.9659	0.9741	0.9587	0.9661	0.9659	0.966	1.3498	0.9658	1.0478	0.9547	0.9656
  _	0.9661	0.9658	1.3171	0.9663	0.9668	0.9648	0.9622	0.966	0.9391	0.966	0.9689	0.9382	0.9662	0.9653	0.9663	0.9656	0.9662	0.9526	0.966	0.9639	0.9585	0.9663	0.9663	0.9659	0.9666	0.9661	0.9663	0.9606	0.9625	0.966	0	0.9663	0.9663	1.0104	0.9612	0.9577	1.0149	0.9657	0.9662	0.9663	0.9662	0.9663	0.9658	0.9661	0.9663	0.9663	0.9575	0.9657	0.966	0.9659	0.9604	0.9617	0.9663	0.9658	0.966	0.9674	0.9577	0.9663	0.9661	0.9663	0.9628	0.9661	0.901	1.0501	0.9658
  `	0.9661	0.9657	0.9642	0.9662	0.9667	0.9648	0.9622	0.966	0.9387	0.966	0.9689	0.9375	0.9662	0.9652	0.9662	0.9656	0.9661	0.9525	0.966	0.9639	0.9583	0.9663	0.9662	0.9659	0.9666	0.9661	0.9662	0.9605	1.4426	0.966	0.9663	0	0.9662	0.9656	0.9611	0.9575	0.953	0.9656	0.9662	0.9663	0.9662	0.9662	0.9658	0.9661	0.9663	0.9663	0.9574	0.9657	0.966	0.9659	0.9603	0.9617	0.9663	0.9658	0.966	0.9674	0.9576	0.9663	0.9661	0.9663	0.9628	0.966	0.891	0.9517	0.9658
  a	0.9661	0.9657	0.9641	0.9662	0.9666	0.9649	0.9622	0.966	0.9388	0.966	0.9689	0.9377	0.9662	0.9652	0.9662	0.9656	0.9661	0.9526	0.966	0.9639	0.9584	0.9662	0.9662	0.9658	0.9666	0.9661	0.9662	0.9605	0.9624	0.966	0.9663	0.9662	0	0.9656	0.9611	0.9576	0.953	0.9656	0.9662	0.9663	0.9662	0.9662	0.9658	0.9661	0.9662	0.9662	1.4352	0.9657	0.9659	0.9659	0.9603	0.9617	0.9663	0.9658	0.966	0.9674	0.9576	0.9663	0.966	0.9662	0.9628	0.966	0.8913	0.9518	0.9657
  b	0.9657	0.9652	1.1493	0.9656	0.9665	0.9648	0.9628	0.9655	0.9499	0.9654	0.969	0.9532	0.9656	0.9652	0.9656	1.087	0.9655	0.9562	0.9654	0.964	2.8614	0.9656	0.9656	0.9654	0.9662	0.9655	0.9656	0.9617	0.9764	0.9655	1.0104	0.9656	0.9656	0	0.9619	0.9597	2.2253	0.9795	0.9656	0.9656	0.9656	0.9656	0.9653	0.9655	0.9656	0.9656	0.9596	0.9652	0.9655	1.365	0.9622	0.9623	0.9806	0.9653	0.9655	0.9669	0.9596	0.9656	0.9655	0.9656	0.9636	0.9655	2.4915	1.4088	0.9653
  c	0.9614	0.9616	0.9642	0.9612	0.9621	0.9608	0.9677	0.9613	2.8257	0.9614	0.9688	0.9485	0.9612	0.9611	0.9612	0.9618	0.9612	0.9564	0.9615	1.0164	0.9592	0.9612	0.9612	0.9614	0.9627	0.9611	0.9612	0.9585	0.9616	0.9616	0.9612	0.9611	0.9611	0.9619	0	0.9575	1.0745	0.9616	0.9616	0.9611	0.9612	0.9611	1.0994	0.9613	0.9611	0.9611	0.9583	0.9618	1.2574	0.9617	1.4677	0.9586	0.9612	0.9616	0.9617	0.9642	0.9569	0.9611	0.9611	0.9611	0.961	0.9615	2.7427	0.954	0.961
  d	0.9581	0.9587	1.7029	0.9579	1.7674	1.9322	0.9593	0.9581	0.9867	0.9582	0.9674	7.0744	0.9584	0.9585	1.1529	0.96	0.9585	0.9569	0.9583	0.9613	0.962	0.9577	0.9593	0.9935	0.964	1.0583	0.9576	0.9566	3.0011	1.4589	0.9577	0.9575	0.9576	0.9597	0.9575	0	3.8139	0.9591	0.9584	0.9576	0.9577	1.4199	0.959	0.958	0.9577	0.9575	10.3008	0.959	0.9603	0.9589	2.3518	0.9555	0.9577	0.9587	0.9589	2.3071	1.8994	0.9575	1.0044	0.9575	0.9612	0.9582	0.9692	1.2766	0.9578
  e	0.9542	0.9569	2.9842	0.9538	1.2074	4.3863	1.0656	0.9541	1.1792	0.9542	1.0052	5.7796	2.2887	1.1248	1.1767	1.0361	2.2871	6.2931	0.9543	1.2662	7.07	1.4388	1.2692	1.4119	1.0258	0.9531	0.9531	3.8725	2.3849	1.1799	1.0149	0.953	0.953	2.2253	1.0745	3.8139	0	1.818	1.0034	0.9529	1.4268	0.9532	1.5918	1.2172	0.9532	0.9528	8.8106	0.9559	1.1332	0.99	1.3042	0.9578	1.0969	1.9212	0.9555	1.1642	1.7175	0.953	1.8381	0.9529	2.5186	0.9542	16.3056	2.703	1.9017
  f	0.9656	0.9656	0.9651	0.9656	0.9664	0.9646	0.9625	0.9655	0.9555	0.9654	0.969	1.3381	0.9656	0.9649	0.9656	0.9653	0.9656	0.9555	0.9655	0.9639	0.9753	0.9657	0.9657	0.9654	0.9664	0.9655	0.9656	0.9619	1.1993	0.9655	0.9657	0.9656	0.9656	0.9795	0.9616	0.9591	1.818	0	0.9656	0.9657	0.9656	0.9656	0.9654	0.9655	0.9656	0.9656	0.9603	0.9653	0.9655	0.9654	0.9619	0.962	1.1955	0.9654	0.9655	0.9671	0.9588	0.9657	0.9655	0.9656	0.9632	0.9655	1.6584	1.1701	0.9653
  g	0.9661	0.9657	1.5808	0.9662	0.9672	0.9649	0.9729	0.966	0.9434	0.9659	0.9694	0.9415	0.9661	0.9653	0.9662	0.9656	0.9661	0.9538	0.966	0.9643	0.9593	1.0223	0.9662	0.9658	0.9669	0.9661	0.9662	0.961	0.963	0.966	0.9662	0.9662	0.9662	0.9656	0.9616	0.9584	1.0034	0.9656	0	0.9662	0.9662	0.9662	0.969	0.9661	0.9662	0.9662	0.9583	0.9657	1.0032	0.9659	1.0497	0.9621	0.9662	0.9658	0.966	0.9676	0.9584	0.9662	0.966	0.9662	0.9631	0.966	1.2591	0.9531	0.9658
  h	0.9661	0.9658	0.9641	0.9663	0.9666	0.9648	0.9622	0.966	0.9391	0.966	1.4503	0.9377	0.9662	0.9653	0.9663	0.9656	0.9662	0.9525	0.9661	0.9639	0.9583	0.9663	0.9663	0.9659	0.9668	0.9661	0.9663	0.9606	0.9624	0.966	0.9663	0.9663	0.9663	0.9656	0.9611	0.9576	0.9529	0.9657	0.9662	0	0.9662	0.9663	0.9658	0.9661	0.9663	0.9663	0.9574	0.9657	0.966	0.9659	0.9606	0.9617	0.9663	0.9658	0.966	0.9677	0.9576	0.9663	0.9661	0.9663	0.9628	0.9661	0.8915	0.9518	0.9658
  i	0.9661	0.9657	0.9643	0.9662	0.9667	0.9648	0.9622	0.966	0.9393	0.9659	0.9689	0.9381	0.9663	0.9653	0.9662	0.9656	0.9661	0.9527	0.966	0.9639	0.9585	0.9662	0.9662	0.9658	0.9667	0.9661	0.9662	0.9606	0.9625	0.966	0.9662	0.9662	0.9662	0.9656	0.9612	0.9577	1.4268	0.9656	0.9662	0.9662	0	0.9662	0.9658	0.9661	0.9662	0.9662	0.9577	0.9657	0.9659	0.9659	0.9605	0.9617	0.9662	0.9658	0.966	0.9674	0.9577	0.9663	0.9661	0.9662	0.9628	0.966	0.8923	0.952	0.9657
  j	0.9661	0.9657	0.9641	0.9662	0.9666	0.9911	0.9622	0.966	0.9389	0.966	0.9689	0.9381	0.9662	0.9652	0.9662	0.9656	0.9661	0.9526	0.966	0.9639	0.9584	0.9663	0.9662	0.9659	0.9666	0.9661	0.9662	0.9606	0.9624	0.966	0.9663	0.9662	0.9662	0.9656	0.9611	1.4199	0.9532	0.9656	0.9662	0.9663	0.9662	0	0.9658	0.9661	0.9663	0.9662	0.9581	0.9657	0.9659	0.9659	0.9649	0.9617	0.9663	0.9658	0.966	0.9675	0.9577	0.9663	0.9661	0.9663	0.9628	0.966	0.8913	0.9518	0.9657
  k	0.9658	0.9654	0.9694	0.9658	0.9665	0.9647	0.9914	0.9656	1.1746	0.9656	0.969	0.9428	0.9658	0.9651	0.9658	0.9653	0.9658	0.9549	0.9656	1.0839	0.9595	0.966	0.9658	0.9655	0.9664	0.9657	0.9658	0.9613	0.963	0.9657	0.9658	0.9658	0.9658	0.9653	1.0994	0.959	1.5918	0.9654	0.969	0.9658	0.9658	0.9658	0	0.9657	0.9658	0.9658	0.9589	0.9654	1.1504	0.9655	0.9618	0.9621	0.9658	0.9655	0.9656	0.9671	0.9589	0.9659	0.9657	0.9658	0.9631	0.9657	1.6747	0.9541	0.9655
  l	0.966	0.9656	0.9643	0.9661	0.9665	0.9648	0.9623	0.9659	0.9401	0.9658	0.9688	0.9543	0.966	0.9652	0.9661	0.9655	0.966	0.9533	0.9659	0.9639	0.9588	0.9661	0.9661	0.9657	0.9665	0.966	0.9661	0.9608	0.9626	0.9659	0.9661	0.9661	0.9661	0.9655	0.9613	0.958	1.2172	0.9655	0.9661	0.9661	0.9661	0.9661	0.9657	0	0.9661	0.9661	0.958	0.9656	0.9659	0.9658	0.9606	0.9618	0.9661	0.9657	0.9659	0.9673	0.963	0.9661	0.9659	0.9661	0.9629	0.9659	1.0736	0.9525	0.9657
  m	0.9661	0.9658	0.9641	0.9942	0.9666	0.9648	0.9622	0.966	0.9388	0.966	0.9689	0.9885	0.9662	0.9653	0.9662	0.9659	0.9662	0.9527	0.966	0.9639	0.9586	0.9663	0.9663	0.9659	0.9666	0.9661	0.9663	1.0002	0.9624	0.9661	0.9663	0.9663	0.9662	0.9656	0.9611	0.9577	0.9532	0.9656	0.9662	0.9663	0.9662	0.9663	0.9658	0.9661	0	0.9663	0.9575	0.9657	0.966	0.9659	0.9604	0.9618	0.9663	0.9659	1.2005	0.9675	0.9577	0.9664	0.9661	0.9663	1.4441	0.9661	0.8917	0.952	0.9658
  n	0.9661	0.9658	0.9641	0.9663	0.9666	0.9648	0.9621	0.966	0.9385	0.966	0.9689	0.9375	0.9662	0.9652	0.9662	1.4473	0.9661	0.9524	0.966	0.9639	0.9583	0.9663	0.9662	0.9659	0.9666	0.9661	0.9663	0.9605	0.9623	0.966	0.9663	0.9663	0.9662	0.9656	0.9611	0.9575	0.9528	0.9656	0.9662	0.9663	0.9662	0.9662	0.9658	0.9661	0.9663	0	0.9574	0.9657	0.966	0.9659	0.9602	0.9617	0.9663	0.9658	0.9661	0.9674	0.9576	0.9663	0.9661	0.9663	0.9628	0.9661	0.8906	0.9517	0.9658
  o	0.9581	0.9586	1.2574	0.9578	3.0656	1.9535	0.96	0.9579	1.1109	0.9581	0.9684	7.924	1.0577	1.4308	1.5436	0.9601	1.0687	0.9769	0.9582	0.9616	1.4432	0.9576	1.1463	1.9247	0.9632	1.2527	0.9575	0.9609	1.1957	1.4408	0.9575	0.9574	1.4352	0.9596	0.9583	10.3008	8.8106	0.9603	0.9583	0.9574	0.9577	0.9581	0.9589	0.958	0.9575	0.9574	0	0.9589	1.016	0.9588	1.5257	0.9564	0.9576	0.9586	0.9588	2.0117	0.9575	0.9574	0.9619	0.9574	0.9618	0.9582	4.6806	1.0189	0.9577
  p	0.9657	0.9653	0.9645	0.9657	0.9661	0.9646	0.9626	0.9655	0.9448	0.9655	0.9699	0.9435	0.9656	0.9649	0.9657	0.9653	0.9656	0.9551	0.9655	0.9639	0.9596	0.9657	0.9657	0.9654	0.9661	0.9656	1.329	0.9613	0.9629	0.9655	0.9657	0.9657	0.9657	0.9652	0.9618	0.959	0.9559	0.9653	0.9657	0.9657	0.9657	0.9657	0.9654	0.9656	0.9657	0.9657	0.9589	0	0.9655	0.9655	0.9616	0.9622	0.9657	2.2302	0.9655	0.9669	0.9591	0.9657	0.9656	0.9657	1.0343	0.9656	1.9036	0.9544	0.9653
  q	0.9659	0.9656	1.6305	0.966	0.9674	0.9651	1.4009	0.9658	0.9514	0.9657	0.9704	1.891	0.966	0.9653	0.966	0.9656	0.9659	0.9564	0.9658	1.0495	0.9608	1.2333	0.966	0.9658	0.9673	0.9659	0.966	0.962	0.9639	0.9658	0.966	0.966	0.9659	0.9655	1.2574	0.9603	1.1332	0.9655	1.0032	0.966	0.9659	0.9659	1.1504	0.9659	0.966	0.966	1.016	0.9655	0	0.9657	1.0349	0.9627	0.966	0.9657	0.9658	0.9676	0.9609	0.966	0.9659	0.966	0.9638	0.9658	2.3122	0.9557	0.9657
  r	0.9658	0.9655	0.969	0.9659	0.9663	0.9647	0.9626	0.9657	0.9456	0.9657	0.9691	0.943	0.9658	0.9651	0.9659	1.0182	0.9658	0.9549	0.9657	0.964	0.9633	0.9659	0.9659	0.9656	0.9663	0.9658	0.9659	0.9614	0.9629	0.9657	0.9659	0.9659	0.9659	1.365	0.9617	0.9589	0.99	0.9654	0.9659	0.9659	0.9659	0.9659	0.9655	0.9658	0.9659	0.9659	0.9588	0.9655	0.9657	0	0.9616	0.9622	0.9659	0.9656	0.9657	0.9672	0.959	0.9659	0.9658	0.9659	0.9631	0.9658	1.9029	0.9542	1.4549
  s	0.9611	0.9615	1.3372	0.961	1.0413	0.9677	0.9653	0.9621	1.5371	0.9609	1.0815	8.6503	0.9608	0.9611	0.9605	0.9628	0.9608	1.7907	0.9609	0.9649	0.9678	0.9693	0.9605	0.9619	1.0781	0.9604	0.9603	0.9633	1.8658	0.9726	0.9604	0.9603	0.9603	0.9622	1.4677	2.3518	1.3042	0.9619	1.0497	0.9606	0.9605	0.9649	0.9618	0.9606	0.9604	0.9602	1.5257	0.9616	1.0349	0.9616	0	0.9632	0.9604	0.9616	0.9615	2.9265	1.1137	0.9603	0.9607	0.9603	0.9645	0.9609	11.5049	1.5215	0.961
  t	0.9618	0.962	0.9627	0.9621	0.9624	1.6087	0.9602	0.9618	0.9418	0.9619	0.9669	0.9394	0.9617	0.9627	0.9617	0.9624	0.9617	6.6903	0.962	0.9622	0.9593	0.9625	0.9617	0.9619	0.9624	0.9616	0.9617	1.479	0.9608	0.9621	0.9617	0.9617	0.9617	0.9623	0.9586	0.9555	0.9578	0.962	0.9621	0.9617	0.9617	0.9617	0.9621	0.9618	0.9618	0.9617	0.9564	0.9622	0.9627	0.9622	0.9632	0	0.9618	0.962	0.9623	0.9645	0.9563	0.9617	0.9616	0.9617	1.4401	0.962	1.3367	0.9506	0.9615
  u	0.9661	0.9658	0.9642	0.9663	0.9666	0.9649	0.9622	0.966	0.9389	0.966	0.9689	0.9382	0.9662	0.9653	0.9663	0.9656	0.9662	0.9527	0.966	0.9639	0.9665	0.9663	0.9663	0.9659	0.9666	0.9661	0.9663	0.9606	0.9624	0.966	0.9663	0.9663	0.9663	0.9806	0.9612	0.9577	1.0969	1.1955	0.9662	0.9663	0.9662	0.9663	0.9658	0.9661	0.9663	0.9663	0.9576	0.9657	0.966	0.9659	0.9604	0.9618	0	0.9659	0.966	0.9674	0.9577	0.9663	0.9661	0.9663	0.9628	0.9661	0.8921	1.1858	0.9658
  v	0.9658	0.9654	0.9649	0.9658	0.9665	0.9646	0.9625	0.9656	0.9435	0.9656	0.9691	0.9421	0.9658	0.9651	0.9658	0.9654	0.9657	0.9544	0.9656	0.964	0.9594	0.9658	0.9658	0.9655	0.9665	0.9657	1.1359	0.961	0.963	0.9657	0.9658	0.9658	0.9658	0.9653	0.9616	0.9587	1.9212	0.9654	0.9658	0.9658	0.9658	0.9658	0.9655	0.9657	0.9659	0.9658	0.9586	2.2302	0.9657	0.9656	0.9616	0.962	0.9659	0	0.9657	0.9672	0.9587	0.9659	0.9657	0.9658	1.1247	0.9657	1.6596	0.9536	0.9655
  w	0.9664	0.9656	0.9645	1.1301	0.9664	0.9648	0.963	0.9658	0.9436	0.9658	0.9691	1.2384	0.9659	0.9651	0.966	1.2588	0.9659	0.955	0.9658	0.964	0.9597	0.966	0.966	0.9657	0.9665	0.9659	0.966	1.167	0.9643	0.9659	0.966	0.966	0.966	0.9655	0.9617	0.9589	0.9555	0.9655	0.966	0.966	0.966	0.966	0.9656	0.9659	1.2005	0.9661	0.9588	0.9655	0.9658	0.9657	0.9615	0.9623	0.966	0.9657	0	0.9673	0.9589	0.9661	0.9659	0.966	1.5566	0.9668	1.6482	0.9541	0.9656
  x	0.9674	0.9671	0.97	0.9675	0.9693	0.9672	0.9652	0.9672	0.9605	0.9671	1.0275	4.5772	0.9675	0.9669	0.9675	0.9674	0.9674	0.9594	0.9672	0.9661	1.4433	0.9675	0.9675	0.9676	0.9701	0.9673	0.9674	0.9643	1.5637	0.9741	0.9674	0.9674	0.9674	0.9669	0.9642	2.3071	1.1642	0.9671	0.9676	0.9677	0.9674	0.9675	0.9671	0.9673	0.9675	0.9674	2.0117	0.9669	0.9676	0.9672	2.9265	0.9645	0.9674	0.9672	0.9673	0	0.9625	0.9674	0.9674	0.9674	0.9663	0.9672	2.3422	0.9817	0.9674
  y	0.9581	0.9587	0.9907	0.9582	0.9592	0.9582	0.959	0.958	0.9586	0.9583	0.9665	1.6493	0.9579	0.9582	0.9578	0.9596	0.9578	1.0349	0.9584	0.9611	0.9587	0.9578	0.9578	0.9584	0.9593	0.9576	0.9577	0.9608	0.9619	0.9587	0.9577	0.9576	0.9576	0.9596	0.9569	1.8994	1.7175	0.9588	0.9584	0.9576	0.9577	0.9577	0.9589	0.963	0.9577	0.9576	0.9575	0.9591	0.9609	0.959	1.1137	0.9563	0.9577	0.9587	0.9589	0.9625	0	0.9577	0.9578	0.9576	1.4305	0.9583	2.1012	0.9511	0.9576
  z	0.9661	0.9658	0.9641	0.9663	0.9666	0.9648	0.9622	0.966	0.9386	0.966	0.9689	0.9376	0.9662	0.9653	0.9663	1.2085	0.9662	0.9526	0.9661	0.9639	0.9584	0.9663	0.9663	0.9659	0.9666	0.9661	0.9663	0.9606	0.9624	0.9661	0.9663	0.9663	0.9663	0.9656	0.9611	0.9575	0.953	0.9657	0.9662	0.9663	0.9663	0.9663	0.9659	0.9661	0.9664	0.9663	0.9574	0.9657	0.966	0.9659	0.9603	0.9617	0.9663	0.9659	0.9661	0.9674	0.9577	0	0.9661	0.9663	1.3085	0.9661	0.8909	0.9517	0.9658
  {	0.9659	0.9656	0.9646	0.9661	0.9668	0.9649	0.9622	0.9658	0.9405	0.9658	0.9689	0.9486	0.9661	0.9652	0.9661	0.9655	0.966	0.9529	0.9659	0.9639	0.9589	0.9661	0.9661	0.9671	0.9666	0.9659	0.9661	0.9606	0.9663	0.9659	0.9661	0.9661	0.966	0.9655	0.9611	1.0044	1.8381	0.9655	0.966	0.9661	0.9661	0.9661	0.9657	0.9659	0.9661	0.9661	0.9619	0.9656	0.9659	0.9658	0.9607	0.9616	0.9661	0.9657	0.9659	0.9674	0.9578	0.9661	0	0.9661	0.9629	0.9659	0.8961	0.9522	0.9656
  |	0.9661	0.9658	0.9641	0.9663	0.9666	0.9648	1.4425	0.966	0.9386	0.966	0.9689	0.9375	0.9662	0.9652	0.9662	0.9656	0.9662	0.9525	0.966	0.9639	0.9583	0.9663	0.9663	0.9659	0.9666	0.9661	0.9663	0.9605	0.9624	0.966	0.9663	0.9663	0.9662	0.9656	0.9611	0.9575	0.9529	0.9656	0.9662	0.9663	0.9662	0.9663	0.9658	0.9661	0.9663	0.9663	0.9574	0.9657	0.966	0.9659	0.9603	0.9617	0.9663	0.9658	0.966	0.9674	0.9576	0.9663	0.9661	0	0.9628	0.9661	0.891	0.9517	0.9658
  }	0.963	0.963	0.9658	0.9743	0.9642	0.963	1.0202	0.963	0.9547	0.9629	1.4498	2.0679	0.963	0.9628	0.9629	3.0463	0.963	1.437	0.9629	0.9632	1.1157	0.9629	0.9629	0.9631	0.9644	0.9627	1.012	1.4617	1.4447	1.3498	0.9628	0.9628	0.9628	0.9636	0.961	0.9612	2.5186	0.9632	0.9631	0.9628	0.9628	0.9628	0.9631	0.9629	1.4441	0.9628	0.9618	1.0343	0.9638	0.9631	0.9645	1.4401	0.9628	1.1247	1.5566	0.9663	1.4305	1.3085	0.9629	0.9628	0	0.963	4.5111	0.959	0.9629
  ~	0.966	0.9656	0.9644	0.966	0.9664	0.9647	1.1313	0.9658	0.9413	0.9658	0.9689	0.9401	0.966	0.9651	0.966	0.9655	0.9659	0.9537	0.9659	0.964	0.9589	0.9661	0.966	0.9657	0.9664	0.9659	0.9661	0.9609	0.9628	0.9658	0.9661	0.966	0.966	0.9655	0.9615	0.9582	0.9542	0.9655	0.966	0.9661	0.966	0.966	0.9657	0.9659	0.9661	0.9661	0.9582	0.9656	0.9658	0.9658	0.9609	0.962	0.9661	0.9657	0.9668	0.9672	0.9583	0.9661	0.9659	0.9661	0.963	0	1.2795	0.953	0.9656
  	1.1082	1.6568	7.8946	0.8938	0.9317	1.3412	5.5848	0.8967	73.9711	1.3348	5.025	15.1942	0.8941	1.342	0.8921	2.1012	0.8941	2.1588	1.3353	7.3033	7.5507	0.9456	0.8927	1.3309	0.9489	0.8917	0.9516	1.6816	6.758	1.0478	0.901	0.891	0.8913	2.4915	2.7427	0.9692	16.3056	1.6584	1.2591	0.8915	0.8923	0.8913	1.6747	1.0736	0.8917	0.8906	4.6806	1.9036	2.3122	1.9029	11.5049	1.3367	0.8921	1.6596	1.6482	2.3422	2.1012	0.8909	0.8961	0.891	4.5111	1.2795	0	1.5684	0.9594
  	0.9525	0.9539	1.1789	0.9523	1.0982	0.9531	0.9565	1.905	1.7115	0.9531	0.9648	12.7131	0.9522	0.9534	0.9519	0.9559	0.9522	0.9509	0.9531	0.9588	2.1221	0.9517	0.952	1.1799	0.9623	0.9519	0.9519	0.9522	1.4576	0.9547	1.0501	0.9517	0.9518	1.4088	0.954	1.2766	2.703	1.1701	0.9531	0.9518	0.952	0.9518	0.9541	0.9525	0.952	0.9517	1.0189	0.9544	0.9557	0.9542	1.5215	0.9506	1.1858	0.9536	0.9541	0.9817	0.9511	0.9517	0.9522	0.9517	0.959	0.953	1.5684	0	0.952
  	0.9656	0.9654	0.9656	0.9658	0.9666	0.9645	0.9621	0.9655	0.9406	0.9655	1.2756	0.9394	0.9657	0.965	0.9658	0.9653	0.9657	0.953	0.9656	0.9638	0.9588	0.9658	0.9658	0.9655	0.9666	0.9656	0.9658	1.1178	0.9626	0.9656	0.9658	0.9658	0.9657	0.9653	0.961	0.9578	1.9017	0.9653	0.9658	0.9658	0.9657	0.9657	0.9655	0.9657	0.9658	0.9658	0.9577	0.9653	0.9657	1.4549	0.961	0.9615	0.9658	0.9655	0.9656	0.9674	0.9576	0.9658	0.9656	0.9658	0.9629	0.9656	0.9594	0.952	0

Actual rates from j->i (Q_ij):
	A	B	C	D	E	F	G	H	I	J	K	L	M	N	O	P	Q	R	S	T	U	V	W	X	Y	Z	[	\	]	^	_	`	a	b	c	d	e	f	g	h	i	j	k	l	m	n	o	p	q	r	s	t	u	v	w	x	y	z	{	|	}	~			
  A	0	0.0179	0.0179	0.0179	0.0179	0.0179	0.0179	0.0179	0.0175	0.0179	0.018	0.0175	0.0179	0.0179	0.0179	0.0179	0.0179	0.0177	0.0179	0.0179	0.0178	0.0179	0.0179	0.0179	0.0179	0.0179	0.0179	0.0178	0.0227	0.0179	0.0179	0.0179	0.0179	0.0179	0.0178	0.0178	0.0177	0.0179	0.0179	0.0179	0.0179	0.0179	0.0179	0.0179	0.0179	0.0179	0.0178	0.0179	0.0179	0.0179	0.0178	0.0179	0.0179	0.0179	0.0179	0.018	0.0178	0.0179	0.0179	0.0179	0.0179	0.0179	0.0206	0.0177	0.0179
  B	0.0156	0	0.0156	0.0156	0.0156	0.0156	0.0156	0.0156	0.0174	0.0156	0.0157	0.0153	0.0156	0.0156	0.0156	0.0156	0.0156	0.0154	0.0156	0.0156	0.0155	0.0156	0.0156	0.0156	0.0156	0.0156	0.0156	0.0156	0.0156	0.0156	0.0156	0.0156	0.0156	0.0156	0.0156	0.0155	0.0155	0.0156	0.0156	0.0156	0.0156	0.0156	0.0156	0.0156	0.0156	0.0156	0.0155	0.0156	0.0156	0.0156	0.0156	0.0156	0.0156	0.0156	0.0156	0.0157	0.0155	0.0156	0.0156	0.0156	0.0156	0.0156	0.0268	0.0154	0.0156
  C	0.0076	0.0076	0	0.0076	0.0089	0.0076	0.0106	0.0076	0.0081	0.0076	0.0078	0.018	0.0076	0.0076	0.0076	0.0086	0.0076	0.0076	0.0076	0.0103	0.0181	0.0096	0.0076	0.0077	0.0076	0.0076	0.0076	0.0076	0.0124	0.0076	0.0104	0.0076	0.0076	0.0091	0.0076	0.0135	0.0236	0.0076	0.0125	0.0076	0.0076	0.0076	0.0077	0.0076	0.0076	0.0076	0.0099	0.0076	0.0129	0.0077	0.0106	0.0076	0.0076	0.0076	0.0076	0.0077	0.0078	0.0076	0.0076	0.0076	0.0076	0.0076	0.0625	0.0093	0.0076
  D	0.0186	0.0186	0.0185	0	0.0186	0.0185	0.0185	0.0186	0.0181	0.0186	0.0186	0.0213	0.0186	0.0186	0.0186	0.0186	0.0186	0.0642	0.0186	0.0185	0.0184	0.0186	0.0186	0.0186	0.0186	0.0186	0.0186	0.0261	0.0185	0.0186	0.0186	0.0186	0.0186	0.0185	0.0185	0.0184	0.0183	0.0186	0.0186	0.0186	0.0186	0.0186	0.0186	0.0186	0.0191	0.0186	0.0184	0.0186	0.0186	0.0186	0.0185	0.0185	0.0186	0.0186	0.0217	0.0186	0.0184	0.0186	0.0186	0.0186	0.0187	0.0186	0.0172	0.0183	0.0186
  E	0.0177	0.0177	0.0207	0.0177	0	0.0177	0.0176	0.0177	0.0174	0.0177	0.0177	0.04	0.0177	0.0177	0.0177	0.0177	0.0177	0.0175	0.0177	0.0176	0.0176	0.0177	0.0177	0.0177	0.0177	0.0177	0.0177	0.0176	0.0196	0.0177	0.0177	0.0177	0.0177	0.0177	0.0176	0.0323	0.0221	0.0177	0.0177	0.0177	0.0177	0.0177	0.0177	0.0177	0.0177	0.0177	0.056	0.0177	0.0177	0.0177	0.019	0.0176	0.0177	0.0177	0.0177	0.0177	0.0175	0.0177	0.0177	0.0177	0.0176	0.0177	0.017	0.0201	0.0177
  F	0.0168	0.0168	0.0168	0.0168	0.0168	0	0.0168	0.0168	0.0165	0.0168	0.0169	0.0164	0.0168	0.0172	0.0168	0.0251	0.0168	0.0713	0.0168	0.0168	0.0173	0.0314	0.0168	0.0168	0.0168	0.0168	0.0168	0.0258	0.0168	0.0168	0.0168	0.0168	0.0168	0.0168	0.0167	0.0337	0.0764	0.0168	0.0168	0.0168	0.0168	0.0173	0.0168	0.0168	0.0168	0.0168	0.034	0.0168	0.0168	0.0168	0.0169	0.028	0.0168	0.0168	0.0168	0.0169	0.0167	0.0168	0.0168	0.0168	0.0168	0.0168	0.0234	0.0166	0.0168
  G	0.0094	0.0094	0.0132	0.0094	0.0094	0.0094	0	0.0094	0.0094	0.0094	0.0109	0.0093	0.0094	0.0094	0.0094	0.0094	0.0094	0.0094	0.0094	0.0121	0.0094	0.0101	0.0094	0.0094	0.0094	0.0094	0.0094	0.0094	0.0094	0.0098	0.0094	0.0094	0.0094	0.0094	0.0095	0.0094	0.0104	0.0094	0.0095	0.0094	0.0094	0.0094	0.0097	0.0094	0.0094	0.0094	0.0094	0.0094	0.0137	0.0094	0.0094	0.0094	0.0094	0.0094	0.0094	0.0094	0.0094	0.0094	0.0094	0.0141	0.01	0.0111	0.0547	0.0094	0.0094
  H	0.0176	0.0176	0.0176	0.0176	0.0176	0.0176	0.0176	0	0.0172	0.0176	0.0177	0.034	0.0176	0.0176	0.0176	0.0176	0.0176	0.0174	0.0176	0.0176	0.0175	0.0176	0.0176	0.0176	0.0176	0.0176	0.0176	0.0175	0.0176	0.0176	0.0176	0.0176	0.0176	0.0176	0.0175	0.0175	0.0174	0.0176	0.0176	0.0176	0.0176	0.0176	0.0176	0.0176	0.0176	0.0176	0.0175	0.0176	0.0176	0.0176	0.0176	0.0176	0.0176	0.0176	0.0176	0.0177	0.0175	0.0176	0.0176	0.0176	0.0176	0.0176	0.0164	0.0348	0.0176
  I	0.0017	0.0019	0.0019	0.0017	0.0017	0.0017	0.0017	0.0017	0	0.0017	0.0024	0.0033	0.0017	0.0017	0.0017	0.0025	0.0017	0.0018	0.0017	0.0026	0.0018	0.0017	0.0017	0.0017	0.0018	0.0017	0.0017	0.0017	0.0026	0.0017	0.0017	0.0017	0.0017	0.0017	0.0051	0.0018	0.0021	0.0017	0.0017	0.0017	0.0017	0.0017	0.0021	0.0017	0.0017	0.0017	0.002	0.0017	0.0017	0.0017	0.0028	0.0017	0.0017	0.0017	0.0017	0.0017	0.0017	0.0017	0.0017	0.0017	0.0017	0.0017	0.1339	0.0031	0.0017
  J	0.0169	0.0169	0.0169	0.0169	0.0169	0.0169	0.0168	0.0169	0.0165	0	0.017	0.0165	0.0169	0.0169	0.0169	0.0169	0.0169	0.0167	0.0169	0.0169	0.0168	0.0169	0.0169	0.0169	0.0169	0.0169	0.0169	0.0168	0.0168	0.0169	0.0169	0.0169	0.0169	0.0169	0.0168	0.0168	0.0167	0.0169	0.0169	0.0169	0.0169	0.0169	0.0169	0.0169	0.0169	0.0169	0.0168	0.0169	0.0169	0.0169	0.0168	0.0168	0.0169	0.0169	0.0169	0.0169	0.0168	0.0169	0.0169	0.0169	0.0169	0.0169	0.0234	0.0167	0.0169
  K	0.0097	0.0097	0.0098	0.0097	0.0097	0.0097	0.0112	0.0097	0.0132	0.0097	0	0.0099	0.0097	0.0097	0.0097	0.0097	0.0097	0.0096	0.0097	0.0097	0.0097	0.0097	0.0097	0.0097	0.01	0.0097	0.0097	0.0135	0.0097	0.0097	0.0097	0.0097	0.0097	0.0097	0.0097	0.0097	0.0101	0.0097	0.0097	0.0145	0.0097	0.0097	0.0097	0.0097	0.0097	0.0097	0.0097	0.0097	0.0097	0.0097	0.0108	0.0097	0.0097	0.0097	0.0097	0.0103	0.0097	0.0097	0.0097	0.0097	0.0145	0.0097	0.0503	0.0097	0.0128
  L	0.0059	0.0059	0.0142	0.0069	0.0136	0.0059	0.0059	0.0116	0.0115	0.0059	0.0061	0	0.0058	0.0059	0.0058	0.0105	0.0058	0.0085	0.0059	0.0078	0.0826	0.0058	0.0059	0.0073	0.0101	0.0063	0.0058	0.0097	0.0279	0.016	0.0058	0.0058	0.0058	0.0059	0.0059	0.0441	0.036	0.0083	0.0059	0.0058	0.0058	0.0058	0.0059	0.0059	0.0062	0.0058	0.0494	0.0059	0.0118	0.0059	0.0539	0.0059	0.0058	0.0059	0.0077	0.0285	0.0103	0.0058	0.0059	0.0058	0.0129	0.0059	0.0947	0.0792	0.0059
  M	0.0185	0.0185	0.0185	0.0185	0.0185	0.0185	0.0184	0.0185	0.018	0.0185	0.0186	0.018	0	0.0185	0.0185	0.0185	0.0185	0.0182	0.0185	0.0185	0.0184	0.0185	0.0185	0.0185	0.0185	0.0185	0.0185	0.0184	0.0184	0.0185	0.0185	0.0185	0.0185	0.0185	0.0184	0.0184	0.0438	0.0185	0.0185	0.0185	0.0185	0.0185	0.0185	0.0185	0.0185	0.0185	0.0203	0.0185	0.0185	0.0185	0.0184	0.0184	0.0185	0.0185	0.0185	0.0185	0.0183	0.0185	0.0185	0.0185	0.0184	0.0185	0.0171	0.0182	0.0185
  N	0.0165	0.0165	0.0165	0.0165	0.0165	0.0169	0.0165	0.0165	0.0161	0.0165	0.0166	0.0161	0.0165	0	0.0165	0.0165	0.0165	0.0263	0.0165	0.0165	0.0199	0.0165	0.0165	0.0165	0.0165	0.0165	0.0165	0.0164	0.0165	0.0165	0.0165	0.0165	0.0165	0.0165	0.0164	0.0164	0.0192	0.0165	0.0165	0.0165	0.0165	0.0165	0.0165	0.0165	0.0165	0.0165	0.0245	0.0165	0.0165	0.0165	0.0164	0.0165	0.0165	0.0165	0.0165	0.0165	0.0164	0.0165	0.0165	0.0165	0.0165	0.0165	0.0229	0.0163	0.0165
  O	0.0189	0.0189	0.0189	0.0189	0.0189	0.0189	0.0188	0.0189	0.0184	0.0189	0.0189	0.0184	0.0189	0.0189	0	0.0189	0.0189	0.0186	0.0189	0.0188	0.0187	0.0189	0.0189	0.0189	0.0189	0.0189	0.0189	0.0188	0.019	0.0189	0.0189	0.0189	0.0189	0.0189	0.0188	0.0225	0.023	0.0189	0.0189	0.0189	0.0189	0.0189	0.0189	0.0189	0.0189	0.0189	0.0302	0.0189	0.0189	0.0189	0.0188	0.0188	0.0189	0.0189	0.0189	0.0189	0.0187	0.0189	0.0189	0.0189	0.0188	0.0189	0.0174	0.0186	0.0189
  P	0.0145	0.0145	0.0164	0.0145	0.0146	0.0217	0.0145	0.0145	0.0207	0.0145	0.0146	0.0254	0.0145	0.0145	0.0145	0	0.0145	0.0361	0.0145	0.0145	0.0166	0.0146	0.0145	0.0145	0.0146	0.0145	0.0145	0.0145	0.0145	0.0145	0.0145	0.0145	0.0145	0.0164	0.0145	0.0145	0.0156	0.0145	0.0145	0.0145	0.0145	0.0145	0.0145	0.0145	0.0145	0.0218	0.0145	0.0145	0.0145	0.0153	0.0145	0.0145	0.0145	0.0145	0.019	0.0146	0.0145	0.0182	0.0145	0.0145	0.0459	0.0145	0.0317	0.0144	0.0145
  Q	0.0185	0.0185	0.0185	0.0185	0.0185	0.0185	0.0184	0.0185	0.018	0.0185	0.0186	0.018	0.0185	0.0185	0.0185	0.0185	0	0.0182	0.0185	0.0185	0.0184	0.0185	0.0185	0.0185	0.0185	0.0185	0.0185	0.0184	0.0184	0.0185	0.0185	0.0185	0.0185	0.0185	0.0184	0.0184	0.0438	0.0185	0.0185	0.0185	0.0185	0.0185	0.0185	0.0185	0.0185	0.0185	0.0205	0.0185	0.0185	0.0185	0.0184	0.0184	0.0185	0.0185	0.0185	0.0185	0.0183	0.0185	0.0185	0.0185	0.0184	0.0185	0.0171	0.0182	0.0185
  R	0.0119	0.0119	0.012	0.0418	0.0119	0.0511	0.012	0.0119	0.0122	0.0119	0.012	0.0171	0.0119	0.0193	0.0119	0.0299	0.0119	0	0.0119	0.012	0.0136	0.0221	0.0119	0.0119	0.0119	0.0119	0.0119	0.0561	0.012	0.0119	0.0119	0.0119	0.0119	0.012	0.012	0.012	0.0787	0.0119	0.0119	0.0119	0.0119	0.0119	0.0119	0.0119	0.0119	0.0119	0.0122	0.0119	0.012	0.0119	0.0224	0.0836	0.0119	0.0119	0.0119	0.012	0.0129	0.0119	0.0119	0.0119	0.018	0.0119	0.027	0.0119	0.0119
  S	0.0169	0.0169	0.0169	0.0169	0.0169	0.0169	0.0168	0.0169	0.0165	0.0169	0.017	0.0165	0.0169	0.0169	0.0169	0.0169	0.0169	0.0167	0	0.0169	0.0168	0.0169	0.0169	0.0169	0.0169	0.0169	0.0169	0.0168	0.0168	0.0169	0.0169	0.0169	0.0169	0.0169	0.0168	0.0168	0.0167	0.0169	0.0169	0.0169	0.0169	0.0169	0.0169	0.0169	0.0169	0.0169	0.0168	0.0169	0.0169	0.0169	0.0168	0.0168	0.0169	0.0169	0.0169	0.0169	0.0168	0.0169	0.0169	0.0169	0.0168	0.0169	0.0234	0.0167	0.0169
