Map from character to field name
A:	Canada
B:	China
C:	Singapore
D:	South Korea
E:	Thailand
F:	Usa
G:	?


Substitution rate (mu): 27.481001

Equilibrium frequencies (pi_i):
  A: 0.1739
  B: 0.1986
  C: 0.1584
  D: 0.1631
  E: 0.1583
  F: 0.1477

Symmetrized rates from j->i (W_ij):
	A	B	C	D	E	F
  A	0	0.5512	0.5646	0.5611	0.5646	3.3536
  B	0.5512	0	0.8298	0.8286	0.8372	5.8727
  C	0.5646	0.8298	0	0.563	0.5664	0.5538
  D	0.5611	0.8286	0.563	0	0.563	1.122
  E	0.5646	0.8372	0.5664	0.563	0	0.554
  F	3.3536	5.8727	0.5538	1.122	0.554	0

Actual rates from j->i (Q_ij):
	A	B	C	D	E	F
  A	0	0.0959	0.0982	0.0976	0.0982	0.5832
  B	0.1095	0	0.1648	0.1646	0.1663	1.1665
  C	0.0894	0.1315	0	0.0892	0.0897	0.0877
  D	0.0915	0.1351	0.0918	0	0.0918	0.183
  E	0.0893	0.1325	0.0896	0.0891	0	0.0877
  F	0.4954	0.8675	0.0818	0.1657	0.0818	0
