Map from character to field name
A:	Algeria
B:	Argentina
C:	Australia
D:	Austria
E:	Bangladesh
F:	Belgium
G:	Brazil
H:	Cambodia
I:	Canada
J:	Chad
K:	Chile
L:	China
M:	Czech Republic
N:	Denmark
O:	Egypt
P:	France
Q:	Georgia
R:	Germany
S:	Guam
T:	Guatemala
U:	Hong Kong
V:	Hungary
W:	Iceland
X:	India
Y:	Indonesia
Z:	Iran
[:	Ireland
\:	Italy
]:	Japan
^:	Kazakhstan
_:	Kuwait
`:	Laos
a:	Luxembourg
b:	Malaysia
c:	Mexico
d:	Mongolia
e:	Netherlands
f:	New Zealand
g:	Nicaragua
h:	Nigeria
i:	Norway
j:	Pakistan
k:	Peru
l:	Philippines
m:	Poland
n:	Romania
o:	Russia
p:	Saudi Arabia
q:	Singapore
r:	South Africa
s:	South Korea
t:	Spain
u:	Sri Lanka
v:	Sweden
w:	Switzerland
x:	Taiwan
y:	Thailand
z:	Turkey
{:	Ukraine
|:	United Arab Emirates
}:	United Kingdom
~:	Uruguay
:	Usa
:	Vietnam
:	Zambia
:	?


Substitution rate (mu): 15.53671

Equilibrium frequencies (pi_i):
  A: 0.0186
  B: 0.016
  C: 0.008
  D: 0.0191
  E: 0.0185
  F: 0.0177
  G: 0.0089
  H: 0.0186
  I: 0.0018
  J: 0.0178
  K: 0.0109
  L: 0.0061
  M: 0.0193
  N: 0.0171
  O: 0.0196
  P: 0.0148
  Q: 0.0193
  R: 0.0127
  S: 0.0175
  T: 0.0075
  U: 0.0055
  V: 0.0191
  W: 0.0195
  X: 0.0176
  Y: 0.0184
  Z: 0.0195
  [: 0.0175
  \: 0.0169
  ]: 0.0082
  ^: 0.0172
  _: 0.0194
  `: 0.0197
  a: 0.0196
  b: 0.0149
  c: 0.0124
  d: 0.0129
  e: 0.0054
  f: 0.016
  g: 0.0175
  h: 0.0197
  i: 0.0194
  j: 0.0196
  k: 0.0155
  l: 0.0188
  m: 0.0196
  n: 0.0198
  o: 0.0084
  p: 0.0162
  q: 0.0126
  r: 0.0158
  s: 0.0061
  t: 0.018
  u: 0.0196
  v: 0.0163
  w: 0.0177
  x: 0.0127
  y: 0.0151
  z: 0.0197
  {: 0.0194
  |: 0.0197
  }: 0.0101
  ~: 0.0178
  : 0.0051
  : 0.0105
  : 0.0194

Symmetrized rates from j->i (W_ij):
	A	B	C	D	E	F	G	H	I	J	K	L	M	N	O	P	Q	R	S	T	U	V	W	X	Y	Z	[	\	]	^	_	`	a	b	c	d	e	f	g	h	i	j	k	l	m	n	o	p	q	r	s	t	u	v	w	x	y	z	{	|	}	~			
  A	0	0.9654	0.9645	0.9658	0.9663	0.9645	0.9621	0.9657	0.9399	0.9657	0.9687	0.9406	0.9658	0.9649	0.9658	0.9653	0.9658	0.953	0.9657	0.9638	0.9583	0.9658	0.9659	0.9655	0.966	0.9657	0.9657	0.9607	1.2227	0.9657	0.9658	0.9659	0.9658	0.9655	0.9611	0.9578	0.9546	0.9654	0.9658	0.9659	0.9658	0.9658	0.9655	0.9657	0.9659	0.9659	0.9574	0.9654	0.9653	0.9656	0.9603	0.9616	0.9659	0.9654	0.9662	0.9672	0.9579	0.9659	0.9657	0.9659	0.9626	0.9657	1.1088	0.9523	0.9654
  B	0.9654	0	0.9644	0.9654	0.9659	0.9643	0.9622	0.9653	0.9733	0.9653	0.9688	0.9435	0.9654	0.9647	0.9655	0.965	0.9654	0.9544	0.9653	0.9636	0.9588	0.9654	0.9655	0.9652	0.9659	0.9653	0.9653	0.9611	0.9625	0.9653	0.9655	0.9655	0.9655	0.9652	0.9614	0.9585	0.9592	0.9656	0.9655	0.9655	0.9654	0.9655	0.9651	0.9654	0.9655	0.9655	0.9581	0.9651	0.965	0.9652	0.9608	0.9618	0.9655	0.9651	0.9654	0.9669	0.9587	0.9655	0.9654	0.9655	0.9631	0.9653	1.7536	0.9537	0.9651
  C	0.9645	0.9644	0	0.9641	1.1343	0.9666	1.005	0.9643	1.0924	1.0469	0.9891	1.8655	0.9647	0.9655	0.9643	1.174	0.9648	0.9616	0.9642	1.0109	1.7421	0.9957	0.9643	1.0103	0.9657	0.964	0.9642	0.9699	1.914	0.9647	0.9645	0.9642	0.9641	0.9831	0.9697	1.6704	3.1641	0.9652	1.2007	0.9641	0.9643	0.964	0.9705	0.9643	0.9641	0.964	1.4067	0.9642	1.5266	0.9719	1.0135	0.9625	0.9641	0.9647	0.9643	0.9701	0.9885	0.9641	0.9646	0.964	0.9654	0.9643	8.0288	1.1995	0.9669
  D	0.9658	0.9654	0.9641	0	0.9663	0.9648	0.9619	0.9658	0.9392	0.9658	0.9687	1.0874	0.9659	0.9654	0.966	0.9654	0.9659	3.4255	0.9657	0.9636	0.9584	0.9661	0.966	0.9656	0.9663	0.9658	0.9657	1.347	0.9621	0.9658	0.9659	0.966	0.9659	0.9655	0.9609	0.9576	0.9542	0.9654	0.9659	0.966	0.9659	0.9659	0.9655	0.9658	0.9922	0.966	0.9571	0.9655	0.9653	0.9656	0.9602	0.9619	0.966	0.9654	1.1175	0.9673	0.9581	0.966	0.9658	0.966	0.9834	0.9658	0.8942	0.952	0.9655
  E	0.9663	0.9659	1.1343	0.9663	0	0.9664	0.9631	0.9663	0.9517	0.9663	0.9703	2.0427	0.9668	0.9655	0.9666	0.9662	0.9668	0.9549	0.9661	0.9643	0.9611	0.9666	0.9666	0.9665	0.9673	0.9665	0.9661	0.9624	1.0703	0.9664	0.9665	0.9665	0.9663	0.9667	0.9618	1.7265	1.1801	0.9663	0.9668	0.9664	0.9665	0.9663	0.966	0.9663	0.9664	0.9664	3.0905	0.9658	0.9666	0.966	1.2252	0.9621	0.9664	0.9662	0.9663	0.9688	0.959	0.9664	0.9666	0.9663	0.9635	0.9661	0.9293	1.1035	0.9663
  F	0.9645	0.9643	0.9666	0.9648	0.9664	0	0.9616	0.9644	0.9434	0.9645	0.9688	0.9437	0.9646	0.9857	0.9649	1.4439	0.9649	3.7035	0.9645	0.9632	0.9943	1.4726	0.965	0.9646	0.9655	0.9644	0.9645	1.4846	0.9629	0.9648	0.9645	0.9645	0.9646	0.9647	0.9604	1.9277	4.4014	0.9644	0.9647	0.9646	0.9645	0.9906	0.9644	0.9645	0.9646	0.9646	1.9553	0.9643	0.9646	0.9645	0.966	2.3514	0.9646	0.9643	0.9646	0.9669	0.9586	0.9646	0.9647	0.9645	0.9631	0.9645	1.3407	0.9526	0.9643
  G	0.9621	0.9622	1.005	0.9619	0.9631	0.9616	0	0.9619	0.9589	0.962	1.5708	0.9974	0.9619	0.9619	0.9618	0.9625	0.9618	0.9698	0.9621	0.9833	0.9636	0.9986	0.9619	0.962	0.9632	0.9618	0.9621	1.0228	0.9629	0.9977	0.9618	0.9618	0.9618	0.9625	0.9632	0.9594	0.967	0.9623	0.9626	0.9618	0.9618	0.9618	0.975	0.9619	0.9619	0.9618	0.9599	0.9622	1.5049	0.9623	0.9645	0.9601	0.9618	0.9629	0.9625	0.9653	0.9592	0.9618	0.9618	1.442	1.0228	1.1182	6.4078	0.9569	0.9869
  H	0.9657	0.9653	0.9643	0.9658	0.9663	0.9644	0.9619	0	0.9406	0.9656	0.9688	1.622	0.9657	0.9649	0.9658	0.9653	0.9657	0.9529	0.9656	0.9636	0.9581	0.9658	0.9658	0.9654	0.9664	0.9657	0.9656	0.9606	1.2163	0.9656	0.9658	0.9658	0.9658	0.9655	0.961	0.9577	0.9542	0.9654	0.9658	0.9658	0.9658	0.9658	0.9654	0.9657	0.9658	0.9658	0.9572	0.9654	0.9652	0.9655	0.9618	0.9615	0.9659	0.9653	0.9657	0.9672	0.9578	0.9659	0.9657	0.9658	0.9624	0.9656	0.8962	1.9051	0.9654
  I	0.9399	0.9733	1.0924	0.9392	0.9517	0.9434	0.9589	0.9406	0	0.9412	1.3626	2.3224	0.9392	0.9417	0.9384	1.3416	0.9393	0.9758	0.9408	1.4349	0.975	0.9401	0.9384	0.9439	0.9722	0.9384	0.9408	0.945	1.4441	0.9442	0.9386	0.9381	0.9382	0.9505	2.8262	0.9876	1.1909	0.9841	0.944	0.9385	0.9385	0.9382	1.1737	0.9391	0.9382	0.9378	1.1137	0.9425	0.9518	0.9451	1.5562	0.9409	0.9381	0.9429	0.9411	0.9595	0.9584	0.9379	0.94	0.9379	0.9615	0.9404	72.8792	1.9117	0.9395
  J	0.9657	0.9653	1.0469	0.9658	0.9663	0.9645	0.962	0.9656	0.9412	0	0.9688	0.941	0.9657	0.9649	0.9658	0.9652	0.9657	0.9534	0.9656	0.9637	0.9583	0.9658	0.9658	0.9654	0.9661	0.9657	0.9656	0.9608	0.9623	0.9656	0.9658	0.9658	0.9658	0.9654	0.9611	0.9579	0.9546	0.9653	0.9658	0.9658	0.9658	0.9658	0.9654	0.9657	0.9658	0.9658	0.9574	0.9654	0.9653	0.9655	0.9602	0.9617	0.9658	0.9653	0.9657	0.9671	0.9582	0.9658	0.9657	0.9658	0.9625	0.9656	1.2603	0.9526	0.9654
  K	0.9687	0.9688	0.9891	0.9687	0.9703	0.9688	1.5708	0.9688	1.3626	0.9688	0	0.991	0.9688	0.9682	0.9688	0.9696	0.9688	0.9624	0.9686	0.9691	0.9692	0.969	0.9687	0.9693	0.9991	0.9686	0.9686	1.3725	0.9712	0.9695	0.9687	0.9687	0.9687	0.9694	0.9686	0.9674	0.9963	0.9692	0.9693	1.4501	0.9687	0.9687	0.9689	0.9686	0.9688	0.9688	0.9678	0.9685	0.9695	0.9689	1.0836	0.9666	0.9687	0.9688	0.9689	1.0278	0.9653	0.9688	0.9687	0.969	1.4494	0.9687	4.3851	0.9643	1.3649
  L	0.9406	0.9435	1.8655	1.0874	2.0427	0.9437	0.9974	1.622	2.3224	0.941	0.991	0	0.9391	0.944	0.9391	1.7996	0.939	1.4045	0.9409	1.2451	14.8293	0.9398	0.9398	1.1772	1.634	0.9985	0.9408	1.5979	4.2129	2.5765	0.9386	0.9382	0.9384	0.9479	0.9497	6.9647	5.0143	1.3734	0.9431	0.9383	0.9386	0.9387	0.9442	0.9393	0.9847	0.9381	8.0032	0.9425	1.1859	0.9436	9.0352	0.9397	0.939	0.9426	1.2094	4.542	1.6936	0.9382	0.9501	0.9381	1.6728	0.9406	17.4068	12.5922	0.9395
  M	0.9658	0.9654	0.9647	0.9659	0.9668	0.9646	0.9619	0.9657	0.9392	0.9657	0.9688	0.9391	0	0.9651	0.966	0.9653	0.9659	0.9527	0.9657	0.9636	0.958	0.9659	0.9661	0.9656	0.9664	0.9658	0.9657	0.9607	0.9624	0.9658	0.9659	0.9659	0.9659	0.9656	0.9609	0.9582	2.2638	0.9654	0.9659	0.966	0.9659	0.9659	0.9655	0.9658	0.9659	0.966	1.1	0.9655	0.9653	0.9656	0.9599	0.9615	0.966	0.9654	0.9658	0.9673	0.9578	0.966	0.9659	0.9659	0.9624	0.9657	0.8939	0.9518	0.9655
  N	0.9649	0.9647	0.9655	0.9654	0.9655	0.9857	0.9619	0.9649	0.9417	0.9649	0.9682	0.944	0.9651	0	0.965	0.9649	0.9651	1.5398	0.9648	0.9634	1.1653	0.9653	0.9651	0.9648	0.9653	0.9649	0.9648	0.9622	0.9623	0.965	0.965	0.965	0.965	0.9657	0.9608	0.9582	1.1259	0.9648	0.9651	0.965	0.965	0.965	0.9648	0.9649	0.965	0.965	1.43	0.9647	0.9648	0.9648	0.9603	0.9626	0.965	0.9647	0.9649	0.9666	0.9581	0.965	0.9649	0.965	0.9623	0.9649	1.343	0.9531	0.9647
  O	0.9658	0.9655	0.9643	0.966	0.9666	0.9649	0.9618	0.9658	0.9384	0.9658	0.9688	0.9391	0.966	0.965	0	0.9653	0.966	0.9525	0.9658	0.9636	0.9578	0.966	0.9661	0.9657	0.9663	0.9659	0.9658	0.9606	0.971	0.9659	0.966	0.966	0.966	0.9656	0.9609	1.2108	1.0961	0.9655	0.966	0.966	0.966	0.966	0.9655	0.9659	0.966	0.966	1.5781	0.9655	0.9654	0.9656	0.9597	0.9615	0.966	0.9655	0.9659	0.9674	0.9577	0.966	0.9659	0.966	0.9623	0.9658	0.8922	0.9516	0.9656
  P	0.9653	0.965	1.174	0.9654	0.9662	1.4439	0.9625	0.9653	1.3416	0.9652	0.9696	1.7996	0.9653	0.9649	0.9653	0	0.9653	2.4001	0.9652	0.9638	1.1077	0.9655	0.9653	0.9651	0.9662	0.9652	0.9652	0.962	0.9637	0.9655	0.9653	0.9653	0.9653	1.0111	0.9616	0.9595	0.9681	0.9651	0.9654	0.9654	0.9653	0.9653	0.965	0.9652	0.9656	1.2302	0.9593	0.965	0.9651	0.9865	0.9624	0.9674	0.9654	0.965	1.4184	0.9672	0.9596	1.2126	0.9652	0.9653	2.8059	0.9652	2.1722	0.9556	0.965
  Q	0.9658	0.9654	0.9648	0.9659	0.9668	0.9649	0.9618	0.9657	0.9393	0.9657	0.9688	0.939	0.9659	0.9651	0.966	0.9653	0	0.9526	0.9657	0.9636	0.958	0.9659	0.966	0.9656	0.9664	0.9657	0.9657	0.9606	0.9624	0.9658	0.9659	0.9659	0.9659	0.9655	0.9609	0.9581	2.3787	0.9654	0.9659	0.9659	0.9659	0.9659	0.9655	0.9658	0.9659	0.9659	0.9575	0.9654	0.9653	0.9656	0.9599	0.9615	0.9659	0.9654	0.9658	0.9673	0.9578	0.9659	0.9658	0.9659	0.9624	0.9657	0.8938	0.9518	0.9655
  R	0.953	0.9544	0.9616	3.4255	0.9549	3.7035	0.9698	0.9529	0.9758	0.9534	0.9624	1.4045	0.9527	1.5398	0.9525	2.4001	0.9526	0	0.9536	0.9592	1.0935	1.9923	0.9526	0.9537	0.9545	0.9523	0.9536	4.2887	0.9593	0.9585	0.9525	0.9522	0.9523	0.9558	0.9563	0.9567	6.1605	0.9549	0.9538	0.9523	0.9524	0.9524	0.9549	0.9529	0.9525	0.9522	0.9726	0.9543	0.957	0.9547	1.795	6.5914	0.9523	0.9543	0.9556	0.9592	1.0354	0.9523	0.9526	0.9522	1.6441	0.9534	2.1662	0.9503	0.9525
  S	0.9657	0.9653	0.9642	0.9657	0.9661	0.9645	0.9621	0.9656	0.9408	0.9656	0.9686	0.9409	0.9657	0.9648	0.9658	0.9652	0.9657	0.9536	0	0.9636	0.9582	0.9657	0.9658	0.9654	0.966	0.9656	0.9656	0.9609	0.9622	0.9656	0.9657	0.9658	0.9657	0.9654	0.9612	0.958	0.9546	0.9653	0.9658	0.9658	0.9657	0.9657	0.9653	0.9657	0.9658	0.9658	0.9575	0.9653	0.9652	0.9654	0.9601	0.9617	0.9658	0.9653	0.9657	0.967	0.9583	0.9658	0.9656	0.9658	0.9625	0.9656	1.335	0.9528	0.9653
  T	0.9638	0.9636	1.0109	0.9636	0.9643	0.9632	0.9833	0.9636	1.4349	0.9637	0.9691	1.2451	0.9636	0.9634	0.9636	0.9638	0.9636	0.9592	0.9636	0	0.9618	0.9637	0.9636	0.9636	0.9646	0.9636	0.9636	0.9619	0.9635	0.9638	0.9636	0.9636	0.9636	0.9638	1.1093	0.9611	0.9638	0.9637	0.964	0.9636	0.9636	0.9636	1.2931	0.9636	0.9636	0.9636	0.9612	0.9636	1.1153	0.9637	0.9645	0.962	0.9636	0.9636	0.9637	0.9659	0.9611	0.9636	0.9636	0.9636	0.9631	0.9638	7.7622	0.9588	0.9635
  U	0.9583	0.9588	1.7421	0.9584	0.9611	0.9943	0.9636	0.9581	0.975	0.9583	0.9692	14.8293	0.958	1.1653	0.9578	1.1077	0.958	1.0935	0.9582	0.9618	0	0.9583	0.9579	0.9589	0.9617	0.9577	0.9582	1.3818	1.7683	0.9594	0.9578	0.9576	0.9577	3.1898	0.9601	0.9612	5.9244	1.0345	0.9589	0.9576	0.9578	0.9577	0.9591	0.9581	0.9578	0.9576	1.4424	0.9586	0.9608	0.9719	0.9676	0.9595	1.0391	0.9587	0.9586	1.4424	1.0544	0.9577	0.9582	0.9576	1.1014	0.9582	9.3058	2.1116	0.9579
  V	0.9658	0.9654	0.9957	0.9661	0.9666	1.4726	0.9986	0.9658	0.9401	0.9658	0.969	0.9398	0.9659	0.9653	0.966	0.9655	0.9659	1.9923	0.9657	0.9637	0.9583	0	0.966	0.9656	0.9664	0.9658	0.9657	0.9875	0.9623	0.9658	0.9659	0.9659	0.9659	0.9656	0.961	0.9577	1.4329	0.9654	0.9673	0.966	0.9659	0.9659	0.9656	0.9658	0.966	0.966	0.9572	0.9655	1.3042	0.9656	0.9615	0.9626	0.966	0.9655	0.9659	0.9674	0.958	0.966	0.9658	0.966	0.9625	0.9658	1.0233	0.9519	0.9655
  W	0.9659	0.9655	0.9643	0.966	0.9666	0.965	0.9619	0.9658	0.9384	0.9658	0.9687	0.9398	0.9661	0.9651	0.9661	0.9653	0.966	0.9526	0.9658	0.9636	0.9579	0.966	0	0.9657	0.9663	0.9659	0.9658	0.9607	0.9622	0.9659	0.966	0.966	0.966	0.9657	0.9609	0.9591	1.2079	0.9655	0.966	0.966	0.966	0.966	0.9656	0.9659	0.966	0.966	1.2149	0.9655	0.9654	0.9656	0.9597	0.9615	0.966	0.9655	0.9659	0.9674	0.9577	0.9661	0.9659	0.966	0.9624	0.9658	0.8929	0.9517	0.9656
  X	0.9655	0.9652	1.0103	0.9656	0.9665	0.9646	0.962	0.9654	0.9439	0.9654	0.9693	1.1772	0.9656	0.9648	0.9657	0.9651	0.9656	0.9537	0.9654	0.9636	0.9589	0.9656	0.9657	0	0.9662	0.9655	0.9654	0.9609	0.9637	0.9655	0.9656	0.9656	0.9656	0.9654	0.9611	0.9969	1.4064	0.9652	0.9656	0.9656	0.9656	0.9656	0.9652	0.9655	0.9656	0.9656	1.9248	0.9652	0.9652	0.9653	0.961	0.9616	0.9656	0.9652	0.9655	0.9673	0.9583	0.9656	0.9674	0.9656	0.9626	0.9654	1.2992	1.1746	0.9652
  Y	0.966	0.9659	0.9657	0.9663	0.9673	0.9655	0.9632	0.9664	0.9722	0.9661	0.9991	1.634	0.9664	0.9653	0.9663	0.9662	0.9664	0.9545	0.966	0.9646	0.9617	0.9664	0.9663	0.9662	0	0.9661	0.966	0.962	0.9644	0.968	0.9663	0.9662	0.9662	0.9663	0.9625	0.9637	0.9929	0.9663	0.9666	0.9665	0.9663	0.9662	0.966	0.9661	0.9663	0.9663	0.9623	0.9657	0.9663	0.966	1.1119	0.962	0.9663	0.9659	0.9663	0.9699	0.959	0.9663	0.9662	0.9662	0.9635	0.966	0.9448	0.9598	0.9661
  Z	0.9657	0.9653	0.964	0.9658	0.9665	0.9644	0.9618	0.9657	0.9384	0.9657	0.9686	0.9985	0.9658	0.9649	0.9659	0.9652	0.9657	0.9523	0.9656	0.9636	0.9577	0.9658	0.9659	0.9655	0.9661	0	0.9656	0.9604	0.962	0.9657	0.9658	0.9658	0.9658	0.9655	0.9608	1.0436	0.9534	0.9653	0.9658	0.9659	0.9658	0.9658	0.9654	0.9657	0.9659	0.9659	1.2855	0.9654	0.9653	0.9655	0.9595	0.9614	0.9659	0.9654	0.9658	0.9672	0.9575	0.9659	0.9657	0.9659	0.9622	0.9657	0.8917	0.9516	0.9654
  [	0.9657	0.9653	0.9642	0.9657	0.9661	0.9645	0.9621	0.9656	0.9408	0.9656	0.9686	0.9408	0.9657	0.9648	0.9658	0.9652	0.9657	0.9536	0.9656	0.9636	0.9582	0.9657	0.9658	0.9654	0.966	0.9656	0	0.9609	0.9622	0.9656	0.9657	0.9658	0.9657	0.9654	0.9612	0.958	0.9546	0.9653	0.9658	0.9658	0.9657	0.9657	0.9653	0.9657	0.9658	0.9658	0.9575	0.9655	0.9652	0.9654	0.9601	0.9617	0.9658	0.9661	0.9657	0.967	0.9583	0.9658	0.9656	0.9658	0.9628	0.9656	1.3345	0.9528	0.9653
  \	0.9607	0.9611	0.9699	1.347	0.9624	1.4846	1.0228	0.9606	0.945	0.9608	1.3725	1.5979	0.9607	0.9622	0.9606	0.962	0.9606	4.2887	0.9609	0.9619	1.3818	0.9875	0.9607	0.9609	0.962	0.9604	0.9609	0	0.9613	0.9613	0.9606	0.9605	0.9605	0.9617	0.9581	0.9563	3.6668	0.9616	0.9611	0.9605	0.9606	0.9605	0.9613	0.9607	1.0061	0.9605	0.9594	0.961	0.962	0.9613	0.9623	1.4762	0.9605	0.9611	1.4722	0.9644	1.0325	0.9606	0.9606	0.9605	2.1025	0.9609	1.3571	0.9512	1.0367
  ]	1.2227	0.9625	1.914	0.9621	1.0703	0.9629	0.9629	1.2163	1.4441	0.9623	0.9712	4.2129	0.9624	0.9623	0.971	0.9637	0.9624	0.9593	0.9622	0.9635	1.7683	0.9623	0.9622	0.9637	0.9644	0.962	0.9622	0.9613	0	0.9628	0.9621	1.4418	0.962	0.9634	0.9614	3.053	2.33	1.2123	0.9627	0.962	0.9621	0.962	0.9627	0.9622	0.9621	0.962	1.1916	0.9624	0.9637	0.9626	2.1471	0.9605	0.962	0.9626	0.9638	1.5691	0.9625	0.962	0.967	0.962	1.4442	0.9625	6.7548	1.614	0.9622
  ^	0.9657	0.9653	0.9647	0.9658	0.9664	0.9648	0.9977	0.9656	0.9442	0.9656	0.9695	2.5765	0.9658	0.965	0.9659	0.9655	0.9658	0.9585	0.9656	0.9638	0.9594	0.9658	0.9659	0.9655	0.968	0.9657	0.9656	0.9613	0.9628	0	0.9658	0.9658	0.9658	0.9655	0.9613	1.4654	1.0915	0.9654	0.9658	0.9658	0.9658	0.9658	0.9654	0.9657	0.9659	0.9658	1.4423	0.9654	0.9653	0.9655	1.0476	0.9619	0.9658	0.9654	0.9658	0.9756	0.9586	0.9659	0.9657	0.9658	1.3494	0.9656	1.0486	0.9545	0.9654
  _	0.9658	0.9655	0.9645	0.9659	0.9665	0.9645	0.9618	0.9658	0.9386	0.9658	0.9687	0.9386	0.9659	0.965	0.966	0.9653	0.9659	0.9525	0.9657	0.9636	0.9578	0.9659	0.966	0.9656	0.9663	0.9658	0.9657	0.9606	0.9621	0.9658	0	0.966	0.966	0.9658	0.9609	0.9575	1.4273	0.9654	0.966	0.966	0.9659	0.966	0.9655	0.9659	0.966	0.966	0.9569	0.9655	0.9654	0.9656	0.9596	0.9615	0.966	0.9655	0.9659	0.9672	0.9577	0.966	0.9658	0.966	0.9623	0.9658	0.8932	0.9517	0.9655
  `	0.9659	0.9655	0.9642	0.966	0.9665	0.9645	0.9618	0.9658	0.9381	0.9658	0.9687	0.9382	0.9659	0.965	0.966	0.9653	0.9659	0.9522	0.9658	0.9636	0.9576	0.9659	0.966	0.9656	0.9662	0.9658	0.9658	0.9605	1.4418	0.9658	0.966	0	0.966	0.9656	0.9608	0.9573	0.9534	0.9655	0.966	0.966	0.966	0.966	0.9655	0.9659	0.966	0.966	0.9567	0.9655	0.9654	0.9656	0.9595	0.9615	0.966	0.9655	0.9659	0.9672	0.9575	0.966	0.9658	0.966	0.9623	0.9658	0.8913	0.9514	0.9655
  a	0.9658	0.9655	0.9641	0.9659	0.9663	0.9646	0.9618	0.9658	0.9382	0.9658	0.9687	0.9384	0.9659	0.965	0.966	0.9653	0.9659	0.9523	0.9657	0.9636	0.9577	0.9659	0.966	0.9656	0.9662	0.9658	0.9657	0.9605	0.962	0.9658	0.966	0.966	0	0.9656	0.9609	0.9573	0.9534	0.9654	0.966	0.966	0.9659	0.966	0.9655	0.9659	0.966	0.966	1.4341	0.9655	0.9653	0.9656	0.9595	0.9615	0.966	0.9655	0.9659	0.9672	0.9575	0.966	0.9658	0.966	0.9623	0.9658	0.8915	0.9515	0.9655
  b	0.9655	0.9652	0.9831	0.9655	0.9667	0.9647	0.9625	0.9655	0.9505	0.9654	0.9694	0.9479	0.9656	0.9657	0.9656	1.0111	0.9655	0.9558	0.9654	0.9638	3.1898	0.9656	0.9657	0.9654	0.9663	0.9655	0.9654	0.9617	0.9634	0.9655	0.9658	0.9656	0.9656	0	0.9617	0.9595	2.4534	1.0751	0.9656	0.9656	0.9656	0.9656	0.9653	0.9655	0.9656	0.9656	0.959	0.9652	0.9652	1.3507	0.9621	0.9622	1.2255	0.9652	0.9655	0.9673	0.9595	0.9656	0.9655	0.9656	0.9633	0.9655	2.2331	1.2509	0.9653
  c	0.9611	0.9614	0.9697	0.9609	0.9618	0.9604	0.9632	0.961	2.8262	0.9611	0.9686	0.9497	0.9609	0.9608	0.9609	0.9616	0.9609	0.9563	0.9612	1.1093	0.9601	0.961	0.9609	0.9611	0.9625	0.9608	0.9612	0.9581	0.9614	0.9613	0.9609	0.9608	0.9609	0.9617	0	0.9573	0.9591	0.9614	0.9614	0.9609	0.9609	0.9609	1.0183	0.961	0.9609	0.9608	0.9579	0.9613	1.0862	0.9615	1.4661	0.9584	0.9609	0.9613	0.9612	0.9641	0.9569	0.9609	0.9608	0.9608	0.9608	0.9612	2.8995	0.9539	0.9606
  d	0.9578	0.9585	1.6704	0.9576	1.7265	1.9277	0.9594	0.9577	0.9876	0.9579	0.9674	6.9647	0.9582	0.9582	1.2108	0.9595	0.9581	0.9567	0.958	0.9611	0.9612	0.9577	0.9591	0.9969	0.9637	1.0436	0.958	0.9563	3.053	1.4654	0.9575	0.9573	0.9573	0.9595	0.9573	0	3.5301	0.9589	0.9583	0.9573	0.9575	1.4189	0.9588	0.9576	0.9574	0.9572	10.4569	0.9583	0.9603	0.9587	2.4639	0.9552	0.9573	0.9585	0.9582	2.2738	1.8953	0.9573	1.0213	0.9573	0.9602	0.9579	0.9772	1.2807	0.9574
  e	0.9546	0.9592	3.1641	0.9542	1.1801	4.4014	0.967	0.9542	1.1909	0.9546	0.9963	5.0143	2.2638	1.1259	1.0961	0.9681	2.3787	6.1605	0.9546	0.9638	5.9244	1.4329	1.2079	1.4064	0.9929	0.9534	0.9546	3.6668	2.33	1.0915	1.4273	0.9534	0.9534	2.4534	0.9591	3.5301	0	1.6395	0.9572	0.9533	1.4283	0.9536	1.1232	1.2927	0.9535	0.9532	8.4159	0.9555	1.0757	0.9912	1.3617	0.959	0.9584	1.9083	0.9549	1.0685	1.4833	0.9533	1.8186	0.9532	2.4189	0.9545	15.1219	1.9787	1.9036
  f	0.9654	0.9656	0.9652	0.9654	0.9663	0.9644	0.9623	0.9654	0.9841	0.9653	0.9692	1.3734	0.9654	0.9648	0.9655	0.9651	0.9654	0.9549	0.9653	0.9637	1.0345	0.9654	0.9655	0.9652	0.9663	0.9653	0.9653	0.9616	1.2123	0.9654	0.9654	0.9655	0.9654	1.0751	0.9614	0.9589	1.6395	0	0.9655	0.9655	0.9654	0.9654	0.9652	0.9654	0.9655	0.9655	0.9594	0.9651	0.9651	0.9652	0.9616	0.9618	1.0477	0.9651	0.9654	0.9671	0.9588	0.9655	0.9654	0.9655	0.9632	0.9653	1.6334	1.3155	0.9651
  g	0.9658	0.9655	1.2007	0.9659	0.9668	0.9647	0.9626	0.9658	0.944	0.9658	0.9693	0.9431	0.9659	0.9651	0.966	0.9654	0.9659	0.9538	0.9658	0.964	0.9589	0.9673	0.966	0.9656	0.9666	0.9658	0.9658	0.9611	0.9627	0.9658	0.966	0.966	0.966	0.9656	0.9614	0.9583	0.9572	0.9655	0	0.966	0.9659	0.966	0.9669	0.9659	0.966	0.966	0.9578	0.9655	1.1656	0.9656	0.9652	0.9619	0.966	0.9655	0.9659	0.9676	0.9585	0.966	0.9658	0.966	0.9627	0.9658	1.4342	0.9531	0.9656
  h	0.9659	0.9655	0.9641	0.966	0.9664	0.9646	0.9618	0.9658	0.9385	0.9658	1.4501	0.9383	0.966	0.965	0.966	0.9654	0.9659	0.9523	0.9658	0.9636	0.9576	0.966	0.966	0.9656	0.9665	0.9659	0.9658	0.9605	0.962	0.9658	0.966	0.966	0.966	0.9656	0.9609	0.9573	0.9533	0.9655	0.966	0	0.966	0.966	0.9656	0.9659	0.966	0.9661	0.9567	0.9655	0.9654	0.9657	0.9598	0.9615	0.9661	0.9655	0.9659	0.9675	0.9575	0.9661	0.9659	0.966	0.9623	0.9658	0.8917	0.9515	0.9656
  i	0.9658	0.9654	0.9643	0.9659	0.9665	0.9645	0.9618	0.9658	0.9385	0.9658	0.9687	0.9386	0.9659	0.965	0.966	0.9653	0.9659	0.9524	0.9657	0.9636	0.9578	0.9659	0.966	0.9656	0.9663	0.9658	0.9657	0.9606	0.9621	0.9658	0.9659	0.966	0.9659	0.9656	0.9609	0.9575	1.4283	0.9654	0.9659	0.966	0	0.9659	0.9655	0.9658	0.966	0.966	0.9569	0.9655	0.9653	0.9656	0.9596	0.9615	0.966	0.9654	0.9659	0.9672	0.9577	0.966	0.9659	0.966	0.9623	0.9658	0.8923	0.9516	0.9655
  j	0.9658	0.9655	0.964	0.9659	0.9663	0.9906	0.9618	0.9658	0.9382	0.9658	0.9687	0.9387	0.9659	0.965	0.966	0.9653	0.9659	0.9524	0.9657	0.9636	0.9577	0.9659	0.966	0.9656	0.9662	0.9658	0.9657	0.9605	0.962	0.9658	0.966	0.966	0.966	0.9656	0.9609	1.4189	0.9536	0.9654	0.966	0.966	0.9659	0	0.9655	0.9659	0.966	0.966	0.9575	0.9655	0.9653	0.9656	0.9641	0.9615	0.966	0.9655	0.9659	0.9673	0.9576	0.966	0.9658	0.966	0.9623	0.9658	0.8914	0.9516	0.9655
  k	0.9655	0.9651	0.9705	0.9655	0.966	0.9644	0.975	0.9654	1.1737	0.9654	0.9689	0.9442	0.9655	0.9648	0.9655	0.965	0.9655	0.9549	0.9653	1.2931	0.9591	0.9656	0.9656	0.9652	0.966	0.9654	0.9653	0.9613	0.9627	0.9654	0.9655	0.9655	0.9655	0.9653	1.0183	0.9588	1.1232	0.9652	0.9669	0.9656	0.9655	0.9655	0	0.9654	0.9655	0.9656	0.9585	0.9652	1.1379	0.9653	0.9612	0.962	0.9656	0.9651	0.9654	0.9669	0.959	0.9656	0.9654	0.9655	0.9627	0.9654	1.8978	0.9541	0.9652
  l	0.9657	0.9654	0.9643	0.9658	0.9663	0.9645	0.9619	0.9657	0.9391	0.9657	0.9686	0.9393	0.9658	0.9649	0.9659	0.9652	0.9658	0.9529	0.9657	0.9636	0.9581	0.9658	0.9659	0.9655	0.9661	0.9657	0.9657	0.9607	0.9622	0.9657	0.9659	0.9659	0.9659	0.9655	0.961	0.9576	1.2927	0.9654	0.9659	0.9659	0.9658	0.9659	0.9654	0	0.9659	0.9659	0.9572	0.9654	0.9653	0.9655	0.9597	0.9615	0.9659	0.9654	0.9658	0.9671	0.9578	0.9659	0.9657	0.9659	0.9624	0.9657	1.0226	0.952	0.9654
  m	0.9659	0.9655	0.9641	0.9922	0.9664	0.9646	0.9619	0.9658	0.9382	0.9658	0.9688	0.9847	0.9659	0.965	0.966	0.9656	0.9659	0.9525	0.9658	0.9636	0.9578	0.966	0.966	0.9656	0.9663	0.9659	0.9658	1.0061	0.9621	0.9659	0.966	0.966	0.966	0.9656	0.9609	0.9574	0.9535	0.9655	0.966	0.966	0.966	0.966	0.9655	0.9659	0	0.9661	0.9568	0.9655	0.9654	0.9656	0.9596	0.9616	0.966	0.9655	1.2024	0.9673	0.9576	0.9661	0.9659	0.966	1.4476	0.9658	0.8919	0.9517	0.9655
  n	0.9659	0.9655	0.964	0.966	0.9664	0.9646	0.9618	0.9658	0.9378	0.9658	0.9688	0.9381	0.966	0.965	0.966	1.2302	0.9659	0.9522	0.9658	0.9636	0.9576	0.966	0.966	0.9656	0.9663	0.9659	0.9658	0.9605	0.962	0.9658	0.966	0.966	0.966	0.9656	0.9608	0.9572	0.9532	0.9655	0.966	0.9661	0.966	0.966	0.9656	0.9659	0.9661	0	0.9567	0.9655	0.9654	0.9657	0.9594	0.9615	0.9661	0.9655	1.2369	0.9673	0.9575	0.9661	0.9659	0.966	0.9624	0.9658	0.8907	0.9514	0.9655
  o	0.9574	0.9581	1.4067	0.9571	3.0905	1.9553	0.9599	0.9572	1.1137	0.9574	0.9678	8.0032	1.1	1.43	1.5781	0.9593	0.9575	0.9726	0.9575	0.9612	1.4424	0.9572	1.2149	1.9248	0.9623	1.2855	0.9575	0.9594	1.1916	1.4423	0.9569	0.9567	1.4341	0.959	0.9579	10.4569	8.4159	0.9594	0.9578	0.9567	0.9569	0.9575	0.9585	0.9572	0.9568	0.9567	0	0.958	1.1235	0.9583	1.7854	0.9558	0.9568	0.958	0.9576	2.0902	0.9585	0.9567	0.9629	0.9567	0.9608	0.9575	5.0526	1.0147	0.957
  p	0.9654	0.9651	0.9642	0.9655	0.9658	0.9643	0.9622	0.9654	0.9425	0.9654	0.9685	0.9425	0.9655	0.9647	0.9655	0.965	0.9654	0.9543	0.9653	0.9636	0.9586	0.9655	0.9655	0.9652	0.9657	0.9654	0.9655	0.961	0.9624	0.9654	0.9655	0.9655	0.9655	0.9652	0.9613	0.9583	0.9555	0.9651	0.9655	0.9655	0.9655	0.9655	0.9652	0.9654	0.9655	0.9655	0.958	0	0.9651	0.9652	0.9605	0.9618	0.9655	1.9304	0.9654	0.9668	0.9586	0.9656	0.9654	0.9655	1.2106	0.9654	1.6184	0.9535	0.9651
  q	0.9653	0.965	1.5266	0.9653	0.9666	0.9646	1.5049	0.9652	0.9518	0.9653	0.9695	1.1859	0.9653	0.9648	0.9654	0.9651	0.9653	0.957	0.9652	1.1153	0.9608	1.3042	0.9654	0.9652	0.9663	0.9653	0.9652	0.962	0.9637	0.9653	0.9654	0.9654	0.9653	0.9652	1.0862	0.9603	1.0757	0.9651	1.1656	0.9654	0.9653	0.9653	1.1379	0.9653	0.9654	0.9654	1.1235	0.9651	0	0.9652	1.1625	0.9625	0.9654	0.9651	0.9653	0.9671	1.0764	0.9654	0.9653	0.9654	0.9633	0.9653	3.0	0.9562	0.9651
  r	0.9656	0.9652	0.9719	0.9656	0.966	0.9645	0.9623	0.9655	0.9451	0.9655	0.9689	0.9436	0.9656	0.9648	0.9656	0.9865	0.9656	0.9547	0.9654	0.9637	0.9719	0.9656	0.9656	0.9653	0.966	0.9655	0.9654	0.9613	0.9626	0.9655	0.9656	0.9656	0.9656	1.3507	0.9615	0.9587	0.9912	0.9652	0.9656	0.9657	0.9656	0.9656	0.9653	0.9655	0.9656	0.9657	0.9583	0.9652	0.9652	0	0.961	0.962	0.9657	0.9652	0.9655	0.967	0.9589	0.9657	0.9655	0.9656	0.9627	0.9655	1.9192	0.9539	1.4543
  s	0.9603	0.9608	1.0135	0.9602	1.2252	0.966	0.9645	0.9618	1.5562	0.9602	1.0836	9.0352	0.9599	0.9603	0.9597	0.9624	0.9599	1.795	0.9601	0.9645	0.9676	0.9615	0.9597	0.961	1.1119	0.9595	0.9601	0.9623	2.1471	1.0476	0.9596	0.9595	0.9595	0.9621	1.4661	2.4639	1.3617	0.9616	0.9652	0.9598	0.9596	0.9641	0.9612	0.9597	0.9596	0.9594	1.7854	0.9605	1.1625	0.961	0	0.9626	0.9595	0.9607	0.9603	3.1077	1.1184	0.9595	0.9599	0.9595	0.9643	0.9601	10.8206	1.2869	0.9602
  t	0.9616	0.9618	0.9625	0.9619	0.9621	2.3514	0.9601	0.9615	0.9409	0.9617	0.9666	0.9397	0.9615	0.9626	0.9615	0.9674	0.9615	6.5914	0.9617	0.962	0.9595	0.9626	0.9615	0.9616	0.962	0.9614	0.9617	1.4762	0.9605	0.9619	0.9615	0.9615	0.9615	0.9622	0.9584	0.9552	0.959	0.9618	0.9619	0.9615	0.9615	0.9615	0.962	0.9615	0.9616	0.9615	0.9558	0.9618	0.9625	0.962	0.9626	0	0.9615	0.9617	0.9619	0.9643	0.9563	0.9615	0.9614	0.9615	1.4397	0.9617	1.3359	0.9503	0.9611
  u	0.9659	0.9655	0.9641	0.966	0.9664	0.9646	0.9618	0.9659	0.9381	0.9658	0.9687	0.939	0.966	0.965	0.966	0.9654	0.9659	0.9523	0.9658	0.9636	1.0391	0.966	0.966	0.9656	0.9663	0.9659	0.9658	0.9605	0.962	0.9658	0.966	0.966	0.966	1.2255	0.9609	0.9573	0.9584	1.0477	0.966	0.9661	0.966	0.966	0.9656	0.9659	0.966	0.9661	0.9568	0.9655	0.9654	0.9657	0.9595	0.9615	0	0.9655	0.9659	0.9673	0.9576	0.9661	0.9659	0.966	0.9623	0.9658	0.8915	1.1914	0.9655
  v	0.9654	0.9651	0.9647	0.9654	0.9662	0.9643	0.9629	0.9653	0.9429	0.9653	0.9688	0.9426	0.9654	0.9647	0.9655	0.965	0.9654	0.9543	0.9653	0.9636	0.9587	0.9655	0.9655	0.9652	0.9659	0.9654	0.9661	0.9611	0.9626	0.9654	0.9655	0.9655	0.9655	0.9652	0.9613	0.9585	1.9083	0.9651	0.9655	0.9655	0.9654	0.9655	0.9651	0.9654	0.9655	0.9655	0.958	1.9304	0.9651	0.9652	0.9607	0.9617	0.9655	0	0.9654	0.9669	0.9587	0.9655	0.9654	0.9655	0.9632	0.9654	1.7826	0.9535	0.9651
  w	0.9662	0.9654	0.9643	1.1175	0.9663	0.9646	0.9625	0.9657	0.9411	0.9657	0.9689	1.2094	0.9658	0.9649	0.9659	1.4184	0.9658	0.9556	0.9657	0.9637	0.9586	0.9659	0.9659	0.9655	0.9663	0.9658	0.9657	1.4722	0.9638	0.9658	0.9659	0.9659	0.9659	0.9655	0.9612	0.9582	0.9549	0.9654	0.9659	0.9659	0.9659	0.9659	0.9654	0.9658	1.2024	1.2369	0.9576	0.9654	0.9653	0.9655	0.9603	0.9619	0.9659	0.9654	0	0.9672	0.9584	0.966	0.9657	0.9659	1.2737	0.9666	1.336	0.953	0.9655
  x	0.9672	0.9669	0.9701	0.9673	0.9688	0.9669	0.9653	0.9672	0.9595	0.9671	1.0278	4.542	0.9673	0.9666	0.9674	0.9672	0.9673	0.9592	0.967	0.9659	1.4424	0.9674	0.9674	0.9673	0.9699	0.9672	0.967	0.9644	1.5691	0.9756	0.9672	0.9672	0.9672	0.9673	0.9641	2.2738	1.0685	0.9671	0.9676	0.9675	0.9672	0.9673	0.9669	0.9671	0.9673	0.9673	2.0902	0.9668	0.9671	0.967	3.1077	0.9643	0.9673	0.9669	0.9672	0	0.9625	0.9673	0.9673	0.9673	0.9658	0.967	2.3225	0.9815	0.9673
  y	0.9579	0.9587	0.9885	0.9581	0.959	0.9586	0.9592	0.9578	0.9584	0.9582	0.9653	1.6936	0.9578	0.9581	0.9577	0.9596	0.9578	1.0354	0.9583	0.9611	1.0544	0.958	0.9577	0.9583	0.959	0.9575	0.9583	1.0325	0.9625	0.9586	0.9577	0.9575	0.9575	0.9595	0.9569	1.8953	1.4833	0.9588	0.9585	0.9575	0.9577	0.9576	0.959	0.9578	0.9576	0.9575	0.9585	0.9586	1.0764	0.9589	1.1184	0.9563	0.9576	0.9587	0.9584	0.9625	0	0.9576	0.9577	0.9575	1.4316	0.9582	2.0629	0.9509	0.9575
  z	0.9659	0.9655	0.9641	0.966	0.9664	0.9646	0.9618	0.9659	0.9379	0.9658	0.9688	0.9382	0.966	0.965	0.966	1.2126	0.9659	0.9523	0.9658	0.9636	0.9577	0.966	0.9661	0.9656	0.9663	0.9659	0.9658	0.9606	0.962	0.9659	0.966	0.966	0.966	0.9656	0.9609	0.9573	0.9533	0.9655	0.966	0.9661	0.966	0.966	0.9656	0.9659	0.9661	0.9661	0.9567	0.9656	0.9654	0.9657	0.9595	0.9615	0.9661	0.9655	0.966	0.9673	0.9576	0	0.9659	0.9661	1.3102	0.9658	0.8911	0.9514	0.9656
  {	0.9657	0.9654	0.9646	0.9658	0.9666	0.9647	0.9618	0.9657	0.94	0.9657	0.9687	0.9501	0.9659	0.9649	0.9659	0.9652	0.9658	0.9526	0.9656	0.9636	0.9582	0.9658	0.9659	0.9674	0.9662	0.9657	0.9656	0.9606	0.967	0.9657	0.9658	0.9658	0.9658	0.9655	0.9608	1.0213	1.8186	0.9654	0.9658	0.9659	0.9659	0.9658	0.9654	0.9657	0.9659	0.9659	0.9629	0.9654	0.9653	0.9655	0.9599	0.9614	0.9659	0.9654	0.9657	0.9673	0.9577	0.9659	0	0.9658	0.9623	0.9657	0.8968	0.9519	0.9654
  |	0.9659	0.9655	0.964	0.966	0.9663	0.9645	1.442	0.9658	0.9379	0.9658	0.969	0.9381	0.9659	0.965	0.966	0.9653	0.9659	0.9522	0.9658	0.9636	0.9576	0.966	0.966	0.9656	0.9662	0.9659	0.9658	0.9605	0.962	0.9658	0.966	0.966	0.966	0.9656	0.9608	0.9573	0.9532	0.9655	0.966	0.966	0.966	0.966	0.9655	0.9659	0.966	0.966	0.9567	0.9655	0.9654	0.9656	0.9595	0.9615	0.966	0.9655	0.9659	0.9673	0.9575	0.9661	0.9658	0	0.9623	0.9658	0.891	0.9514	0.9655
  }	0.9626	0.9631	0.9654	0.9834	0.9635	0.9631	1.0228	0.9624	0.9615	0.9625	1.4494	1.6728	0.9624	0.9623	0.9623	2.8059	0.9624	1.6441	0.9625	0.9631	1.1014	0.9625	0.9624	0.9626	0.9635	0.9622	0.9628	2.1025	1.4442	1.3494	0.9623	0.9623	0.9623	0.9633	0.9608	0.9602	2.4189	0.9632	0.9627	0.9623	0.9623	0.9623	0.9627	0.9624	1.4476	0.9624	0.9608	1.2106	0.9633	0.9627	0.9643	1.4397	0.9623	0.9632	1.2737	0.9658	1.4316	1.3102	0.9623	0.9623	0	0.9625	5.007	0.9583	0.9623
  ~	0.9657	0.9653	0.9643	0.9658	0.9661	0.9645	1.1182	0.9656	0.9404	0.9656	0.9687	0.9406	0.9657	0.9649	0.9658	0.9652	0.9657	0.9534	0.9656	0.9638	0.9582	0.9658	0.9658	0.9654	0.966	0.9657	0.9656	0.9609	0.9625	0.9656	0.9658	0.9658	0.9658	0.9655	0.9612	0.9579	0.9545	0.9653	0.9658	0.9658	0.9658	0.9658	0.9654	0.9657	0.9658	0.9658	0.9575	0.9654	0.9653	0.9655	0.9601	0.9617	0.9658	0.9654	0.9666	0.967	0.9582	0.9658	0.9657	0.9658	0.9625	0	1.2609	0.9526	0.9654
  	1.1088	1.7536	8.0288	0.8942	0.9293	1.3407	6.4078	0.8962	72.8792	1.2603	4.3851	17.4068	0.8939	1.343	0.8922	2.1722	0.8938	2.1662	1.335	7.7622	9.3058	1.0233	0.8929	1.2992	0.9448	0.8917	1.3345	1.3571	6.7548	1.0486	0.8932	0.8913	0.8915	2.2331	2.8995	0.9772	15.1219	1.6334	1.4342	0.8917	0.8923	0.8914	1.8978	1.0226	0.8919	0.8907	5.0526	1.6184	3.0	1.9192	10.8206	1.3359	0.8915	1.7826	1.336	2.3225	2.0629	0.8911	0.8968	0.891	5.007	1.2609	0	1.46	0.9297
  	0.9523	0.9537	1.1995	0.952	1.1035	0.9526	0.9569	1.9051	1.9117	0.9526	0.9643	12.5922	0.9518	0.9531	0.9516	0.9556	0.9518	0.9503	0.9528	0.9588	2.1116	0.9519	0.9517	1.1746	0.9598	0.9516	0.9528	0.9512	1.614	0.9545	0.9517	0.9514	0.9515	1.2509	0.9539	1.2807	1.9787	1.3155	0.9531	0.9515	0.9516	0.9516	0.9541	0.952	0.9517	0.9514	1.0147	0.9535	0.9562	0.9539	1.2869	0.9503	1.1914	0.9535	0.953	0.9815	0.9509	0.9514	0.9519	0.9514	0.9583	0.9526	1.46	0	0.9515
  	0.9654	0.9651	0.9669	0.9655	0.9663	0.9643	0.9869	0.9654	0.9395	0.9654	1.3649	0.9395	0.9655	0.9647	0.9656	0.965	0.9655	0.9525	0.9653	0.9635	0.9579	0.9655	0.9656	0.9652	0.9661	0.9654	0.9653	1.0367	0.9622	0.9654	0.9655	0.9655	0.9655	0.9653	0.9606	0.9574	1.9036	0.9651	0.9656	0.9656	0.9655	0.9655	0.9652	0.9654	0.9655	0.9655	0.957	0.9651	0.9651	1.4543	0.9602	0.9611	0.9655	0.9651	0.9655	0.9673	0.9575	0.9656	0.9654	0.9655	0.9623	0.9654	0.9297	0.9515	0

Actual rates from j->i (Q_ij):
	A	B	C	D	E	F	G	H	I	J	K	L	M	N	O	P	Q	R	S	T	U	V	W	X	Y	Z	[	\	]	^	_	`	a	b	c	d	e	f	g	h	i	j	k	l	m	n	o	p	q	r	s	t	u	v	w	x	y	z	{	|	}	~			
  A	0	0.0179	0.0179	0.0179	0.0179	0.0179	0.0179	0.0179	0.0174	0.0179	0.018	0.0175	0.0179	0.0179	0.0179	0.0179	0.0179	0.0177	0.0179	0.0179	0.0178	0.0179	0.0179	0.0179	0.0179	0.0179	0.0179	0.0178	0.0227	0.0179	0.0179	0.0179	0.0179	0.0179	0.0178	0.0178	0.0177	0.0179	0.0179	0.0179	0.0179	0.0179	0.0179	0.0179	0.0179	0.0179	0.0178	0.0179	0.0179	0.0179	0.0178	0.0179	0.0179	0.0179	0.0179	0.018	0.0178	0.0179	0.0179	0.0179	0.0179	0.0179	0.0206	0.0177	0.0179
  B	0.0154	0	0.0154	0.0154	0.0154	0.0154	0.0154	0.0154	0.0155	0.0154	0.0155	0.0151	0.0154	0.0154	0.0154	0.0154	0.0154	0.0152	0.0154	0.0154	0.0153	0.0154	0.0154	0.0154	0.0154	0.0154	0.0154	0.0153	0.0154	0.0154	0.0154	0.0154	0.0154	0.0154	0.0153	0.0153	0.0153	0.0154	0.0154	0.0154	0.0154	0.0154	0.0154	0.0154	0.0154	0.0154	0.0153	0.0154	0.0154	0.0154	0.0153	0.0154	0.0154	0.0154	0.0154	0.0154	0.0153	0.0154	0.0154	0.0154	0.0154	0.0154	0.028	0.0152	0.0154
  C	0.0077	0.0077	0	0.0077	0.0091	0.0078	0.0081	0.0077	0.0088	0.0084	0.0079	0.015	0.0077	0.0078	0.0077	0.0094	0.0077	0.0077	0.0077	0.0081	0.014	0.008	0.0077	0.0081	0.0078	0.0077	0.0077	0.0078	0.0154	0.0077	0.0077	0.0077	0.0077	0.0079	0.0078	0.0134	0.0254	0.0078	0.0096	0.0077	0.0077	0.0077	0.0078	0.0077	0.0077	0.0077	0.0113	0.0077	0.0123	0.0078	0.0081	0.0077	0.0077	0.0077	0.0077	0.0078	0.0079	0.0077	0.0077	0.0077	0.0078	0.0077	0.0645	0.0096	0.0078
  D	0.0185	0.0185	0.0184	0	0.0185	0.0185	0.0184	0.0185	0.018	0.0185	0.0185	0.0208	0.0185	0.0185	0.0185	0.0185	0.0185	0.0655	0.0185	0.0184	0.0183	0.0185	0.0185	0.0185	0.0185	0.0185	0.0185	0.0258	0.0184	0.0185	0.0185	0.0185	0.0185	0.0185	0.0184	0.0183	0.0183	0.0185	0.0185	0.0185	0.0185	0.0185	0.0185	0.0185	0.019	0.0185	0.0183	0.0185	0.0185	0.0185	0.0184	0.0184	0.0185	0.0185	0.0214	0.0185	0.0183	0.0185	0.0185	0.0185	0.0188	0.0185	0.0171	0.0182	0.0185
  E	0.0178	0.0178	0.0209	0.0178	0	0.0178	0.0178	0.0178	0.0176	0.0178	0.0179	0.0377	0.0178	0.0178	0.0178	0.0178	0.0178	0.0176	0.0178	0.0178	0.0177	0.0178	0.0178	0.0178	0.0178	0.0178	0.0178	0.0178	0.0197	0.0178	0.0178	0.0178	0.0178	0.0178	0.0177	0.0319	0.0218	0.0178	0.0178	0.0178	0.0178	0.0178	0.0178	0.0178	0.0178	0.0178	0.057	0.0178	0.0178	0.0178	0.0226	0.0178	0.0178	0.0178	0.0178	0.0179	0.0177	0.0178	0.0178	0.0178	0.0178	0.0178	0.0171	0.0204	0.0178
  F	0.0171	0.0171	0.0171	0.0171	0.0171	0	0.017	0.0171	0.0167	0.0171	0.0172	0.0167	0.0171	0.0175	0.0171	0.0256	0.0171	0.0656	0.0171	0.0171	0.0176	0.0261	0.0171	0.0171	0.0171	0.0171	0.0171	0.0263	0.0171	0.0171	0.0171	0.0171	0.0171	0.0171	0.017	0.0341	0.0779	0.0171	0.0171	0.0171	0.0171	0.0175	0.0171	0.0171	0.0171	0.0171	0.0346	0.0171	0.0171	0.0171	0.0171	0.0416	0.0171	0.0171	0.0171	0.0171	0.017	0.0171	0.0171	0.0171	0.0171	0.0171	0.0237	0.0169	0.0171
  G	0.0085	0.0085	0.0089	0.0085	0.0085	0.0085	0	0.0085	0.0085	0.0085	0.0139	0.0088	0.0085	0.0085	0.0085	0.0085	0.0085	0.0086	0.0085	0.0087	0.0085	0.0088	0.0085	0.0085	0.0085	0.0085	0.0085	0.0091	0.0085	0.0088	0.0085	0.0085	0.0085	0.0085	0.0085	0.0085	0.0086	0.0085	0.0085	0.0085	0.0085	0.0085	0.0086	0.0085	0.0085	0.0085	0.0085	0.0085	0.0133	0.0085	0.0085	0.0085	0.0085	0.0085	0.0085	0.0085	0.0085	0.0085	0.0085	0.0128	0.0091	0.0099	0.0567	0.0085	0.0087
  H	0.018	0.018	0.018	0.018	0.018	0.018	0.0179	0	0.0175	0.018	0.0181	0.0302	0.018	0.018	0.018	0.018	0.018	0.0178	0.018	0.018	0.0179	0.018	0.018	0.018	0.018	0.018	0.018	0.0179	0.0227	0.018	0.018	0.018	0.018	0.018	0.0179	0.0179	0.0178	0.018	0.018	0.018	0.018	0.018	0.018	0.018	0.018	0.018	0.0178	0.018	0.018	0.018	0.0179	0.0179	0.018	0.018	0.018	0.018	0.0179	0.018	0.018	0.018	0.0179	0.018	0.0167	0.0355	0.018
  I	0.0016	0.0017	0.0019	0.0016	0.0017	0.0017	0.0017	0.0016	0	0.0016	0.0024	0.0041	0.0016	0.0016	0.0016	0.0023	0.0016	0.0017	0.0016	0.0025	0.0017	0.0016	0.0016	0.0017	0.0017	0.0016	0.0016	0.0017	0.0025	0.0017	0.0016	0.0016	0.0016	0.0017	0.0049	0.0017	0.0021	0.0017	0.0017	0.0016	0.0016	0.0016	0.0021	0.0016	0.0016	0.0016	0.0019	0.0016	0.0017	0.0017	0.0027	0.0016	0.0016	0.0017	0.0016	0.0017	0.0017	0.0016	0.0016	0.0016	0.0017	0.0016	0.1276	0.0033	0.0016
  J	0.0172	0.0172	0.0187	0.0172	0.0172	0.0172	0.0172	0.0172	0.0168	0	0.0173	0.0168	0.0172	0.0172	0.0172	0.0172	0.0172	0.017	0.0172	0.0172	0.0171	0.0172	0.0172	0.0172	0.0172	0.0172	0.0172	0.0171	0.0172	0.0172	0.0172	0.0172	0.0172	0.0172	0.0171	0.0171	0.017	0.0172	0.0172	0.0172	0.0172	0.0172	0.0172	0.0172	0.0172	0.0172	0.0171	0.0172	0.0172	0.0172	0.0171	0.0172	0.0172	0.0172	0.0172	0.0173	0.0171	0.0172	0.0172	0.0172	0.0172	0.0172	0.0225	0.017	0.0172
  K	0.0105	0.0105	0.0107	0.0105	0.0105	0.0105	0.0171	0.0105	0.0148	0.0105	0	0.0108	0.0105	0.0105	0.0105	0.0105	0.0105	0.0104	0.0105	0.0105	0.0105	0.0105	0.0105	0.0105	0.0108	0.0105	0.0105	0.0149	0.0105	0.0105	0.0105	0.0105	0.0105	0.0105	0.0105	0.0105	0.0108	0.0105	0.0105	0.0157	0.0105	0.0105	0.0105	0.0105	0.0105	0.0105	0.0105	0.0105	0.0105	0.0105	0.0118	0.0105	0.0105	0.0105	0.0105	0.0112	0.0105	0.0105	0.0105	0.0105	0.0157	0.0105	0.0476	0.0105	0.0148
  L	0.0057	0.0057	0.0113	0.0066	0.0124	0.0057	0.006	0.0098	0.0141	0.0057	0.006	0	0.0057	0.0057	0.0057	0.0109	0.0057	0.0085	0.0057	0.0075	0.0898	0.0057	0.0057	0.0071	0.0099	0.006	0.0057	0.0097	0.0255	0.0156	0.0057	0.0057	0.0057	0.0057	0.0057	0.0422	0.0304	0.0083	0.0057	0.0057	0.0057	0.0057	0.0057	0.0057	0.006	0.0057	0.0485	0.0057	0.0072	0.0057	0.0547	0.0057	0.0057	0.0057	0.0073	0.0275	0.0103	0.0057	0.0058	0.0057	0.0101	0.0057	0.1054	0.0762	0.0057
  M	0.0187	0.0186	0.0186	0.0187	0.0187	0.0186	0.0186	0.0187	0.0181	0.0187	0.0187	0.0181	0	0.0186	0.0187	0.0186	0.0187	0.0184	0.0187	0.0186	0.0185	0.0187	0.0187	0.0187	0.0187	0.0187	0.0187	0.0186	0.0186	0.0187	0.0187	0.0187	0.0187	0.0187	0.0186	0.0185	0.0437	0.0186	0.0187	0.0187	0.0187	0.0187	0.0187	0.0187	0.0187	0.0187	0.0212	0.0186	0.0186	0.0187	0.0185	0.0186	0.0187	0.0186	0.0187	0.0187	0.0185	0.0187	0.0187	0.0187	0.0186	0.0187	0.0173	0.0184	0.0187
  N	0.0165	0.0165	0.0165	0.0165	0.0165	0.0169	0.0165	0.0165	0.0161	0.0165	0.0166	0.0161	0.0165	0	0.0165	0.0165	0.0165	0.0263	0.0165	0.0165	0.0199	0.0165	0.0165	0.0165	0.0165	0.0165	0.0165	0.0165	0.0165	0.0165	0.0165	0.0165	0.0165	0.0165	0.0164	0.0164	0.0193	0.0165	0.0165	0.0165	0.0165	0.0165	0.0165	0.0165	0.0165	0.0165	0.0245	0.0165	0.0165	0.0165	0.0164	0.0165	0.0165	0.0165	0.0165	0.0165	0.0164	0.0165	0.0165	0.0165	0.0165	0.0165	0.023	0.0163	0.0165
  O	0.0189	0.0189	0.0189	0.0189	0.0189	0.0189	0.0189	0.0189	0.0184	0.0189	0.019	0.0184	0.0189	0.0189	0	0.0189	0.0189	0.0187	0.0189	0.0189	0.0188	0.0189	0.0189	0.0189	0.0189	0.0189	0.0189	0.0188	0.019	0.0189	0.0189	0.0189	0.0189	0.0189	0.0188	0.0237	0.0215	0.0189	0.0189	0.0189	0.0189	0.0189	0.0189	0.0189	0.0189	0.0189	0.0309	0.0189	0.0189	0.0189	0.0188	0.0188	0.0189	0.0189	0.0189	0.019	0.0188	0.0189	0.0189	0.0189	0.0189	0.0189	0.0175	0.0187	0.0189
  P	0.0143	0.0143	0.0174	0.0143	0.0143	0.0214	0.0143	0.0143	0.0199	0.0143	0.0144	0.0267	0.0143	0.0143	0.0143	0	0.0143	0.0356	0.0143	0.0143	0.0164	0.0143	0.0143	0.0143	0.0143	0.0143	0.0143	0.0143	0.0143	0.0143	0.0143	0.0143	0.0143	0.015	0.0143	0.0142	0.0144	0.0143	0.0143	0.0143	0.0143	0.0143	0.0143	0.0143	0.0143	0.0183	0.0142	0.0143	0.0143	0.0146	0.0143	0.0144	0.0143	0.0143	0.021	0.0143	0.0142	0.018	0.0143	0.0143	0.0416	0.0143	0.0322	0.0142	0.0143
  Q	0.0186	0.0186	0.0186	0.0186	0.0187	0.0186	0.0186	0.0186	0.0181	0.0186	0.0187	0.0181	0.0186	0.0186	0.0186	0.0186	0	0.0184	0.0186	0.0186	0.0185	0.0186	0.0186	0.0186	0.0186	0.0186	0.0186	0.0185	0.0186	0.0186	0.0186	0.0186	0.0186	0.0186	0.0185	0.0185	0.0459	0.0186	0.0186	0.0186	0.0186	0.0186	0.0186	0.0186	0.0186	0.0186	0.0185	0.0186	0.0186	0.0186	0.0185	0.0186	0.0186	0.0186	0.0186	0.0187	0.0185	0.0186	0.0186	0.0186	0.0186	0.0186	0.0172	0.0184	0.0186
  R	0.0121	0.0121	0.0122	0.0435	0.0121	0.047	0.0123	0.0121	0.0124	0.0121	0.0122	0.0178	0.0121	0.0195	0.0121	0.0305	0.0121	0	0.0121	0.0122	0.0139	0.0253	0.0121	0.0121	0.0121	0.0121	0.0121	0.0544	0.0122	0.0122	0.0121	0.0121	0.0121	0.0121	0.0121	0.0121	0.0782	0.0121	0.0121	0.0121	0.0121	0.0121	0.0121	0.0121	0.0121	0.0121	0.0123	0.0121	0.0121	0.0121	0.0228	0.0836	0.0121	0.0121	0.0121	0.0122	0.0131	0.0121	0.0121	0.0121	0.0209	0.0121	0.0275	0.0121	0.0121
  S	0.0169	0.0169	0.0169	0.0169	0.0169	0.0169	0.0168	0.0169	0.0165	0.0169	0.017	0.0165	0.0169	0.0169	0.0169	0.0169	0.0169	0.0167	0	0.0169	0.0168	0.0169	0.0169	0.0169	0.0169	0.0169	0.0169	0.0168	0.0168	0.0169	0.0169	0.0169	0.0169	0.0169	0.0168	0.0168	0.0167	0.0169	0.0169	0.0169	0.0169	0.0169	0.0169	0.0169	0.0169	0.0169	0.0168	0.0169	0.0169	0.0169	0.0168	0.0168	0.0169	0.0169	0.0169	0.0169	0.0168	0.0169	0.0169	0.0169	0.0168	0.0169	0.0234	0.0167	0.0169
