Map from character to field name
A:	Algeria
B:	Argentina
C:	Australia
D:	Austria
E:	Bangladesh
F:	Belgium
G:	Brazil
H:	Cambodia
I:	Canada
J:	Chad
K:	Chile
L:	China
M:	Czech Republic
N:	Denmark
O:	Egypt
P:	France
Q:	Georgia
R:	Germany
S:	Guam
T:	Guatemala
U:	Hong Kong
V:	Hungary
W:	Iceland
X:	India
Y:	Indonesia
Z:	Iran
[:	Ireland
\:	Italy
]:	Japan
^:	Kazakhstan
_:	Kuwait
`:	Laos
a:	Luxembourg
b:	Malaysia
c:	Mexico
d:	Mongolia
e:	Netherlands
f:	New Zealand
g:	Nicaragua
h:	Nigeria
i:	Norway
j:	Pakistan
k:	Peru
l:	Philippines
m:	Poland
n:	Romania
o:	Russia
p:	Saudi Arabia
q:	Singapore
r:	South Africa
s:	South Korea
t:	Spain
u:	Sri Lanka
v:	Sweden
w:	Switzerland
x:	Taiwan
y:	Thailand
z:	Turkey
{:	Ukraine
|:	United Arab Emirates
}:	United Kingdom
~:	Uruguay
:	Usa
:	Vietnam
:	Zambia
:	?


Substitution rate (mu): 19.40978

Equilibrium frequencies (pi_i):
  A: 0.0181
  B: 0.0155
  C: 0.008
  D: 0.0188
  E: 0.0158
  F: 0.0163
  G: 0.009
  H: 0.0178
  I: 0.0016
  J: 0.0193
  K: 0.0111
  L: 0.0076
  M: 0.019
  N: 0.0168
  O: 0.0191
  P: 0.0163
  Q: 0.0192
  R: 0.0121
  S: 0.0174
  T: 0.0066
  U: 0.0061
  V: 0.0192
  W: 0.0197
  X: 0.0169
  Y: 0.0196
  Z: 0.0196
  [: 0.0177
  \: 0.0167
  ]: 0.0078
  ^: 0.0171
  _: 0.0193
  `: 0.0197
  a: 0.0196
  b: 0.0169
  c: 0.0124
  d: 0.0097
  e: 0.0047
  f: 0.0175
  g: 0.0183
  h: 0.0184
  i: 0.0194
  j: 0.019
  k: 0.0177
  l: 0.0193
  m: 0.0197
  n: 0.0183
  o: 0.0087
  p: 0.0147
  q: 0.0169
  r: 0.0158
  s: 0.0075
  t: 0.0182
  u: 0.0195
  v: 0.0163
  w: 0.0174
  x: 0.0147
  y: 0.0127
  z: 0.0198
  {: 0.0192
  |: 0.0198
  }: 0.0111
  ~: 0.0183
  : 0.005
  : 0.0098
  : 0.0192

Symmetrized rates from j->i (W_ij):
	A	B	C	D	E	F	G	H	I	J	K	L	M	N	O	P	Q	R	S	T	U	V	W	X	Y	Z	[	\	]	^	_	`	a	b	c	d	e	f	g	h	i	j	k	l	m	n	o	p	q	r	s	t	u	v	w	x	y	z	{	|	}	~			
  A	0	0.966	0.9623	0.9661	0.9654	0.9652	0.9648	0.966	0.9331	0.9661	0.9645	0.9359	0.966	0.9658	0.9661	0.9661	0.966	0.9541	0.9661	0.9657	0.9603	0.9659	0.9661	0.9656	0.9642	0.9659	0.9661	0.9616	1.1664	0.9657	0.966	0.9661	0.966	0.966	0.9636	0.9608	0.9555	0.9661	0.966	0.9661	0.9661	0.966	0.9661	0.966	0.9661	0.9661	0.9591	0.9661	0.9662	0.9662	0.9593	0.9629	0.9661	0.9659	0.9662	0.9664	0.9599	0.966	0.966	0.966	0.9653	0.9661	1.1792	0.9569	0.9661
  B	0.966	0	0.9626	0.966	0.9654	0.9652	0.9649	0.9659	1.4047	0.966	0.9648	0.9395	0.9659	0.9657	0.9659	0.9661	0.9658	0.9558	0.9659	0.9655	0.9609	0.9658	0.9659	0.9656	0.9643	0.9658	0.9659	0.9621	0.9633	0.9657	0.9659	0.9659	0.9659	0.9659	0.9638	0.9614	0.9571	1.0421	0.9659	0.9659	0.9659	0.9659	0.9659	0.9659	0.966	0.966	0.9598	0.9659	0.966	0.966	0.9598	0.9632	0.9659	0.9658	0.966	0.966	0.9606	0.9659	0.9659	0.9659	0.9911	0.966	1.7109	0.958	0.966
  C	0.9623	0.9626	0	0.962	0.9635	0.9627	1.2485	0.9622	1.1127	1.0036	1.0847	4.7561	0.9618	0.9636	0.9619	1.3927	0.9617	0.9608	0.962	1.096	2.1092	1.4094	0.9616	1.0569	0.9617	0.9615	0.962	0.9678	1.7324	0.9628	0.963	0.9615	0.9616	0.9641	0.9626	0.9683	3.3508	1.2241	1.5433	0.9619	0.9617	0.9618	1.4345	0.9616	0.9616	0.962	1.2401	0.9627	2.1585	0.9629	1.8583	0.9606	0.9619	0.9624	0.9623	0.9743	0.9623	0.9615	0.9621	0.9615	0.9845	0.9621	5.8448	1.0208	1.0122
  D	0.9661	0.966	0.962	0	0.9656	0.9653	0.9648	0.966	0.9305	0.9661	0.9643	1.0921	0.966	0.966	0.9661	0.9665	0.966	3.347	0.9661	0.9653	0.9601	0.9661	0.9661	0.9656	0.9642	0.966	0.9661	1.3822	0.9627	0.966	0.9661	0.9661	0.9661	0.966	0.9634	0.9608	0.955	0.9661	0.9661	0.9661	0.9661	0.9661	0.9661	0.9661	1.1753	0.9661	0.9588	0.966	0.9662	0.9662	0.9586	0.9634	0.9661	0.9659	0.9663	0.9661	0.9597	0.9661	0.966	0.9661	1.0331	0.9661	0.8868	0.9566	0.9661
  E	0.9654	0.9654	0.9635	0.9656	0	0.9658	0.9646	0.9654	0.9358	0.9654	0.9649	4.1264	0.9653	0.9652	1.1854	0.9654	0.9653	0.9552	0.9654	0.9652	0.9618	0.9653	0.9654	0.9652	0.9638	0.9653	0.9654	0.9617	0.9632	0.9653	0.9653	0.9653	0.9653	0.9654	0.9634	1.609	0.9583	0.9657	0.9654	0.9654	0.9654	0.9654	0.9654	0.9653	0.9655	0.9654	2.7387	0.9655	0.9655	0.9657	0.9601	0.9627	0.9654	0.9653	0.9655	0.9796	0.9613	0.9653	0.9655	0.9653	0.965	0.9654	0.899	0.962	0.9655
  F	0.9652	0.9652	0.9627	0.9653	0.9658	0	1.0216	0.965	1.187	0.9651	0.9666	0.9446	0.965	0.9655	0.965	1.3173	1.1648	5.085	0.9651	0.9654	0.9612	1.1846	0.9652	0.9649	0.9642	0.9649	0.9651	1.4617	0.963	0.9651	0.965	0.965	0.965	0.9651	0.965	0.961	3.3277	0.9653	0.9651	0.9651	0.9652	0.965	0.9652	0.965	0.9651	0.9652	3.3149	0.9652	0.9654	0.9656	0.9607	1.0038	0.9651	0.9651	0.9653	0.9655	0.9604	0.965	0.9655	0.965	1.009	0.9652	1.4152	0.9579	0.9654
  G	0.9648	0.9649	1.2485	0.9648	0.9646	1.0216	0	0.9646	4.3384	0.9647	1.27	1.136	0.9644	0.9856	0.9645	0.9949	0.9644	1.1809	0.9646	0.9913	0.9641	1.0524	0.9644	0.9645	0.9636	0.9644	0.9646	1.0103	0.9647	0.9814	0.9644	0.9644	0.9644	0.9647	0.9735	0.963	0.9673	0.9649	1.0096	0.9646	0.9644	0.9644	0.9647	0.9644	0.9645	0.9647	1.0882	0.9649	1.3495	0.9649	1.1201	0.9639	0.9644	0.9647	1.0564	0.9656	0.9652	0.9644	0.9645	1.4472	1.0187	1.1231	5.1378	0.9616	0.9647
  H	0.966	0.9659	0.9622	0.966	0.9654	0.965	0.9646	0	1.2876	0.966	0.9644	1.4047	0.9658	0.9656	0.9659	0.966	0.9658	0.9542	0.9659	0.9653	0.9601	0.9658	0.9659	0.9655	0.9641	0.9658	0.9659	0.9615	0.9628	0.9656	0.9659	0.9659	0.9659	0.9658	0.9635	1.4414	0.9555	0.9659	0.9659	0.9659	0.9659	0.9659	0.9659	0.9659	0.966	0.9659	0.9589	0.9659	0.966	0.966	0.9598	0.9628	0.9659	0.9657	0.966	0.9661	0.9599	0.9659	0.9659	0.9659	0.965	0.966	0.9984	1.9185	0.966
  I	0.9331	1.4047	1.1127	0.9305	0.9358	1.187	4.3384	1.2876	0	0.9295	1.9735	2.5454	0.9298	1.1429	0.9296	1.3792	0.9294	1.9988	0.9328	1.0542	1.9674	0.9296	0.9284	0.9338	0.9288	0.9287	0.9322	1.6445	1.9048	0.9337	0.9291	0.9284	0.9287	0.9339	4.2644	0.9479	1.3644	0.9332	0.9313	0.9311	0.929	0.9297	0.9324	0.9291	0.9285	0.9314	2.3968	0.9379	0.9339	0.9358	2.6497	0.9322	0.9289	0.9348	0.9337	0.9418	3.1904	0.9283	0.9295	0.9284	0.9462	0.9324	78.6303	2.7298	0.9299
  J	0.9661	0.966	1.0036	0.9661	0.9654	0.9651	0.9647	0.966	0.9295	0	1.2426	0.9333	0.966	0.9658	0.9661	0.9661	0.966	0.9533	0.9661	0.9654	0.9595	0.966	0.9661	0.9656	0.9641	0.966	0.9661	0.9612	0.9626	0.9657	0.9661	0.9661	0.9661	0.966	0.9634	0.9604	0.9543	0.9661	0.9661	0.9661	0.9661	0.966	0.9661	0.9661	0.9661	0.9661	0.9583	0.966	0.9662	0.9663	0.9583	0.9627	0.9661	0.9659	0.9661	0.966	0.9594	0.966	0.966	0.9661	0.965	0.9661	0.9515	0.956	1.1372
  K	0.9645	0.9648	1.0847	0.9643	0.9649	0.9666	1.27	0.9644	1.9735	1.2426	0	1.0368	0.9646	0.9645	0.9642	0.9656	0.9643	0.9852	0.9644	0.967	0.9839	0.9643	0.9641	0.9645	0.9631	0.964	0.9644	0.9634	0.9669	0.9675	0.9642	0.964	0.9641	0.9657	0.9641	0.9645	1.0878	0.9651	0.9643	1.2509	0.9642	0.9641	0.9645	0.9642	0.9641	0.9644	0.9818	0.965	0.965	0.9652	0.9652	0.9626	0.9642	0.965	0.9647	0.9665	0.965	0.964	0.9645	0.964	1.4626	0.9645	3.739	0.9635	1.2753
  L	0.9359	0.9395	4.7561	1.0921	4.1264	0.9446	1.136	1.4047	2.5454	0.9333	1.0368	0	0.934	0.9371	1.2442	0.94	1.1053	0.9692	0.9361	0.9893	15.3223	0.9386	0.9323	1.9943	0.9399	0.9325	0.9356	1.3232	2.6935	2.5489	0.933	0.9322	0.9325	0.9397	0.9478	12.5934	7.2795	1.1084	0.992	0.9345	0.933	1.2272	0.936	0.933	0.9564	0.9346	11.0376	0.9409	1.4069	0.9777	8.1598	0.9339	0.9328	0.9515	0.9366	2.6435	2.3811	0.9321	0.9479	0.9321	1.5827	0.9349	9.5947	11.4812	0.9744
  M	0.966	0.9659	0.9618	0.966	0.9653	0.965	0.9644	0.9658	0.9298	0.966	0.9646	0.934	0	0.9656	0.9659	0.9659	0.9658	0.9535	0.9659	0.9654	0.9596	0.9658	0.9661	0.9655	0.9646	0.9658	0.9659	0.9612	0.9625	0.9656	0.9659	0.9659	0.9659	0.9658	0.9633	0.9604	2.3847	0.966	0.9659	0.9659	0.9661	0.9659	0.966	0.9659	0.966	0.966	0.9585	0.9659	0.9661	0.9662	0.9591	0.9627	0.966	0.9657	0.966	0.9659	0.9594	0.9659	0.966	0.9659	0.965	0.966	0.8858	0.9564	0.9662
  N	0.9658	0.9657	0.9636	0.966	0.9652	0.9655	0.9856	0.9656	1.1429	0.9658	0.9645	0.9371	0.9656	0	0.9657	0.966	0.9656	1.885	0.9657	0.9653	0.9642	0.9657	0.9657	0.9653	0.9639	0.9656	0.9657	0.9621	0.9629	0.9655	0.9657	0.9657	0.9657	0.9656	0.9636	0.9609	0.9579	0.9657	0.9657	0.9657	0.9657	0.9657	0.9657	0.9657	0.9657	0.9657	0.9592	0.9657	0.9658	0.9658	0.9591	0.9667	0.9657	0.9656	0.9658	0.9658	0.9615	0.9656	0.9656	0.9657	0.9651	0.9658	1.3449	0.9572	0.9657
  O	0.9661	0.9659	0.9619	0.9661	1.1854	0.965	0.9645	0.9659	0.9296	0.9661	0.9642	1.2442	0.9659	0.9657	0	0.966	0.9659	0.9534	0.966	0.9653	0.9598	0.9659	0.966	0.9656	0.9641	0.9659	0.966	0.9613	0.9626	0.9657	0.966	0.966	0.966	0.9659	0.9633	0.963	0.9568	0.966	0.966	0.966	0.966	0.966	0.966	0.966	0.9661	0.966	1.466	0.9659	0.9661	0.9661	0.9585	0.9627	0.966	0.9658	0.9661	0.9661	0.9595	0.966	0.966	0.966	0.9649	0.9661	0.8854	0.9564	0.9661
  P	0.9661	0.9661	1.3927	0.9665	0.9654	1.3173	0.9949	0.966	1.3792	0.9661	0.9656	0.94	0.9659	0.966	0.966	0	0.966	2.1603	0.966	0.9657	0.9611	0.9662	0.966	0.9657	0.9645	0.9659	0.966	1.0764	0.965	0.9659	0.966	0.966	0.966	0.966	0.9647	0.9613	1.4377	0.9662	0.9661	0.966	0.966	0.9659	0.9661	0.966	0.9663	1.1538	0.9607	0.966	0.9663	0.9662	0.9602	1.1637	0.966	0.9659	1.3399	0.9662	0.9608	0.966	0.966	0.966	2.8977	0.9662	1.7252	0.958	0.9661
  Q	0.966	0.9658	0.9617	0.966	0.9653	1.1648	0.9644	0.9658	0.9294	0.966	0.9643	1.1053	0.9658	0.9656	0.9659	0.966	0	0.9534	0.9659	0.9653	0.9595	0.9658	0.966	0.9655	0.9641	0.9658	0.9659	0.9612	0.9625	0.9656	0.9659	0.9659	0.9659	0.9658	0.9633	0.9891	1.4082	0.9659	0.9659	0.9659	0.966	0.9659	0.9659	0.9659	0.9659	0.9659	1.8322	0.9659	0.966	0.9661	0.9586	0.9626	0.9659	0.9657	0.966	0.9659	0.9593	0.9659	0.9659	0.9659	0.9649	0.966	0.885	1.1646	0.966
  R	0.9541	0.9558	0.9608	3.347	0.9552	5.085	1.1809	0.9542	1.9988	0.9533	0.9852	0.9692	0.9535	1.885	0.9534	2.1603	0.9534	0	0.9545	0.9616	1.4309	2.1128	0.9532	0.9547	0.9533	0.953	0.9543	5.2208	0.9592	1.0721	0.9532	0.9529	0.953	0.955	0.9571	0.9566	6.7097	0.9548	0.9539	0.9538	0.9535	0.9534	0.9544	0.9532	0.9541	0.9539	1.1161	0.9563	0.9553	0.9562	0.959	8.6571	0.9533	0.9553	0.9554	0.957	1.4289	0.9529	0.9539	0.953	2.2621	0.954	1.5734	0.9548	0.9539
  S	0.9661	0.9659	0.962	0.9661	0.9654	0.9651	0.9646	0.9659	0.9328	0.9661	0.9644	0.9361	0.9659	0.9657	0.966	0.966	0.9659	0.9545	0	0.9654	0.9601	0.9659	0.966	0.9656	0.9642	0.9659	0.966	0.9616	0.9629	0.9657	0.966	0.966	0.966	0.9659	0.9636	0.9609	0.9553	0.966	0.966	0.966	0.966	0.966	0.966	0.966	0.966	0.966	0.959	0.9659	0.966	0.9661	0.9589	0.963	0.966	0.9658	0.9661	0.966	0.96	0.966	0.9659	0.966	0.965	0.9661	1.3375	0.957	0.966
  T	0.9657	0.9655	1.096	0.9653	0.9652	0.9654	0.9913	0.9653	1.0542	0.9654	0.967	0.9893	0.9654	0.9653	0.9653	0.9657	0.9653	0.9616	0.9654	0	0.9648	0.9653	0.9653	0.9653	0.9647	0.9652	0.9654	0.964	0.965	0.9653	0.9653	0.9653	0.9653	0.9655	1.3045	0.9638	1.2145	0.9656	0.9832	0.9654	0.9653	0.9653	1.2544	0.9653	0.9653	0.9655	0.9637	0.9655	1.3097	0.9655	0.9634	0.9642	0.9653	0.9654	0.9656	0.9663	0.9633	0.9653	0.9653	0.9653	0.9655	0.9656	10.1275	0.9626	0.9655
  U	0.9603	0.9609	2.1092	0.9601	0.9618	0.9612	0.9641	0.9601	1.9674	0.9595	0.9839	15.3223	0.9596	0.9642	0.9598	0.9611	0.9595	1.4309	0.9601	0.9648	0	0.9596	0.9594	0.9611	0.9597	0.9592	0.96	1.4599	2.5199	0.9607	0.9594	0.9592	0.9593	3.3616	0.9615	0.965	7.7331	1.4077	0.96	0.9598	0.9595	0.9596	0.9602	0.9594	0.9595	0.9598	0.9734	0.9612	0.9933	1.2097	1.0242	0.9661	0.9596	0.9607	0.9603	1.6344	0.9643	0.9592	0.9603	0.9592	0.9786	0.9599	4.5415	2.3805	0.9607
  V	0.9659	0.9658	1.4094	0.9661	0.9653	1.1846	1.0524	0.9658	0.9296	0.966	0.9643	0.9386	0.9658	0.9657	0.9659	0.9662	0.9658	2.1128	0.9659	0.9653	0.9596	0	0.966	0.9655	0.9641	0.9658	0.9659	0.9617	0.9625	0.9656	0.9659	0.9659	0.9659	0.9658	0.9633	0.9604	1.5256	0.966	0.9659	0.9659	0.966	0.9659	0.9659	0.9659	0.9659	0.9659	0.9586	0.9658	1.0729	0.9661	0.9597	0.9947	0.9659	0.9657	0.9659	0.9658	0.9594	0.9659	0.9659	0.9659	0.9651	0.966	0.89	0.9561	0.966
  W	0.9661	0.9659	0.9616	0.9661	0.9654	0.9652	0.9644	0.9659	0.9284	0.9661	0.9641	0.9323	0.9661	0.9657	0.966	0.966	0.966	0.9532	0.966	0.9653	0.9594	0.966	0	0.9656	0.9641	0.9659	0.966	0.9613	0.9625	0.9657	0.9661	0.966	0.966	0.9661	0.9633	0.9603	1.0618	0.9661	0.966	0.966	1.4143	0.966	0.966	0.9661	0.9661	0.9661	0.9584	0.966	0.9661	0.9662	0.9581	0.9626	0.9661	0.9659	0.9661	0.9659	0.9593	0.966	0.966	0.966	0.9649	0.9661	0.8829	0.9559	0.9661
  X	0.9656	0.9656	1.0569	0.9656	0.9652	0.9649	0.9645	0.9655	0.9338	0.9656	0.9645	1.9943	0.9655	0.9653	0.9656	0.9657	0.9655	0.9547	0.9656	0.9653	0.9611	0.9655	0.9656	0	0.964	0.9654	0.9656	0.9615	0.963	0.9654	0.9655	0.9655	0.9655	0.9656	0.9634	1.2122	1.2801	0.9657	0.9656	0.9656	0.9656	0.9656	0.9656	0.9655	0.9656	0.9656	1.1511	0.9656	0.9657	0.9658	0.9598	0.9627	0.9656	0.9655	0.9656	0.966	0.96	0.9655	0.9656	0.9655	0.9649	0.9656	1.1381	1.2045	0.9657
  Y	0.9642	0.9643	0.9617	0.9642	0.9638	0.9642	0.9636	0.9641	0.9288	0.9641	0.9631	0.9399	0.9646	0.9639	0.9641	0.9645	0.9641	0.9533	0.9642	0.9647	0.9597	0.9641	0.9641	0.964	0	0.9639	0.9642	0.9606	0.9625	0.9641	0.9642	0.964	0.964	0.9649	0.962	0.9601	1.1523	0.9645	0.9641	0.9641	0.9642	0.964	0.9642	0.9642	0.964	0.9641	0.9594	0.9644	0.9645	0.9646	1.2266	0.9608	0.9642	0.9645	0.9643	0.9648	0.9582	0.964	0.9642	0.964	0.9642	0.9642	0.8896	0.9568	0.9643
  Z	0.9659	0.9658	0.9615	0.966	0.9653	0.9649	0.9644	0.9658	0.9287	0.966	0.964	0.9325	0.9658	0.9656	0.9659	0.9659	0.9658	0.953	0.9659	0.9652	0.9592	0.9658	0.9659	0.9654	0.9639	0	0.9659	0.961	0.9624	0.9655	0.9659	0.9659	0.9659	0.9658	0.9632	0.9603	0.9586	0.9659	0.9659	0.9659	0.9659	0.9659	0.9659	0.9659	0.9659	0.9659	1.4323	0.9659	0.966	0.966	0.958	0.9625	0.9659	0.9657	0.9659	0.9658	0.9592	0.9659	0.9658	0.9659	0.9648	0.966	0.8833	0.9558	0.9659
  [	0.9661	0.9659	0.962	0.9661	0.9654	0.9651	0.9646	0.9659	0.9322	0.9661	0.9644	0.9356	0.9659	0.9657	0.966	0.966	0.9659	0.9543	0.966	0.9654	0.96	0.9659	0.966	0.9656	0.9642	0.9659	0	0.9616	0.9628	0.9657	0.966	0.966	0.966	0.9659	0.9635	0.9608	0.9551	0.966	0.966	0.966	0.966	0.966	0.966	0.966	0.966	0.966	0.9589	1.1055	0.9661	0.9661	0.9589	0.963	0.966	0.9658	0.9661	0.966	0.9599	0.966	0.9659	0.966	0.965	0.9661	1.2692	0.9568	0.966
  \	0.9616	0.9621	0.9678	1.3822	0.9617	1.4617	1.0103	0.9615	1.6445	0.9612	0.9634	1.3232	0.9612	0.9621	0.9613	1.0764	0.9612	5.2208	0.9616	0.964	1.4599	0.9617	0.9613	0.9615	0.9606	0.961	0.9616	0	0.9626	0.9618	0.9611	0.961	0.9611	0.962	0.9608	0.9593	4.0823	0.9619	0.9614	0.9614	0.9613	0.9612	0.9617	0.9611	1.0902	0.9615	0.9846	0.9623	0.964	0.9625	1.0844	1.3291	0.9612	0.9618	1.4447	0.9633	0.9574	0.9611	0.9614	0.9611	1.5033	0.9615	0.9795	0.9563	0.9616
  ]	1.1664	0.9633	1.7324	0.9627	0.9632	0.963	0.9647	0.9628	1.9048	0.9626	0.9669	2.6935	0.9625	0.9629	0.9626	0.965	0.9625	0.9592	0.9629	0.965	2.5199	0.9625	0.9625	0.963	0.9625	0.9624	0.9628	0.9626	0	0.963	0.9625	1.4437	0.9624	0.9632	1.0008	2.315	2.2358	0.9634	0.9627	0.9627	0.9625	0.9626	0.9629	0.9625	0.9625	0.9628	2.913	0.9635	0.9631	0.9634	2.2281	0.9614	0.9625	0.9647	0.9631	3.2522	0.9613	0.9624	0.9633	0.9624	1.4465	0.9629	7.3614	3.6047	0.9628
  ^	0.9657	0.9657	0.9628	0.966	0.9653	0.9651	0.9814	0.9656	0.9337	0.9657	0.9675	2.5489	0.9656	0.9655	0.9657	0.9659	0.9656	1.0721	0.9657	0.9653	0.9607	0.9656	0.9657	0.9654	0.9641	0.9655	0.9657	0.9618	0.963	0	0.9656	0.9656	0.9656	0.9656	0.9634	1.2461	1.3989	0.9659	0.9657	0.9657	0.9657	0.9657	0.9657	0.9656	0.9658	0.9657	0.9642	0.9657	0.9658	0.9659	0.9748	0.963	0.9657	0.9655	0.9658	0.9662	0.96	0.9656	0.9657	0.9656	1.3796	0.9657	0.9273	0.9578	0.9658
  _	0.966	0.9659	0.963	0.9661	0.9653	0.965	0.9644	0.9659	0.9291	0.9661	0.9642	0.933	0.9659	0.9657	0.966	0.966	0.9659	0.9532	0.966	0.9653	0.9594	0.9659	0.9661	0.9655	0.9642	0.9659	0.966	0.9611	0.9625	0.9656	0	0.966	0.966	0.9661	0.9633	0.9604	1.4289	0.966	0.966	0.966	0.966	0.966	0.966	0.966	0.966	0.966	0.9583	0.9659	0.9661	0.9661	0.9584	0.9626	0.966	0.9658	0.966	0.9659	0.9594	0.966	0.9659	0.966	0.9649	0.966	0.8844	0.9561	0.9661
  `	0.9661	0.9659	0.9615	0.9661	0.9653	0.965	0.9644	0.9659	0.9284	0.9661	0.964	0.9322	0.9659	0.9657	0.966	0.966	0.9659	0.9529	0.966	0.9653	0.9592	0.9659	0.966	0.9655	0.964	0.9659	0.966	0.961	1.4437	0.9656	0.966	0	0.966	0.9659	0.9632	0.9603	0.9537	0.966	0.966	0.966	0.966	0.966	0.966	0.966	0.966	0.966	0.9581	0.9659	0.9661	0.9661	0.958	0.9626	0.966	0.9658	0.966	0.9659	0.9592	0.966	0.9659	0.966	0.9648	0.966	0.8828	0.9558	0.966
  a	0.966	0.9659	0.9616	0.9661	0.9653	0.965	0.9644	0.9659	0.9287	0.9661	0.9641	0.9325	0.9659	0.9657	0.966	0.966	0.9659	0.953	0.966	0.9653	0.9593	0.9659	0.966	0.9655	0.964	0.9659	0.966	0.9611	0.9624	0.9656	0.966	0.966	0	0.9659	0.9632	0.9603	0.9538	0.966	0.966	0.966	0.966	0.966	0.966	0.966	0.966	0.966	1.4376	0.9659	0.9661	0.9661	0.9581	0.9626	0.966	0.9658	0.966	0.9659	0.9593	0.966	0.9659	0.966	0.9648	0.966	0.8834	0.9559	0.966
  b	0.966	0.9659	0.9641	0.966	0.9654	0.9651	0.9647	0.9658	0.9339	0.966	0.9657	0.9397	0.9658	0.9656	0.9659	0.966	0.9658	0.955	0.9659	0.9655	3.3616	0.9658	0.9661	0.9656	0.9649	0.9658	0.9659	0.962	0.9632	0.9656	0.9661	0.9659	0.9659	0	0.9637	0.9611	3.0866	1.1252	0.9659	0.9659	0.9661	0.9659	0.966	0.9659	0.9659	0.966	0.9595	0.9659	0.9662	1.2703	0.9604	0.963	0.9663	0.9658	0.966	0.9682	0.9601	0.9659	0.966	0.9659	0.9653	0.966	1.4469	0.9583	0.9663
  c	0.9636	0.9638	0.9626	0.9634	0.9634	0.965	0.9735	0.9635	4.2644	0.9634	0.9641	0.9478	0.9633	0.9636	0.9633	0.9647	0.9633	0.9571	0.9636	1.3045	0.9615	0.9633	0.9633	0.9634	0.962	0.9632	0.9635	0.9608	1.0008	0.9634	0.9633	0.9632	0.9632	0.9637	0	0.9611	1.0094	0.9636	0.9634	0.9634	0.9633	0.9633	1.1798	0.9633	0.9633	0.9635	0.9605	0.9639	1.0507	0.9639	0.9603	0.9613	0.9633	0.9636	0.9637	0.9643	1.1424	0.9632	0.9633	0.9632	0.9639	0.9635	2.1977	0.9586	0.9634
  d	0.9608	0.9614	0.9683	0.9608	1.609	0.961	0.963	1.4414	0.9479	0.9604	0.9645	12.5934	0.9604	0.9609	0.963	0.9613	0.9891	0.9566	0.9609	0.9638	0.965	0.9604	0.9603	1.2122	0.9601	0.9603	0.9608	0.9593	2.315	1.2461	0.9604	0.9603	0.9603	0.9611	0.9611	0	2.1715	0.9616	0.9607	0.9606	0.9604	1.1408	0.9609	0.9604	0.9605	0.9607	4.7955	0.9617	0.9612	0.9619	1.8714	0.959	0.9604	0.9612	0.961	1.8937	0.9626	0.9602	0.9751	0.9602	0.9635	0.9607	0.9263	3.3111	0.961
  e	0.9555	0.9571	3.3508	0.955	0.9583	3.3277	0.9673	0.9555	1.3644	0.9543	1.0878	7.2795	2.3847	0.9579	0.9568	1.4377	1.4082	6.7097	0.9553	1.2145	7.7331	1.5256	1.0618	1.2801	1.1523	0.9586	0.9551	4.0823	2.2358	1.3989	1.4289	0.9537	0.9538	3.0866	1.0094	2.1715	0	1.8194	0.9548	0.9547	1.3596	0.9543	0.9911	1.4305	0.9541	0.9548	9.0529	0.9572	1.647	1.3186	2.2851	0.9562	1.3045	1.8895	0.9556	1.0761	1.4328	0.9537	1.6491	0.9536	2.6626	0.9548	13.0881	2.8556	1.5238
  f	0.9661	1.0421	1.2241	0.9661	0.9657	0.9653	0.9649	0.9659	0.9332	0.9661	0.9651	1.1084	0.966	0.9657	0.966	0.9662	0.9659	0.9548	0.966	0.9656	1.4077	0.966	0.9661	0.9657	0.9645	0.9659	0.966	0.9619	0.9634	0.9659	0.966	0.966	0.966	1.1252	0.9636	0.9616	1.8194	0	0.9661	0.966	0.9661	0.966	0.9661	0.966	0.9661	0.966	0.9609	0.966	0.9664	0.9663	0.9603	0.963	1.2181	0.9659	0.9661	0.9667	0.9602	0.966	0.966	0.966	1.1781	0.9661	1.2627	0.9581	0.9662
  g	0.966	0.9659	1.5433	0.9661	0.9654	0.9651	1.0096	0.9659	0.9313	0.9661	0.9643	0.992	0.9659	0.9657	0.966	0.9661	0.9659	0.9539	0.966	0.9832	0.96	0.9659	0.966	0.9656	0.9641	0.9659	0.966	0.9614	0.9627	0.9657	0.966	0.966	0.966	0.9659	0.9634	0.9607	0.9548	0.9661	0	0.966	0.966	0.966	0.966	0.966	0.966	0.966	0.9588	0.9659	0.9662	0.9661	0.959	0.9628	0.966	0.9658	0.966	0.966	0.9597	0.9659	0.9659	0.966	0.965	0.9661	1.1413	0.9566	0.966
  h	0.9661	0.9659	0.9619	0.9661	0.9654	0.9651	0.9646	0.9659	0.9311	0.9661	1.2509	0.9345	0.9659	0.9657	0.966	0.966	0.9659	0.9538	0.966	0.9654	0.9598	0.9659	0.966	0.9656	0.9641	0.9659	0.966	0.9614	0.9627	0.9657	0.966	0.966	0.966	0.9659	0.9634	0.9606	0.9547	0.966	0.966	0	0.966	0.966	0.966	0.966	0.966	0.966	0.9587	0.966	0.9661	0.9661	0.9586	0.9628	0.966	0.9658	0.9661	0.9659	0.9597	0.966	0.9659	0.966	0.965	0.9661	1.1237	0.9565	0.9661
  i	0.9661	0.9659	0.9617	0.9661	0.9654	0.9652	0.9644	0.9659	0.929	0.9661	0.9642	0.933	0.9661	0.9657	0.966	0.966	0.966	0.9535	0.966	0.9653	0.9595	0.966	1.4143	0.9656	0.9642	0.9659	0.966	0.9613	0.9625	0.9657	0.966	0.966	0.966	0.9661	0.9633	0.9604	1.3596	0.9661	0.966	0.966	0	0.966	0.966	0.966	0.9661	0.966	0.9585	0.966	0.9661	0.9662	0.9584	0.9627	0.9661	0.9659	0.9661	0.9659	0.9594	0.966	0.966	0.966	0.965	0.9661	0.8841	0.9561	0.9662
  j	0.966	0.9659	0.9618	0.9661	0.9654	0.965	0.9644	0.9659	0.9297	0.966	0.9641	1.2272	0.9659	0.9657	0.966	0.9659	0.9659	0.9534	0.966	0.9653	0.9596	0.9659	0.966	0.9656	0.964	0.9659	0.966	0.9612	0.9626	0.9657	0.966	0.966	0.966	0.9659	0.9633	1.1408	0.9543	0.966	0.966	0.966	0.966	0	0.966	0.966	0.966	0.966	0.9598	0.9659	0.966	0.9661	0.9584	0.9627	0.966	0.9658	0.966	0.966	0.9595	0.9659	0.9659	0.966	0.9649	0.966	0.8854	0.9564	0.966
  k	0.9661	0.9659	1.4345	0.9661	0.9654	0.9652	0.9647	0.9659	0.9324	0.9661	0.9645	0.936	0.966	0.9657	0.966	0.9661	0.9659	0.9544	0.966	1.2544	0.9602	0.9659	0.966	0.9656	0.9642	0.9659	0.966	0.9617	0.9629	0.9657	0.966	0.966	0.966	0.966	1.1798	0.9609	0.9911	0.9661	0.966	0.966	0.966	0.966	0	0.966	0.966	0.966	0.9591	0.9659	1.0311	0.9661	0.9593	0.9629	0.966	0.9658	0.9661	0.966	0.96	0.966	0.966	0.966	0.965	0.9661	1.3463	0.9569	0.9661
  l	0.966	0.9659	0.9616	0.9661	0.9653	0.965	0.9644	0.9659	0.9291	0.9661	0.9642	0.933	0.9659	0.9657	0.966	0.966	0.9659	0.9532	0.966	0.9653	0.9594	0.9659	0.9661	0.9655	0.9642	0.9659	0.966	0.9611	0.9625	0.9656	0.966	0.966	0.966	0.9659	0.9633	0.9604	1.4305	0.966	0.966	0.966	0.966	0.966	0.966	0	0.966	0.966	0.9583	0.9659	0.9661	0.9661	0.9584	0.9627	0.966	0.9658	0.966	0.9659	0.9594	0.966	0.9659	0.966	0.9649	0.966	0.8843	0.9561	0.9661
  m	0.9661	0.966	0.9616	1.1753	0.9655	0.9651	0.9645	0.966	0.9285	0.9661	0.9641	0.9564	0.966	0.9657	0.9661	0.9663	0.9659	0.9541	0.966	0.9653	0.9595	0.9659	0.9661	0.9656	0.964	0.9659	0.966	1.0902	0.9625	0.9658	0.966	0.966	0.966	0.9659	0.9633	0.9605	0.9541	0.9661	0.966	0.966	0.9661	0.966	0.966	0.966	0	0.9661	0.9583	0.966	0.9661	0.9661	0.9581	0.9627	0.9661	0.9658	0.9662	0.9659	0.9593	0.9661	0.966	0.966	1.431	0.9661	0.8831	0.956	0.9661
  n	0.9661	0.966	0.962	0.9661	0.9654	0.9652	0.9647	0.9659	0.9314	0.9661	0.9644	0.9346	0.966	0.9657	0.966	1.1538	0.9659	0.9539	0.966	0.9655	0.9598	0.9659	0.9661	0.9656	0.9641	0.9659	0.966	0.9615	0.9628	0.9657	0.966	0.966	0.966	0.966	0.9635	0.9607	0.9548	0.966	0.966	0.966	0.966	0.966	0.966	0.966	0.9661	0	0.9587	0.966	0.9661	0.9661	0.9587	0.9629	0.966	0.9659	1.0474	0.966	0.9597	0.966	0.966	0.966	0.9653	0.9661	1.1401	0.9565	0.9661
  o	0.9591	0.9598	1.2401	0.9588	2.7387	3.3149	1.0882	0.9589	2.3968	0.9583	0.9818	11.0376	0.9585	0.9592	1.466	0.9607	1.8322	1.1161	0.959	0.9637	0.9734	0.9586	0.9584	1.1511	0.9594	1.4323	0.9589	0.9846	2.913	0.9642	0.9583	0.9581	1.4376	0.9595	0.9605	4.7955	9.0529	0.9609	0.9588	0.9587	0.9585	0.9598	0.9591	0.9583	0.9583	0.9587	0	0.9602	0.9602	0.9613	1.2324	0.9574	0.9583	0.9597	0.9592	1.5239	0.9599	0.958	1.2033	0.9581	0.9799	0.9588	2.4606	1.8125	0.96
  p	0.9661	0.9659	0.9627	0.966	0.9655	0.9652	0.9649	0.9659	0.9379	0.966	0.965	0.9409	0.9659	0.9657	0.9659	0.966	0.9659	0.9563	0.9659	0.9655	0.9612	0.9658	0.966	0.9656	0.9644	0.9659	1.1055	0.9623	0.9635	0.9657	0.9659	0.9659	0.9659	0.9659	0.9639	0.9617	0.9572	0.966	0.9659	0.966	0.966	0.9659	0.9659	0.9659	0.966	0.966	0.9602	0	0.966	0.966	0.9601	0.9634	0.9659	1.5929	0.9661	0.9661	0.9609	0.9659	0.9659	0.9659	1.2796	0.966	2.0815	0.9584	0.966
  q	0.9662	0.966	2.1585	0.9662	0.9655	0.9654	1.3495	0.966	0.9339	0.9662	0.965	1.4069	0.9661	0.9658	0.9661	0.9663	0.966	0.9553	0.966	1.3097	0.9933	1.0729	0.9661	0.9657	0.9645	0.966	0.9661	0.964	0.9631	0.9658	0.9661	0.9661	0.9661	0.9662	1.0507	0.9612	1.647	0.9664	0.9662	0.9661	0.9661	0.966	1.0311	0.9661	0.9661	0.9661	0.9602	0.966	0	0.9662	0.9621	0.9632	0.9661	0.9659	0.9662	0.9666	0.9603	0.966	0.9661	0.9661	0.9653	0.9662	1.402	0.9575	0.9663
  r	0.9662	0.966	0.9629	0.9662	0.9657	0.9656	0.9649	0.966	0.9358	0.9663	0.9652	0.9777	0.9662	0.9658	0.9661	0.9662	0.9661	0.9562	0.9661	0.9655	1.2097	0.9661	0.9662	0.9658	0.9646	0.966	0.9661	0.9625	0.9634	0.9659	0.9661	0.9661	0.9661	1.2703	0.9639	0.9619	1.3186	0.9663	0.9661	0.9661	0.9662	0.9661	0.9661	0.9661	0.9661	0.9661	0.9613	0.966	0.9662	0	0.9601	0.9634	0.9662	0.966	0.9662	0.9665	0.9608	0.9661	0.9661	0.9661	0.9654	0.9662	1.7979	0.9586	1.3893
  s	0.9593	0.9598	1.8583	0.9586	0.9601	0.9607	1.1201	0.9598	2.6497	0.9583	0.9652	8.1598	0.9591	0.9591	0.9585	0.9602	0.9586	0.959	0.9589	0.9634	1.0242	0.9597	0.9581	0.9598	1.2266	0.958	0.9589	1.0844	2.2281	0.9748	0.9584	0.958	0.9581	0.9604	0.9603	1.8714	2.2851	0.9603	0.959	0.9586	0.9584	0.9584	0.9593	0.9584	0.9581	0.9587	1.2324	0.9601	0.9621	0.9601	0	0.9574	0.9583	0.9678	0.9591	1.7682	0.9589	0.9579	0.9601	0.958	0.9628	0.9588	6.7325	2.1302	0.959
  t	0.9629	0.9632	0.9606	0.9634	0.9627	1.0038	0.9639	0.9628	0.9322	0.9627	0.9626	0.9339	0.9627	0.9667	0.9627	1.1637	0.9626	8.6571	0.963	0.9642	0.9661	0.9947	0.9626	0.9627	0.9608	0.9625	0.963	1.3291	0.9614	0.963	0.9626	0.9626	0.9626	0.963	0.9613	0.959	0.9562	0.963	0.9628	0.9628	0.9627	0.9627	0.9629	0.9627	0.9627	0.9629	0.9574	0.9634	0.9632	0.9634	0.9574	0	0.9627	0.963	0.9632	0.9634	0.9589	0.9626	0.9626	0.9626	0.9645	0.9629	0.8885	0.9549	0.9627
  u	0.9661	0.9659	0.9619	0.9661	0.9654	0.9651	0.9644	0.9659	0.9289	0.9661	0.9642	0.9328	0.966	0.9657	0.966	0.966	0.9659	0.9533	0.966	0.9653	0.9596	0.9659	0.9661	0.9656	0.9642	0.9659	0.966	0.9612	0.9625	0.9657	0.966	0.966	0.966	0.9663	0.9633	0.9604	1.3045	1.2181	0.966	0.966	0.9661	0.966	0.966	0.966	0.9661	0.966	0.9583	0.9659	0.9661	0.9662	0.9583	0.9627	0	0.9658	0.9661	0.9659	0.9593	0.966	0.966	0.966	0.965	0.9661	0.8839	0.9561	0.9661
  v	0.9659	0.9658	0.9624	0.9659	0.9653	0.9651	0.9647	0.9657	0.9348	0.9659	0.965	0.9515	0.9657	0.9656	0.9658	0.9659	0.9657	0.9553	0.9658	0.9654	0.9607	0.9657	0.9659	0.9655	0.9645	0.9657	0.9658	0.9618	0.9647	0.9655	0.9658	0.9658	0.9658	0.9658	0.9636	0.9612	1.8895	0.9659	0.9658	0.9658	0.9659	0.9658	0.9658	0.9658	0.9658	0.9659	0.9597	1.5929	0.9659	0.966	0.9678	0.963	0.9658	0	0.9659	0.966	0.9603	0.9658	0.9658	0.9658	0.9653	0.9659	1.6598	0.9577	0.966
  w	0.9662	0.966	0.9623	0.9663	0.9655	0.9653	1.0564	0.966	0.9337	0.9661	0.9647	0.9366	0.966	0.9658	0.9661	1.3399	0.966	0.9554	0.9661	0.9656	0.9603	0.9659	0.9661	0.9656	0.9643	0.9659	0.9661	1.4447	0.9631	0.9658	0.966	0.966	0.966	0.966	0.9637	0.961	0.9556	0.9661	0.966	0.9661	0.9661	0.966	0.9661	0.966	0.9662	1.0474	0.9592	0.9661	0.9662	0.9662	0.9591	0.9632	0.9661	0.9659	0	0.9661	0.9601	0.966	0.966	0.9661	1.4471	1.0938	1.4636	0.9571	0.9661
  x	0.9664	0.966	0.9743	0.9661	0.9796	0.9655	0.9656	0.9661	0.9418	0.966	0.9665	2.6435	0.9659	0.9658	0.9661	0.9662	0.9659	0.957	0.966	0.9663	1.6344	0.9658	0.9659	0.966	0.9648	0.9658	0.966	0.9633	3.2522	0.9662	0.9659	0.9659	0.9659	0.9682	0.9643	1.8937	1.0761	0.9667	0.966	0.9659	0.9659	0.966	0.966	0.9659	0.9659	0.966	1.5239	0.9661	0.9666	0.9665	1.7682	0.9634	0.9659	0.966	0.9661	0	0.9616	0.9658	0.966	0.9659	0.9661	0.966	1.687	2.6527	0.9661
  y	0.9599	0.9606	0.9623	0.9597	0.9613	0.9604	0.9652	0.9599	3.1904	0.9594	0.965	2.3811	0.9594	0.9615	0.9595	0.9608	0.9593	1.4289	0.96	0.9633	0.9643	0.9594	0.9593	0.96	0.9582	0.9592	0.9599	0.9574	0.9613	0.96	0.9594	0.9592	0.9593	0.9601	1.1424	0.9626	1.4328	0.9602	0.9597	0.9597	0.9594	0.9595	0.96	0.9594	0.9593	0.9597	0.9599	0.9609	0.9603	0.9608	0.9589	0.9589	0.9593	0.9603	0.9601	0.9616	0	0.9592	0.9594	0.9592	0.9622	0.9598	1.7877	0.9584	0.9596
  z	0.966	0.9659	0.9615	0.9661	0.9653	0.965	0.9644	0.9659	0.9283	0.966	0.964	0.9321	0.9659	0.9656	0.966	0.966	0.9659	0.9529	0.966	0.9653	0.9592	0.9659	0.966	0.9655	0.964	0.9659	0.966	0.9611	0.9624	0.9656	0.966	0.966	0.966	0.9659	0.9632	0.9602	0.9537	0.966	0.9659	0.966	0.966	0.9659	0.966	0.966	0.9661	0.966	0.958	0.9659	0.966	0.9661	0.9579	0.9626	0.966	0.9658	0.966	0.9658	0.9592	0	0.9659	0.966	1.4473	0.966	0.8825	0.9557	0.966
  {	0.966	0.9659	0.9621	0.966	0.9655	0.9655	0.9645	0.9659	0.9295	0.966	0.9645	0.9479	0.966	0.9656	0.966	0.966	0.9659	0.9539	0.9659	0.9653	0.9603	0.9659	0.966	0.9656	0.9642	0.9658	0.9659	0.9614	0.9633	0.9657	0.9659	0.9659	0.9659	0.966	0.9633	0.9751	1.6491	0.966	0.9659	0.9659	0.966	0.9659	0.966	0.9659	0.966	0.966	1.2033	0.9659	0.9661	0.9661	0.9601	0.9626	0.966	0.9658	0.966	0.966	0.9594	0.9659	0	0.9659	0.9655	0.966	0.8902	0.9567	0.9661
  |	0.966	0.9659	0.9615	0.9661	0.9653	0.965	1.4472	0.9659	0.9284	0.9661	0.964	0.9321	0.9659	0.9657	0.966	0.966	0.9659	0.953	0.966	0.9653	0.9592	0.9659	0.966	0.9655	0.964	0.9659	0.966	0.9611	0.9624	0.9656	0.966	0.966	0.966	0.9659	0.9632	0.9602	0.9536	0.966	0.966	0.966	0.966	0.966	0.966	0.966	0.966	0.966	0.9581	0.9659	0.9661	0.9661	0.958	0.9626	0.966	0.9658	0.9661	0.9659	0.9592	0.966	0.9659	0	0.9648	0.9661	0.8826	0.9557	0.966
  }	0.9653	0.9911	0.9845	1.0331	0.965	1.009	1.0187	0.965	0.9462	0.965	1.4626	1.5827	0.965	0.9651	0.9649	2.8977	0.9649	2.2621	0.965	0.9655	0.9786	0.9651	0.9649	0.9649	0.9642	0.9648	0.965	1.5033	1.4465	1.3796	0.9649	0.9648	0.9648	0.9653	0.9639	0.9635	2.6626	1.1781	0.965	0.965	0.965	0.9649	0.965	0.9649	1.431	0.9653	0.9799	1.2796	0.9653	0.9654	0.9628	0.9645	0.965	0.9653	1.4471	0.9661	0.9622	1.4473	0.9655	0.9648	0	0.9651	3.9386	0.9614	0.9653
  ~	0.9661	0.966	0.9621	0.9661	0.9654	0.9652	1.1231	0.966	0.9324	0.9661	0.9645	0.9349	0.966	0.9658	0.9661	0.9662	0.966	0.954	0.9661	0.9656	0.9599	0.966	0.9661	0.9656	0.9642	0.966	0.9661	0.9615	0.9629	0.9657	0.966	0.966	0.966	0.966	0.9635	0.9607	0.9548	0.9661	0.9661	0.9661	0.9661	0.966	0.9661	0.966	0.9661	0.9661	0.9588	0.966	0.9662	0.9662	0.9588	0.9629	0.9661	0.9659	1.0938	0.966	0.9598	0.966	0.966	0.9661	0.9651	0	1.1525	0.9566	0.9661
  	1.1792	1.7109	5.8448	0.8868	0.899	1.4152	5.1378	0.9984	78.6303	0.9515	3.739	9.5947	0.8858	1.3449	0.8854	1.7252	0.885	1.5734	1.3375	10.1275	4.5415	0.89	0.8829	1.1381	0.8896	0.8833	1.2692	0.9795	7.3614	0.9273	0.8844	0.8828	0.8834	1.4469	2.1977	0.9263	13.0881	1.2627	1.1413	1.1237	0.8841	0.8854	1.3463	0.8843	0.8831	1.1401	2.4606	2.0815	1.402	1.7979	6.7325	0.8885	0.8839	1.6598	1.4636	1.687	1.7877	0.8825	0.8902	0.8826	3.9386	1.1525	0	1.4599	0.965
  	0.9569	0.958	1.0208	0.9566	0.962	0.9579	0.9616	1.9185	2.7298	0.956	0.9635	11.4812	0.9564	0.9572	0.9564	0.958	1.1646	0.9548	0.957	0.9626	2.3805	0.9561	0.9559	1.2045	0.9568	0.9558	0.9568	0.9563	3.6047	0.9578	0.9561	0.9558	0.9559	0.9583	0.9586	3.3111	2.8556	0.9581	0.9566	0.9565	0.9561	0.9564	0.9569	0.9561	0.956	0.9565	1.8125	0.9584	0.9575	0.9586	2.1302	0.9549	0.9561	0.9577	0.9571	2.6527	0.9584	0.9557	0.9567	0.9557	0.9614	0.9566	1.4599	0	0.9601
  	0.9661	0.966	1.0122	0.9661	0.9655	0.9654	0.9647	0.966	0.9299	1.1372	1.2753	0.9744	0.9662	0.9657	0.9661	0.9661	0.966	0.9539	0.966	0.9655	0.9607	0.966	0.9661	0.9657	0.9643	0.9659	0.966	0.9616	0.9628	0.9658	0.9661	0.966	0.966	0.9663	0.9634	0.961	1.5238	0.9662	0.966	0.9661	0.9662	0.966	0.9661	0.9661	0.9661	0.9661	0.96	0.966	0.9663	1.3893	0.959	0.9627	0.9661	0.966	0.9661	0.9661	0.9596	0.966	0.9661	0.966	0.9653	0.9661	0.965	0.9601	0

Actual rates from j->i (Q_ij):
	A	B	C	D	E	F	G	H	I	J	K	L	M	N	O	P	Q	R	S	T	U	V	W	X	Y	Z	[	\	]	^	_	`	a	b	c	d	e	f	g	h	i	j	k	l	m	n	o	p	q	r	s	t	u	v	w	x	y	z	{	|	}	~			
  A	0	0.0175	0.0174	0.0175	0.0175	0.0175	0.0175	0.0175	0.0169	0.0175	0.0175	0.0169	0.0175	0.0175	0.0175	0.0175	0.0175	0.0173	0.0175	0.0175	0.0174	0.0175	0.0175	0.0175	0.0174	0.0175	0.0175	0.0174	0.0211	0.0175	0.0175	0.0175	0.0175	0.0175	0.0174	0.0174	0.0173	0.0175	0.0175	0.0175	0.0175	0.0175	0.0175	0.0175	0.0175	0.0175	0.0174	0.0175	0.0175	0.0175	0.0174	0.0174	0.0175	0.0175	0.0175	0.0175	0.0174	0.0175	0.0175	0.0175	0.0175	0.0175	0.0213	0.0173	0.0175
  B	0.015	0	0.0149	0.015	0.015	0.015	0.0149	0.015	0.0218	0.015	0.0149	0.0146	0.015	0.015	0.015	0.015	0.015	0.0148	0.015	0.015	0.0149	0.015	0.015	0.015	0.0149	0.015	0.015	0.0149	0.0149	0.015	0.015	0.015	0.015	0.015	0.0149	0.0149	0.0148	0.0161	0.015	0.015	0.015	0.015	0.015	0.015	0.015	0.015	0.0149	0.015	0.015	0.015	0.0149	0.0149	0.015	0.015	0.015	0.015	0.0149	0.015	0.015	0.015	0.0154	0.015	0.0265	0.0148	0.015
  C	0.0077	0.0077	0	0.0077	0.0077	0.0077	0.01	0.0077	0.0089	0.008	0.0087	0.038	0.0077	0.0077	0.0077	0.0111	0.0077	0.0077	0.0077	0.0088	0.0168	0.0113	0.0077	0.0084	0.0077	0.0077	0.0077	0.0077	0.0138	0.0077	0.0077	0.0077	0.0077	0.0077	0.0077	0.0077	0.0268	0.0098	0.0123	0.0077	0.0077	0.0077	0.0115	0.0077	0.0077	0.0077	0.0099	0.0077	0.0172	0.0077	0.0148	0.0077	0.0077	0.0077	0.0077	0.0078	0.0077	0.0077	0.0077	0.0077	0.0079	0.0077	0.0467	0.0082	0.0081
  D	0.0181	0.0181	0.0181	0	0.0181	0.0181	0.0181	0.0181	0.0175	0.0181	0.0181	0.0205	0.0181	0.0181	0.0181	0.0181	0.0181	0.0628	0.0181	0.0181	0.018	0.0181	0.0181	0.0181	0.0181	0.0181	0.0181	0.0259	0.0181	0.0181	0.0181	0.0181	0.0181	0.0181	0.0181	0.018	0.0179	0.0181	0.0181	0.0181	0.0181	0.0181	0.0181	0.0181	0.0221	0.0181	0.018	0.0181	0.0181	0.0181	0.018	0.0181	0.0181	0.0181	0.0181	0.0181	0.018	0.0181	0.0181	0.0181	0.0194	0.0181	0.0166	0.0179	0.0181
  E	0.0153	0.0153	0.0153	0.0153	0	0.0153	0.0153	0.0153	0.0148	0.0153	0.0153	0.0654	0.0153	0.0153	0.0188	0.0153	0.0153	0.0151	0.0153	0.0153	0.0152	0.0153	0.0153	0.0153	0.0153	0.0153	0.0153	0.0152	0.0153	0.0153	0.0153	0.0153	0.0153	0.0153	0.0153	0.0255	0.0152	0.0153	0.0153	0.0153	0.0153	0.0153	0.0153	0.0153	0.0153	0.0153	0.0434	0.0153	0.0153	0.0153	0.0152	0.0153	0.0153	0.0153	0.0153	0.0155	0.0152	0.0153	0.0153	0.0153	0.0153	0.0153	0.0142	0.0152	0.0153
  F	0.0157	0.0157	0.0157	0.0157	0.0157	0	0.0166	0.0157	0.0193	0.0157	0.0157	0.0154	0.0157	0.0157	0.0157	0.0214	0.0189	0.0827	0.0157	0.0157	0.0156	0.0193	0.0157	0.0157	0.0157	0.0157	0.0157	0.0238	0.0157	0.0157	0.0157	0.0157	0.0157	0.0157	0.0157	0.0156	0.0541	0.0157	0.0157	0.0157	0.0157	0.0157	0.0157	0.0157	0.0157	0.0157	0.0539	0.0157	0.0157	0.0157	0.0156	0.0163	0.0157	0.0157	0.0157	0.0157	0.0156	0.0157	0.0157	0.0157	0.0164	0.0157	0.023	0.0156	0.0157
  G	0.0086	0.0086	0.0112	0.0086	0.0086	0.0091	0	0.0086	0.0388	0.0086	0.0114	0.0102	0.0086	0.0088	0.0086	0.0089	0.0086	0.0106	0.0086	0.0089	0.0086	0.0094	0.0086	0.0086	0.0086	0.0086	0.0086	0.009	0.0086	0.0088	0.0086	0.0086	0.0086	0.0086	0.0087	0.0086	0.0087	0.0086	0.009	0.0086	0.0086	0.0086	0.0086	0.0086	0.0086	0.0086	0.0097	0.0086	0.0121	0.0086	0.01	0.0086	0.0086	0.0086	0.0095	0.0086	0.0086	0.0086	0.0086	0.013	0.0091	0.0101	0.046	0.0086	0.0086
  H	0.0172	0.0171	0.0171	0.0172	0.0171	0.0171	0.0171	0	0.0229	0.0172	0.0171	0.0249	0.0171	0.0171	0.0172	0.0172	0.0171	0.0169	0.0172	0.0171	0.017	0.0171	0.0172	0.0171	0.0171	0.0171	0.0172	0.0171	0.0171	0.0171	0.0172	0.0172	0.0172	0.0171	0.0171	0.0256	0.017	0.0172	0.0172	0.0172	0.0172	0.0172	0.0172	0.0172	0.0172	0.0172	0.017	0.0171	0.0172	0.0172	0.017	0.0171	0.0172	0.0171	0.0172	0.0172	0.017	0.0171	0.0171	0.0172	0.0171	0.0172	0.0177	0.0341	0.0172
  I	0.0015	0.0022	0.0018	0.0015	0.0015	0.0019	0.0069	0.0021	0	0.0015	0.0032	0.0041	0.0015	0.0018	0.0015	0.0022	0.0015	0.0032	0.0015	0.0017	0.0031	0.0015	0.0015	0.0015	0.0015	0.0015	0.0015	0.0026	0.003	0.0015	0.0015	0.0015	0.0015	0.0015	0.0068	0.0015	0.0022	0.0015	0.0015	0.0015	0.0015	0.0015	0.0015	0.0015	0.0015	0.0015	0.0038	0.0015	0.0015	0.0015	0.0042	0.0015	0.0015	0.0015	0.0015	0.0015	0.0051	0.0015	0.0015	0.0015	0.0015	0.0015	0.1256	0.0044	0.0015
  J	0.0187	0.0187	0.0194	0.0187	0.0187	0.0187	0.0186	0.0187	0.018	0	0.024	0.018	0.0187	0.0187	0.0187	0.0187	0.0187	0.0184	0.0187	0.0187	0.0185	0.0187	0.0187	0.0187	0.0186	0.0187	0.0187	0.0186	0.0186	0.0187	0.0187	0.0187	0.0187	0.0187	0.0186	0.0186	0.0184	0.0187	0.0187	0.0187	0.0187	0.0187	0.0187	0.0187	0.0187	0.0187	0.0185	0.0187	0.0187	0.0187	0.0185	0.0186	0.0187	0.0187	0.0187	0.0187	0.0185	0.0187	0.0187	0.0187	0.0187	0.0187	0.0184	0.0185	0.022
  K	0.0107	0.0107	0.012	0.0107	0.0107	0.0107	0.0141	0.0107	0.0219	0.0138	0	0.0115	0.0107	0.0107	0.0107	0.0107	0.0107	0.0109	0.0107	0.0107	0.0109	0.0107	0.0107	0.0107	0.0107	0.0107	0.0107	0.0107	0.0107	0.0107	0.0107	0.0107	0.0107	0.0107	0.0107	0.0107	0.012	0.0107	0.0107	0.0139	0.0107	0.0107	0.0107	0.0107	0.0107	0.0107	0.0109	0.0107	0.0107	0.0107	0.0107	0.0107	0.0107	0.0107	0.0107	0.0107	0.0107	0.0107	0.0107	0.0107	0.0162	0.0107	0.0414	0.0107	0.0141
  L	0.0071	0.0071	0.0359	0.0082	0.0312	0.0071	0.0086	0.0106	0.0192	0.007	0.0078	0	0.0071	0.0071	0.0094	0.0071	0.0083	0.0073	0.0071	0.0075	0.1157	0.0071	0.007	0.0151	0.0071	0.007	0.0071	0.01	0.0203	0.0192	0.007	0.007	0.007	0.0071	0.0072	0.0951	0.055	0.0084	0.0075	0.0071	0.007	0.0093	0.0071	0.007	0.0072	0.0071	0.0834	0.0071	0.0106	0.0074	0.0616	0.0071	0.007	0.0072	0.0071	0.02	0.018	0.007	0.0072	0.007	0.012	0.0071	0.0725	0.0867	0.0074
  M	0.0184	0.0184	0.0183	0.0184	0.0184	0.0184	0.0183	0.0184	0.0177	0.0184	0.0184	0.0178	0	0.0184	0.0184	0.0184	0.0184	0.0181	0.0184	0.0184	0.0183	0.0184	0.0184	0.0184	0.0184	0.0184	0.0184	0.0183	0.0183	0.0184	0.0184	0.0184	0.0184	0.0184	0.0183	0.0183	0.0454	0.0184	0.0184	0.0184	0.0184	0.0184	0.0184	0.0184	0.0184	0.0184	0.0182	0.0184	0.0184	0.0184	0.0182	0.0183	0.0184	0.0184	0.0184	0.0184	0.0183	0.0184	0.0184	0.0184	0.0184	0.0184	0.0169	0.0182	0.0184
  N	0.0163	0.0163	0.0162	0.0163	0.0163	0.0163	0.0166	0.0163	0.0193	0.0163	0.0163	0.0158	0.0163	0	0.0163	0.0163	0.0163	0.0318	0.0163	0.0163	0.0162	0.0163	0.0163	0.0163	0.0162	0.0163	0.0163	0.0162	0.0162	0.0163	0.0163	0.0163	0.0163	0.0163	0.0162	0.0162	0.0161	0.0163	0.0163	0.0163	0.0163	0.0163	0.0163	0.0163	0.0163	0.0163	0.0162	0.0163	0.0163	0.0163	0.0162	0.0163	0.0163	0.0163	0.0163	0.0163	0.0162	0.0163	0.0163	0.0163	0.0163	0.0163	0.0227	0.0161	0.0163
  O	0.0184	0.0184	0.0184	0.0184	0.0226	0.0184	0.0184	0.0184	0.0177	0.0184	0.0184	0.0237	0.0184	0.0184	0	0.0184	0.0184	0.0182	0.0184	0.0184	0.0183	0.0184	0.0184	0.0184	0.0184	0.0184	0.0184	0.0183	0.0184	0.0184	0.0184	0.0184	0.0184	0.0184	0.0184	0.0184	0.0183	0.0184	0.0184	0.0184	0.0184	0.0184	0.0184	0.0184	0.0184	0.0184	0.028	0.0184	0.0184	0.0184	0.0183	0.0184	0.0184	0.0184	0.0184	0.0184	0.0183	0.0184	0.0184	0.0184	0.0184	0.0184	0.0169	0.0182	0.0184
  P	0.0158	0.0158	0.0227	0.0158	0.0158	0.0215	0.0162	0.0158	0.0225	0.0158	0.0158	0.0153	0.0158	0.0158	0.0158	0	0.0158	0.0352	0.0158	0.0158	0.0157	0.0158	0.0158	0.0158	0.0157	0.0158	0.0158	0.0176	0.0157	0.0158	0.0158	0.0158	0.0158	0.0158	0.0157	0.0157	0.0235	0.0158	0.0158	0.0158	0.0158	0.0158	0.0158	0.0158	0.0158	0.0188	0.0157	0.0158	0.0158	0.0158	0.0157	0.019	0.0158	0.0158	0.0219	0.0158	0.0157	0.0158	0.0158	0.0158	0.0473	0.0158	0.0281	0.0156	0.0158
  Q	0.0186	0.0186	0.0185	0.0186	0.0186	0.0224	0.0185	0.0186	0.0179	0.0186	0.0185	0.0213	0.0186	0.0186	0.0186	0.0186	0	0.0183	0.0186	0.0186	0.0184	0.0186	0.0186	0.0186	0.0185	0.0186	0.0186	0.0185	0.0185	0.0186	0.0186	0.0186	0.0186	0.0186	0.0185	0.019	0.0271	0.0186	0.0186	0.0186	0.0186	0.0186	0.0186	0.0186	0.0186	0.0186	0.0352	0.0186	0.0186	0.0186	0.0184	0.0185	0.0186	0.0186	0.0186	0.0186	0.0184	0.0186	0.0186	0.0186	0.0186	0.0186	0.017	0.0224	0.0186
  R	0.0115	0.0115	0.0116	0.0404	0.0115	0.0613	0.0142	0.0115	0.0241	0.0115	0.0119	0.0117	0.0115	0.0227	0.0115	0.0261	0.0115	0	0.0115	0.0116	0.0173	0.0255	0.0115	0.0115	0.0115	0.0115	0.0115	0.063	0.0116	0.0129	0.0115	0.0115	0.0115	0.0115	0.0115	0.0115	0.0809	0.0115	0.0115	0.0115	0.0115	0.0115	0.0115	0.0115	0.0115	0.0115	0.0135	0.0115	0.0115	0.0115	0.0116	0.1044	0.0115	0.0115	0.0115	0.0115	0.0172	0.0115	0.0115	0.0115	0.0273	0.0115	0.019	0.0115	0.0115
  S	0.0168	0.0168	0.0167	0.0168	0.0168	0.0168	0.0167	0.0168	0.0162	0.0168	0.0167	0.0163	0.0168	0.0168	0.0168	0.0168	0.0168	0.0166	0	0.0168	0.0167	0.0168	0.0168	0.0168	0.0167	0.0168	0.0168	0.0167	0.0167	0.0168	0.0168	0.0168	0.0168	0.0168	0.0167	0.0167	0.0166	0.0168	0.0168	0.0168	0.0168	0.0168	0.0168	0.0168	0.0168	0.0168	0.0167	0.0168	0.0168	0.0168	0.0167	0.0167	0.0168	0.0168	0.0168	0.0168	0.0167	0.0168	0.0168	0.0168	0.0168	0.0168	0.0232	0.0166	0.0168
  T	0.0064	0.0064	0.0072	0.0064	0.0064	0.0064	0.0065	0.0064	0.007	0.0064	0.0064	0.0065	0.0064	0.0064	0.0064	0.0064	0.0064	0.0063	0.0064	0	0.0064	0.0064	0.0064	0.0064	0.0064	0.0064	0.0064	0.0064	0.0064	0.0064	0.0064	0.0064	0.0064	0.0064	0.0086	0.0064	0.008	0.0064	0.0065	0.0064	0.0064	0.0064	0.0083	0.0064	0.0064	0.0064	0.0064	0.0064	0.0086	0.0064	0.0064	0.0064	0.0064	0.0064	0.0064	0.0064	0.0064	0.0064	0.0064	0.0064	0.0064	0.0064	0.0668	0.0064	0.0064
