Map from character to field name
A:	Canada
B:	China
C:	Singapore
D:	South Korea
E:	Thailand
F:	Usa
G:	?


Substitution rate (mu): 27.317686

Equilibrium frequencies (pi_i):
  A: 0.1652
  B: 0.1913
  C: 0.1568
  D: 0.1562
  E: 0.1566
  F: 0.1739

Symmetrized rates from j->i (W_ij):
	A	B	C	D	E	F
  A	0	0.5989	0.5641	0.5609	0.5641	2.8471
  B	0.5989	0	0.829	1.2552	0.8363	4.989
  C	0.5641	0.829	0	0.5627	0.566	0.554
  D	0.5609	1.2552	0.5627	0	0.5627	1.1242
  E	0.5641	0.8363	0.566	0.5627	0	0.5541
  F	2.8471	4.989	0.554	1.1242	0.5541	0

Actual rates from j->i (Q_ij):
	A	B	C	D	E	F
  A	0	0.0989	0.0932	0.0927	0.0932	0.4703
  B	0.1146	0	0.1586	0.2401	0.16	0.9545
  C	0.0884	0.13	0	0.0882	0.0887	0.0869
  D	0.0876	0.196	0.0879	0	0.0879	0.1755
  E	0.0884	0.131	0.0887	0.0881	0	0.0868
  F	0.4951	0.8676	0.0963	0.1955	0.0964	0
