Map from character to field name
A:	Algeria
B:	Argentina
C:	Australia
D:	Austria
E:	Bangladesh
F:	Belgium
G:	Brazil
H:	Cambodia
I:	Canada
J:	Chad
K:	Chile
L:	China
M:	Czech Republic
N:	Denmark
O:	Egypt
P:	France
Q:	Georgia
R:	Germany
S:	Guam
T:	Guatemala
U:	Hong Kong
V:	Hungary
W:	Iceland
X:	India
Y:	Indonesia
Z:	Iran
[:	Ireland
\:	Italy
]:	Japan
^:	Kazakhstan
_:	Kuwait
`:	Laos
a:	Luxembourg
b:	Malaysia
c:	Mexico
d:	Mongolia
e:	Netherlands
f:	New Zealand
g:	Nicaragua
h:	Nigeria
i:	Norway
j:	Pakistan
k:	Peru
l:	Philippines
m:	Poland
n:	Romania
o:	Russia
p:	Saudi Arabia
q:	Singapore
r:	South Africa
s:	South Korea
t:	Spain
u:	Sri Lanka
v:	Sweden
w:	Switzerland
x:	Taiwan
y:	Thailand
z:	Turkey
{:	Ukraine
|:	United Arab Emirates
}:	United Kingdom
~:	Uruguay
:	Usa
:	Vietnam
:	Zambia
:	?


Substitution rate (mu): 26.496418

Equilibrium frequencies (pi_i):
  A: 0.0184
  B: 0.0155
  C: 0.0072
  D: 0.0194
  E: 0.0204
  F: 0.0171
  G: 0.008
  H: 0.0193
  I: 0.0017
  J: 0.0195
  K: 0.0102
  L: 0.0054
  M: 0.0198
  N: 0.0175
  O: 0.0201
  P: 0.014
  Q: 0.0195
  R: 0.0138
  S: 0.0175
  T: 0.0081
  U: 0.0059
  V: 0.0187
  W: 0.0199
  X: 0.0179
  Y: 0.0195
  Z: 0.0201
  [: 0.0175
  \: 0.0144
  ]: 0.0067
  ^: 0.0172
  _: 0.0191
  `: 0.019
  a: 0.02
  b: 0.0156
  c: 0.0114
  d: 0.012
  e: 0.0048
  f: 0.0176
  g: 0.0178
  h: 0.0188
  i: 0.0199
  j: 0.02
  k: 0.0191
  l: 0.0199
  m: 0.0202
  n: 0.0175
  o: 0.0105
  p: 0.0158
  q: 0.0153
  r: 0.0152
  s: 0.0065
  t: 0.0179
  u: 0.02
  v: 0.0152
  w: 0.0161
  x: 0.0129
  y: 0.0118
  z: 0.0202
  {: 0.0194
  |: 0.0188
  }: 0.0093
  ~: 0.0175
  : 0.0045
  : 0.0109
  : 0.0194

Symmetrized rates from j->i (W_ij):
	A	B	C	D	E	F	G	H	I	J	K	L	M	N	O	P	Q	R	S	T	U	V	W	X	Y	Z	[	\	]	^	_	`	a	b	c	d	e	f	g	h	i	j	k	l	m	n	o	p	q	r	s	t	u	v	w	x	y	z	{	|	}	~			
  A	0	0.966	0.9646	0.966	0.9658	0.9655	0.9649	0.966	0.9442	0.9662	0.9646	0.9452	0.966	0.9662	0.9661	0.966	0.966	0.9571	0.9661	0.9659	0.9607	0.966	0.9661	0.966	0.9652	0.9661	0.9661	0.9628	1.165	0.9661	0.9661	0.9661	0.9661	0.9661	0.9642	0.962	0.96	0.9663	0.9661	0.9661	0.9661	0.966	0.9661	0.966	0.966	0.9661	0.9613	0.9661	0.9662	0.9661	0.961	0.9638	0.9661	0.966	0.9662	0.9656	0.9608	0.9661	0.966	0.9661	0.9654	0.9661	1.1876	0.9592	0.966
  B	0.966	0	0.9646	0.9659	0.9656	0.9655	0.965	0.9659	1.4891	0.966	0.9648	0.9474	0.9659	0.966	0.966	0.9659	0.9659	0.9584	0.9659	0.9657	0.9616	0.9659	0.9659	0.9659	0.9652	0.9659	0.9659	0.9632	0.9638	0.9659	0.9659	0.9659	0.9659	0.9659	0.9644	0.9624	0.9605	0.9685	0.9659	0.9659	0.9659	0.9659	0.9659	0.9659	0.9659	0.9659	0.9618	0.9659	0.966	0.966	0.9613	0.9641	0.966	0.9659	0.966	0.9656	0.9614	0.9659	0.9658	0.9659	0.9685	0.9659	1.7539	0.9601	0.9659
  C	0.9646	0.9646	0	0.9641	0.9671	0.9652	1.0239	0.9643	0.9594	0.9924	1.0402	2.9383	0.9641	0.9645	0.9642	0.9656	0.9645	0.9619	0.9643	0.9653	1.6216	0.9643	0.9641	1.2108	0.964	0.9641	0.9643	0.9906	1.5115	0.965	0.9642	0.9642	0.9641	0.9659	0.9646	0.9676	2.5636	1.2037	0.9645	0.9643	0.9641	0.964	0.9642	0.9641	0.964	0.9643	2.2047	0.9645	1.057	0.9652	1.0657	0.9636	1.1238	0.9649	0.9646	0.9685	0.9633	0.964	0.9644	0.9643	0.9658	0.9643	8.3419	0.9661	0.9831
  D	0.966	0.9659	0.9641	0	0.9656	0.9655	0.9647	0.9659	0.9417	0.9661	0.9644	0.9425	0.9659	0.9664	0.9661	0.966	0.966	3.3606	0.966	0.9656	0.9607	0.966	0.966	0.966	0.9651	0.966	0.966	1.4439	0.963	0.9659	0.966	0.966	0.966	0.9659	0.9641	0.9616	0.959	0.9662	0.966	0.966	0.966	0.9659	0.966	0.966	0.966	0.966	0.9608	0.9659	0.966	0.966	0.96	0.964	0.9661	0.9659	0.966	0.9653	0.9603	0.966	0.9659	0.966	0.9655	0.966	0.8998	0.9586	0.966
  E	0.9658	0.9656	0.9671	0.9656	0	0.9866	0.9646	0.9657	0.9407	0.9658	0.9641	0.9987	0.9657	0.9658	1.2226	0.9657	0.9661	0.9563	0.9657	0.9655	0.9603	0.9657	0.9657	0.9662	0.9647	0.9659	0.9657	0.9621	0.9937	0.9659	0.9657	0.9657	0.9659	0.9659	0.9639	3.0722	1.5023	0.9661	0.9657	0.9657	0.9657	0.9657	0.9658	0.9657	0.9656	0.9657	4.3565	0.9657	0.966	0.9658	1.0965	0.9632	0.9658	0.9657	0.9658	0.9897	0.9599	0.9657	0.9658	0.9657	0.965	0.9657	0.8976	1.1308	0.9657
  F	0.9655	0.9655	0.9652	0.9655	0.9866	0	0.9678	0.9653	1.0722	0.9654	0.9644	1.2414	0.9655	0.9664	0.9657	1.6429	0.9659	5.5496	0.9654	0.9657	0.9657	1.1125	0.9658	0.9659	0.9646	0.9654	0.9654	0.9671	0.965	0.9656	0.9654	0.9654	0.9653	0.9658	1.1447	0.9638	4.6219	0.966	0.9655	0.9654	0.9654	0.9653	0.9656	0.9654	0.9653	0.9654	3.277	0.9655	0.9661	0.9658	0.9644	1.0615	0.9656	0.9655	0.9656	0.9655	1.0186	0.9654	0.9656	0.9654	1.2377	0.9654	1.2219	0.9622	0.9655
  G	0.9649	0.965	1.0239	0.9647	0.9646	0.9678	0	0.9647	2.4172	0.9649	0.9655	0.9989	0.9646	0.9653	0.9647	0.9655	0.9647	0.9701	0.9648	0.9992	1.4994	1.0135	0.9646	0.9649	0.9643	0.9646	0.9648	0.9641	0.9677	0.9649	0.9647	0.9647	0.9646	0.9651	0.9894	0.9636	1.0215	0.9652	0.9878	0.9648	0.9646	0.9646	0.9648	0.9646	0.9646	0.9648	1.3714	0.9649	1.4074	0.9651	1.0114	1.3787	0.9647	0.965	0.965	0.9665	1.9326	0.9646	0.9647	1.2343	0.9679	0.9682	6.5993	0.9625	0.9648
  H	0.966	0.9659	0.9643	0.9659	0.9657	0.9653	0.9647	0	0.9447	0.9661	0.9643	1.3213	0.9659	0.966	0.966	0.9658	0.9659	0.9565	0.966	0.9656	0.9604	0.9659	0.9659	0.9661	0.9651	0.9659	0.966	0.9624	1.1205	0.966	0.966	0.966	0.9659	0.9659	0.9639	1.4435	0.9593	0.9662	0.966	0.966	0.966	0.9659	0.966	0.9659	0.9659	0.966	0.9612	0.9659	0.966	0.966	1.0972	0.9636	0.966	0.9659	0.966	0.9655	0.9604	0.966	0.9659	0.966	0.965	0.966	0.901	2.4084	0.9659
  I	0.9442	1.4891	0.9594	0.9417	0.9407	1.0722	2.4172	0.9447	0	0.9419	1.4381	2.7323	0.9412	0.9448	0.9409	1.2632	0.9416	1.1972	0.9441	1.0176	2.8756	0.9427	0.9411	0.9437	0.9416	0.9408	0.944	1.0206	1.811	0.9448	0.9421	0.9425	0.941	0.948	3.2339	0.9512	0.9639	0.9518	0.9439	0.9427	0.9411	0.9409	1.3894	0.9411	0.9407	0.9441	1.5687	0.9461	0.9472	0.9473	2.9916	1.4838	0.9409	0.9474	0.9463	1.0648	2.3872	0.9407	0.9417	0.9428	0.9734	0.9446	82.6293	2.2555	0.9421
  J	0.9662	0.966	0.9924	0.9661	0.9658	0.9654	0.9649	0.9661	0.9419	0	1.2165	0.9426	0.9661	0.9662	0.9662	0.966	0.9661	0.9569	0.9661	0.9658	0.9603	0.9661	0.9661	0.9661	0.9652	0.9661	0.9661	1.1015	0.9632	0.9661	0.9661	0.9661	0.9661	0.9661	0.964	0.9616	0.9594	0.9663	0.9661	0.9662	0.9661	0.9661	0.9661	0.9661	0.9661	0.9661	0.9608	0.9661	0.9662	0.9661	0.9602	0.9638	0.9662	0.966	0.9662	0.9654	0.9603	0.9661	0.966	0.9661	0.9651	0.9661	0.9953	0.9586	1.0361
  K	0.9646	0.9648	1.0402	0.9644	0.9641	0.9644	0.9655	0.9643	1.4381	1.2165	0	0.9546	0.9642	0.9648	0.9643	0.965	0.9643	0.9605	0.9645	0.9653	0.9835	0.9644	0.9643	0.9645	0.9638	0.9642	0.9645	1.2128	0.9644	0.9646	0.9644	0.9644	0.9642	0.9647	1.0258	0.9628	0.9626	0.9647	0.9645	1.2315	0.9643	0.9642	0.9644	0.9642	0.9642	0.9645	0.9625	0.9646	0.9648	0.9648	1.0096	0.9634	0.9643	0.9647	0.9648	0.9651	0.9624	0.9642	0.9643	0.9644	1.4472	0.9645	4.4238	0.9615	1.1479
  L	0.9452	0.9474	2.9383	0.9425	0.9987	1.2414	0.9989	1.3213	2.7323	0.9426	0.9546	0	0.9423	0.9464	0.9428	0.9504	1.1955	0.9595	0.9447	0.9688	13.4111	0.9494	0.942	1.582	1.2813	0.9417	0.9447	1.2871	5.5543	2.5202	0.9431	0.9433	0.9418	0.9499	0.9541	9.6779	5.1627	1.3217	0.9512	0.9433	0.942	0.9451	0.9431	0.942	0.9416	0.9447	9.285	0.9468	1.4681	1.0973	7.9575	0.9449	0.9422	1.3477	0.9568	4.2621	2.1387	0.9415	1.2829	0.9433	1.5502	0.9447	15.7545	12.241	1.1091
  M	0.966	0.9659	0.9641	0.9659	0.9657	0.9655	0.9646	0.9659	0.9412	0.9661	0.9642	0.9423	0	0.966	0.9661	0.9659	0.966	0.9564	0.966	0.9657	0.9601	0.966	0.966	0.966	0.965	0.966	0.966	0.9623	0.963	0.9659	0.966	0.966	0.966	0.9659	0.9639	0.9616	2.3972	0.9663	0.966	0.966	0.966	0.9659	0.966	0.9659	0.9659	0.966	0.9607	0.9659	0.9662	0.966	0.96	0.9635	0.9661	0.9659	0.966	0.9653	0.9601	0.966	0.966	0.966	0.965	0.966	0.8986	0.9585	0.966
  N	0.9662	0.966	0.9645	0.9664	0.9658	0.9664	0.9653	0.966	0.9448	0.9662	0.9648	0.9464	0.966	0	0.9661	0.9665	0.966	1.6041	0.9661	0.9658	0.9879	0.9662	0.9661	0.9661	0.9652	0.9661	0.9661	0.9636	0.9635	0.9661	0.9661	0.9661	0.9661	0.9661	0.9665	0.9621	0.9616	0.9663	0.9661	0.9661	0.9661	0.966	0.9661	0.9661	0.9661	0.9661	0.9614	0.966	0.9662	0.9661	0.9607	1.385	0.9661	0.966	0.9662	0.9655	0.9614	0.9661	0.966	0.9661	0.998	0.9661	1.3693	0.9595	0.9661
  O	0.9661	0.966	0.9642	0.9661	1.2226	0.9657	0.9647	0.966	0.9409	0.9662	0.9643	0.9428	0.9661	0.9661	0	0.9659	0.9662	0.9563	0.9661	0.9656	0.9601	0.966	0.9661	0.9661	0.9651	1.2207	0.9661	0.9624	0.9634	0.9661	0.9661	0.9661	0.9661	0.966	0.964	0.9628	0.9871	0.9663	0.9661	0.9661	0.9661	0.966	0.9661	0.9661	0.966	0.9661	1.8013	0.966	0.9662	0.9661	0.9599	0.9636	0.9662	0.966	0.9661	1.0319	0.9601	0.9661	0.966	0.9661	0.965	0.9661	0.8977	0.9585	0.966
  P	0.966	0.9659	0.9656	0.966	0.9657	1.6429	0.9655	0.9658	1.2632	0.966	0.965	0.9504	0.9659	0.9665	0.9659	0	0.9659	2.3178	0.9659	0.9658	1.1718	0.966	0.9659	0.9659	0.9652	0.9658	0.9659	1.1815	0.9642	0.9661	0.9659	0.9659	0.9658	0.9679	0.9854	0.9629	1.2874	0.9661	0.9659	0.9659	0.9659	0.9658	0.966	0.9659	0.9658	0.9659	0.966	0.9659	0.9661	0.966	0.9619	0.9651	0.9659	0.9659	1.3173	0.9658	0.962	0.9658	0.9658	0.9659	2.9022	0.9659	2.6871	0.9609	0.966
  Q	0.966	0.9659	0.9645	0.966	0.9661	0.9659	0.9647	0.9659	0.9416	0.9661	0.9643	1.1955	0.966	0.966	0.9662	0.9659	0	0.9566	0.966	0.9656	0.9604	0.966	0.966	0.9661	0.9651	0.966	0.966	0.9624	0.9633	0.966	0.966	0.966	0.966	0.966	0.964	0.9652	1.6108	0.9663	0.966	0.966	0.966	0.9659	0.966	0.966	0.9659	0.966	2.0778	0.9659	0.9662	0.966	0.9603	0.9636	0.9661	0.9659	0.966	0.9655	0.9603	0.966	0.966	0.966	0.9651	0.966	0.8997	0.9589	0.966
  R	0.9571	0.9584	0.9619	3.3606	0.9563	5.5496	0.9701	0.9565	1.1972	0.9569	0.9605	0.9595	0.9564	1.6041	0.9563	2.3178	0.9566	0	0.9574	0.9622	1.6055	2.0712	0.9563	0.9575	0.9558	0.9562	0.9574	4.5641	0.9614	0.958	0.9567	0.9568	0.9562	0.9589	1.1268	0.9577	6.6274	0.9581	0.9574	0.9569	0.9563	0.9562	0.957	0.9563	0.9562	0.9574	1.0454	0.9583	0.9591	0.9588	0.9593	7.6033	0.9565	0.9589	0.9585	0.9595	0.9582	0.9562	0.9567	0.9569	1.7946	0.9574	1.5546	0.9563	0.9571
  S	0.9661	0.9659	0.9643	0.966	0.9657	0.9654	0.9648	0.966	0.9441	0.9661	0.9645	0.9447	0.966	0.9661	0.9661	0.9659	0.966	0.9574	0	0.9657	0.9608	0.966	0.966	0.966	0.9652	0.966	0.966	0.9628	0.9634	0.966	0.966	0.966	0.966	0.966	0.9641	0.962	0.9597	0.9662	0.966	0.966	0.966	0.966	0.966	0.966	0.966	0.966	0.9618	0.966	0.9661	0.966	0.9606	0.9639	0.9661	0.9659	0.9661	0.9655	0.9608	0.966	0.9659	0.966	0.9651	0.966	1.3591	0.9593	0.966
  T	0.9659	0.9657	0.9653	0.9656	0.9655	0.9657	0.9992	0.9656	1.0176	0.9658	0.9653	0.9688	0.9657	0.9658	0.9656	0.9658	0.9656	0.9622	0.9657	0	0.9644	0.9679	0.9656	0.9657	0.9652	0.9656	0.9657	0.9645	0.965	0.9658	0.9657	0.9657	0.9656	0.9659	1.1657	0.964	1.1226	0.9658	0.9673	0.9657	0.9656	0.9656	1.224	0.9656	0.9656	0.9657	0.964	0.9657	1.4944	0.9658	0.981	0.9648	0.9657	0.9658	0.9658	0.9663	0.9635	0.9656	0.9656	0.9657	0.9658	0.9657	6.8182	0.9628	0.9657
  U	0.9607	0.9616	1.6216	0.9607	0.9603	0.9657	1.4994	0.9604	2.8756	0.9603	0.9835	13.4111	0.9601	0.9879	0.9601	1.1718	0.9604	1.6055	0.9608	0.9644	0	0.9775	0.9601	0.9625	0.9603	0.96	0.9608	1.3293	0.9672	0.9612	0.9605	0.9604	0.96	2.4545	2.0079	0.9629	4.1862	1.3183	0.9612	0.9605	0.9601	0.96	0.9606	0.9601	0.96	0.9608	1.0865	0.9613	0.9832	0.9975	0.9676	1.0808	0.9611	0.9623	0.9616	1.0159	0.967	0.96	0.961	0.9605	1.1301	0.9608	8.8914	2.2801	0.9606
  V	0.966	0.9659	0.9643	0.966	0.9657	1.1125	1.0135	0.9659	0.9427	0.9661	0.9644	0.9494	0.966	0.9662	0.966	0.966	0.966	2.0712	0.966	0.9679	0.9775	0	0.966	0.966	0.9651	0.9659	0.966	0.9628	0.9632	0.9659	0.966	0.966	0.9659	0.966	0.9642	0.9619	1.8904	0.9662	0.9678	0.966	0.966	0.9659	0.966	0.9659	0.9659	0.966	0.9613	0.9659	1.0345	0.966	0.9895	0.9641	0.9661	0.9659	0.966	0.9654	0.9605	0.966	0.9659	0.966	0.9654	0.966	1.0698	0.959	0.966
  W	0.9661	0.9659	0.9641	0.966	0.9657	0.9658	0.9646	0.9659	0.9411	0.9661	0.9643	0.942	0.966	0.9661	0.9661	0.9659	0.966	0.9563	0.966	0.9656	0.9601	0.966	0	0.966	0.965	0.966	0.966	0.9623	0.963	0.9659	0.966	0.966	0.966	0.9659	0.9639	0.9615	1.4378	0.9662	0.966	0.966	0.966	0.9659	0.966	0.966	0.966	0.966	0.9606	0.9659	0.9661	0.966	0.9599	0.9636	0.9661	0.9659	0.966	0.9653	0.9601	0.966	0.9659	0.966	0.965	0.966	0.8982	0.9584	0.966
  X	0.966	0.9659	1.2108	0.966	0.9662	0.9659	0.9649	0.9661	0.9437	0.9661	0.9645	1.582	0.966	0.9661	0.9661	0.9659	0.9661	0.9575	0.966	0.9657	0.9625	0.966	0.966	0	0.9652	0.966	0.966	0.9629	0.9642	0.9661	0.966	0.966	0.966	0.9661	0.9642	1.1136	1.1439	0.9665	0.966	0.966	0.966	0.9659	0.966	0.966	0.9659	0.966	1.3696	0.966	0.9663	0.9661	0.9614	0.9638	0.9661	0.966	0.966	0.9659	0.9609	0.966	0.966	0.966	0.9653	0.966	1.1397	1.0538	0.966
  Y	0.9652	0.9652	0.964	0.9651	0.9647	0.9646	0.9643	0.9651	0.9416	0.9652	0.9638	1.2813	0.965	0.9652	0.9651	0.9652	0.9651	0.9558	0.9652	0.9652	0.9603	0.9651	0.965	0.9652	0	0.965	0.9652	0.9618	0.9632	0.9653	0.9651	0.9651	0.965	0.9652	0.9634	0.9631	0.959	0.9655	0.9652	0.9651	0.9651	0.965	0.9651	0.965	0.965	0.9652	0.9607	0.9652	0.9654	0.9653	1.0957	0.9628	0.9651	0.9652	0.9653	0.9651	0.9599	0.965	0.965	0.9651	0.9645	0.9652	0.9007	0.9593	0.9651
  Z	0.9661	0.9659	0.9641	0.966	0.9659	0.9654	0.9646	0.9659	0.9408	0.9661	0.9642	0.9417	0.966	0.9661	1.2207	0.9658	0.966	0.9562	0.966	0.9656	0.96	0.9659	0.966	0.966	0.965	0	0.966	0.9623	0.963	0.966	0.966	0.966	0.966	0.9659	0.9639	0.9617	0.9645	0.9662	0.966	0.966	0.966	0.9659	0.966	0.966	0.966	0.966	1.1959	0.9659	0.9661	0.966	0.9598	0.9635	0.9661	0.9659	0.966	0.9654	0.9601	0.966	0.9659	0.966	0.9649	0.966	0.8974	0.9583	0.966
  [	0.9661	0.9659	0.9643	0.966	0.9657	0.9654	0.9648	0.966	0.944	0.9661	0.9645	0.9447	0.966	0.9661	0.9661	0.9659	0.966	0.9574	0.966	0.9657	0.9608	0.966	0.966	0.966	0.9652	0.966	0	0.9628	0.9634	0.966	0.966	0.966	0.966	0.966	0.9641	0.962	0.9596	0.9662	0.966	0.966	0.966	0.966	0.966	0.966	0.966	0.966	0.9612	0.9664	0.9661	0.966	0.9606	0.9639	0.9661	0.9659	0.9661	0.9655	0.9608	0.966	0.9659	0.966	0.9651	0.966	1.3584	0.9593	0.966
  \	0.9628	0.9632	0.9906	1.4439	0.9621	0.9671	0.9641	0.9624	1.0206	1.1015	1.2128	1.2871	0.9623	0.9636	0.9624	1.1815	0.9624	4.5641	0.9628	0.9645	1.3293	0.9628	0.9623	0.9629	0.9618	0.9623	0.9628	0	0.9632	0.9629	0.9625	0.9625	0.9623	0.9665	0.963	0.9611	2.9515	0.9632	0.9628	0.9626	0.9623	0.9623	0.9626	0.9623	0.9623	0.9628	0.9611	0.9631	0.9635	0.9634	1.1189	1.2497	0.9625	0.9632	1.557	0.9636	0.9738	0.9623	0.9625	0.9626	1.0875	0.9628	2.3113	0.9592	1.1611
  ]	1.165	0.9638	1.5115	0.963	0.9937	0.965	0.9677	1.1205	1.811	0.9632	0.9644	5.5543	0.963	0.9635	0.9634	0.9642	0.9633	0.9614	0.9634	0.965	0.9672	0.9632	0.963	0.9642	0.9632	0.963	0.9634	0.9632	0	0.9667	0.9632	1.2513	0.963	0.964	0.9754	3.8064	1.7623	0.9642	0.9635	0.9632	0.963	0.963	0.9632	0.963	0.9629	0.9634	3.1067	0.9637	0.9641	0.9693	2.832	0.9626	0.9631	0.9641	0.9638	1.9102	1.4426	0.9629	1.0199	0.9632	1.5298	0.9634	7.5747	2.3376	0.9633
  ^	0.9661	0.9659	0.965	0.9659	0.9659	0.9656	0.9649	0.966	0.9448	0.9661	0.9646	2.5202	0.9659	0.9661	0.9661	0.9661	0.966	0.958	0.966	0.9658	0.9612	0.9659	0.9659	0.9661	0.9653	0.966	0.966	0.9629	0.9667	0	0.966	0.966	0.966	0.9659	0.9643	1.6123	0.9615	0.9665	0.966	0.966	0.966	0.9659	0.966	0.9659	0.966	0.966	1.6479	0.966	0.9661	0.9661	0.9611	0.9639	0.966	0.966	0.9661	0.9657	0.9611	0.966	0.966	0.966	1.2992	0.966	1.098	0.9596	0.966
  _	0.9661	0.9659	0.9642	0.966	0.9657	0.9654	0.9647	0.966	0.9421	0.9661	0.9644	0.9431	0.966	0.9661	0.9661	0.9659	0.966	0.9567	0.966	0.9657	0.9605	0.966	0.966	0.966	0.9651	0.966	0.966	0.9625	0.9632	0.966	0	0.966	0.966	0.966	0.964	0.9617	1.2899	0.9662	0.966	0.966	0.966	0.966	0.966	0.966	0.966	0.966	0.9609	0.966	0.9661	0.9661	0.9602	0.9637	0.9661	0.9659	0.9661	0.9654	0.9604	0.966	0.9659	0.966	0.9651	0.966	1.0436	0.9588	0.966
  `	0.9661	0.9659	0.9642	0.966	0.9657	0.9654	0.9647	0.966	0.9425	0.9661	0.9644	0.9433	0.966	0.9661	0.9661	0.9659	0.966	0.9568	0.966	0.9657	0.9604	0.966	0.966	0.966	0.9651	0.966	0.966	0.9625	1.2513	0.966	0.966	0	0.966	0.966	0.964	0.9618	0.9592	0.9662	0.966	0.966	0.966	0.966	0.966	0.966	0.966	0.966	0.9609	0.966	0.9661	0.966	0.9603	0.9637	0.9661	0.9659	0.9661	0.9654	0.9604	0.966	0.9659	0.966	0.965	0.966	1.0901	0.9589	0.966
  a	0.9661	0.9659	0.9641	0.966	0.9659	0.9653	0.9646	0.9659	0.941	0.9661	0.9642	0.9418	0.966	0.9661	0.9661	0.9658	0.966	0.9562	0.966	0.9656	0.96	0.9659	0.966	0.966	0.965	0.966	0.966	0.9623	0.963	0.966	0.966	0.966	0	0.9659	0.9639	0.9615	0.9587	0.9662	0.966	0.966	0.966	0.9659	0.966	0.966	0.966	0.966	1.4409	0.966	0.9661	0.966	0.9598	0.9636	0.9661	0.9659	0.966	0.9653	0.9601	0.966	0.9659	0.966	0.9649	0.966	0.8978	0.9584	0.966
  b	0.9661	0.9659	0.9659	0.9659	0.9659	0.9658	0.9651	0.9659	0.948	0.9661	0.9647	0.9499	0.9659	0.9661	0.966	0.9679	0.966	0.9589	0.966	0.9659	2.4545	0.966	0.9659	0.9661	0.9652	0.9659	0.966	0.9665	0.964	0.9659	0.966	0.966	0.9659	0	0.9646	0.9626	2.884	1.4497	0.966	0.966	0.9659	0.9659	0.966	0.9659	0.9659	0.966	0.9622	0.9659	0.9662	1.3537	0.9615	0.9642	0.9663	0.9659	0.966	0.9657	0.9614	0.9659	0.966	0.966	0.9658	0.966	1.9192	1.4452	0.966
  c	0.9642	0.9644	0.9646	0.9641	0.9639	1.1447	0.9894	0.9639	3.2339	0.964	1.0258	0.9541	0.9639	0.9665	0.964	0.9854	0.964	1.1268	0.9641	1.1657	2.0079	0.9642	0.9639	0.9642	0.9634	0.9639	0.9641	0.963	0.9754	0.9643	0.964	0.964	0.9639	0.9646	0	0.9625	1.0089	0.9643	0.9641	0.964	0.9639	0.9638	1.2391	0.9639	0.9638	0.9641	1.1567	0.9643	1.0684	0.9645	0.9624	0.9698	0.9639	0.9644	0.9644	0.9648	0.9616	0.9639	0.9639	0.9641	0.9801	0.9642	3.0906	0.9608	0.964
  d	0.962	0.9624	0.9676	0.9616	3.0722	0.9638	0.9636	1.4435	0.9512	0.9616	0.9628	9.6779	0.9616	0.9621	0.9628	0.9629	0.9652	0.9577	0.962	0.964	0.9629	0.9619	0.9615	1.1136	0.9631	0.9617	0.962	0.9611	3.8064	1.6123	0.9617	0.9618	0.9615	0.9626	0.9625	0	2.7598	0.9634	0.9621	0.9618	0.9615	1.4063	0.9618	0.9615	0.9614	0.962	8.4361	0.9624	0.963	0.9654	3.1824	0.9605	0.9616	0.9627	0.9624	1.842	0.9607	0.9614	0.9683	0.9618	0.9644	0.962	0.9283	0.9992	0.9621
  e	0.96	0.9605	2.5636	0.959	1.5023	4.6219	1.0215	0.9593	0.9639	0.9594	0.9626	5.1627	2.3972	0.9616	0.9871	1.2874	1.6108	6.6274	0.9597	1.1226	4.1862	1.8904	1.4378	1.1439	0.959	0.9645	0.9596	2.9515	1.7623	0.9615	1.2899	0.9592	0.9587	2.884	1.0089	2.7598	0	1.3183	1.174	0.9592	1.4388	0.991	1.4713	1.438	0.9587	0.9596	9.7019	0.9603	2.1538	1.2747	2.503	0.961	1.2549	1.441	0.9607	0.9842	1.2413	0.9587	1.4575	0.9592	2.812	0.9596	15.516	2.7104	1.5535
  f	0.9663	0.9685	1.2037	0.9662	0.9661	0.966	0.9652	0.9662	0.9518	0.9663	0.9647	1.3217	0.9663	0.9663	0.9663	0.9661	0.9663	0.9581	0.9662	0.9658	1.3183	0.9662	0.9662	0.9665	0.9655	0.9662	0.9662	0.9632	0.9642	0.9665	0.9662	0.9662	0.9662	1.4497	0.9643	0.9634	1.3183	0	0.9662	0.9662	0.9662	0.9662	0.9663	0.9662	0.9662	0.9662	0.9638	0.9661	0.9666	0.9663	0.9616	0.9641	1.2768	0.9662	0.9662	0.9662	0.9612	0.9662	0.9663	0.9662	0.9696	0.9662	1.3563	0.9609	0.9663
  g	0.9661	0.9659	0.9645	0.966	0.9657	0.9655	0.9878	0.966	0.9439	0.9661	0.9645	0.9512	0.966	0.9661	0.9661	0.9659	0.966	0.9574	0.966	0.9673	0.9612	0.9678	0.966	0.966	0.9652	0.966	0.966	0.9628	0.9635	0.966	0.966	0.966	0.966	0.966	0.9641	0.9621	1.174	0.9662	0	0.966	0.966	0.966	0.9661	0.966	0.966	0.966	0.9613	0.966	0.9962	0.9661	1.24	0.9638	0.9661	0.9659	0.9661	0.9655	0.9608	0.966	0.9659	0.966	0.9652	0.966	1.3002	0.9593	0.966
  h	0.9661	0.9659	0.9643	0.966	0.9657	0.9654	0.9648	0.966	0.9427	0.9662	1.2315	0.9433	0.966	0.9661	0.9661	0.9659	0.966	0.9569	0.966	0.9657	0.9605	0.966	0.966	0.966	0.9651	0.966	0.966	0.9626	0.9632	0.966	0.966	0.966	0.966	0.966	0.964	0.9618	0.9592	0.9662	0.966	0	0.966	0.966	0.9661	0.966	0.966	0.966	0.9609	0.966	0.9661	0.9661	0.9603	0.9637	0.9661	0.966	0.9661	0.9654	0.9605	0.966	0.9659	0.9661	0.9652	0.966	1.1272	0.9589	0.966
  i	0.9661	0.9659	0.9641	0.966	0.9657	0.9654	0.9646	0.966	0.9411	0.9661	0.9643	0.942	0.966	0.9661	0.9661	0.9659	0.966	0.9563	0.966	0.9656	0.9601	0.966	0.966	0.966	0.9651	0.966	0.966	0.9623	0.963	0.966	0.966	0.966	0.966	0.9659	0.9639	0.9615	1.4388	0.9662	0.966	0.966	0	0.966	0.9661	0.966	0.966	0.966	0.9606	0.966	0.9661	0.966	0.9599	0.9636	0.9661	0.9659	0.966	0.9653	0.9601	0.966	0.9659	0.966	0.965	0.966	0.8982	0.9584	0.966
  j	0.966	0.9659	0.964	0.9659	0.9657	0.9653	0.9646	0.9659	0.9409	0.9661	0.9642	0.9451	0.9659	0.966	0.966	0.9658	0.9659	0.9562	0.966	0.9656	0.96	0.9659	0.9659	0.9659	0.965	0.9659	0.966	0.9623	0.963	0.9659	0.966	0.966	0.9659	0.9659	0.9638	1.4063	0.991	0.9662	0.966	0.966	0.966	0	0.966	0.9659	0.9659	0.966	0.9613	0.9659	0.966	0.966	0.9598	0.9635	0.966	0.9659	0.966	0.9653	0.9601	0.9659	0.9659	0.966	0.9649	0.966	0.8977	0.9583	0.9659
  k	0.9661	0.9659	0.9642	0.966	0.9658	0.9656	0.9648	0.966	1.3894	0.9661	0.9644	0.9431	0.966	0.9661	0.9661	0.966	0.966	0.957	0.966	1.224	0.9606	0.966	0.966	0.966	0.9651	0.966	0.966	0.9626	0.9632	0.966	0.966	0.966	0.966	0.966	1.2391	0.9618	1.4713	0.9663	0.9661	0.9661	0.9661	0.966	0	0.966	0.966	0.966	0.9611	0.966	1.0999	0.9661	0.9602	0.9637	0.9661	0.9659	0.9661	0.9654	0.9604	0.966	0.966	0.9661	0.9651	0.966	0.9611	0.9591	0.966
  l	0.966	0.9659	0.9641	0.966	0.9657	0.9654	0.9646	0.9659	0.9411	0.9661	0.9642	0.942	0.9659	0.9661	0.9661	0.9659	0.966	0.9563	0.966	0.9656	0.9601	0.9659	0.966	0.966	0.965	0.966	0.966	0.9623	0.963	0.9659	0.966	0.966	0.966	0.9659	0.9639	0.9615	1.438	0.9662	0.966	0.966	0.966	0.9659	0.966	0	0.966	0.966	0.9606	0.9659	0.9661	0.966	0.9599	0.9635	0.9661	0.9659	0.966	0.9653	0.9601	0.966	0.9659	0.966	0.9649	0.966	0.8982	0.9584	0.9659
  m	0.966	0.9659	0.964	0.966	0.9656	0.9653	0.9646	0.9659	0.9407	0.9661	0.9642	0.9416	0.9659	0.9661	0.966	0.9658	0.9659	0.9562	0.966	0.9656	0.96	0.9659	0.966	0.9659	0.965	0.966	0.966	0.9623	0.9629	0.966	0.966	0.966	0.966	0.9659	0.9638	0.9614	0.9587	0.9662	0.966	0.966	0.966	0.9659	0.966	0.966	0	0.966	0.9605	0.9659	0.966	0.966	0.9597	0.9636	0.966	0.9659	0.966	0.9653	0.96	0.966	0.9659	0.966	1.4506	0.966	0.9007	0.9583	0.9659
  n	0.9661	0.9659	0.9643	0.966	0.9657	0.9654	0.9648	0.966	0.9441	0.9661	0.9645	0.9447	0.966	0.9661	0.9661	0.9659	0.966	0.9574	0.966	0.9657	0.9608	0.966	0.966	0.966	0.9652	0.966	0.966	0.9628	0.9634	0.966	0.966	0.966	0.966	0.966	0.9641	0.962	0.9596	0.9662	0.966	0.966	0.966	0.966	0.966	0.966	0.966	0	0.9612	0.966	0.9661	0.966	0.9606	0.9639	0.9661	0.9659	0.9661	0.9655	0.9608	0.966	0.9659	0.966	0.9651	0.966	1.3597	0.9593	0.966
  o	0.9613	0.9618	2.2047	0.9608	4.3565	3.277	1.3714	0.9612	1.5687	0.9608	0.9625	9.285	0.9607	0.9614	1.8013	0.966	2.0778	1.0454	0.9618	0.964	1.0865	0.9613	0.9606	1.3696	0.9607	1.1959	0.9612	0.9611	3.1067	1.6479	0.9609	0.9609	1.4409	0.9622	1.1567	8.4361	9.7019	0.9638	0.9613	0.9609	0.9606	0.9613	0.9611	0.9606	0.9605	0.9612	0	0.9617	1.0165	0.9664	1.3162	0.9634	0.9611	0.9621	0.9617	2.0232	0.9606	0.9605	1.0283	0.9609	1.0132	0.9612	1.9341	1.4997	0.9612
  p	0.9661	0.9659	0.9645	0.9659	0.9657	0.9655	0.9649	0.9659	0.9461	0.9661	0.9646	0.9468	0.9659	0.966	0.966	0.9659	0.9659	0.9583	0.966	0.9657	0.9613	0.9659	0.9659	0.966	0.9652	0.9659	0.9664	0.9631	0.9637	0.966	0.966	0.966	0.966	0.9659	0.9643	0.9624	0.9603	0.9661	0.966	0.966	0.966	0.9659	0.966	0.9659	0.9659	0.966	0.9617	0	0.966	0.966	0.9611	0.964	0.966	1.9761	0.966	0.9656	0.9613	0.966	0.9659	0.966	0.9652	0.966	1.8235	0.9599	0.966
  q	0.9662	0.966	1.057	0.966	0.966	0.9661	1.4074	0.966	0.9472	0.9662	0.9648	1.4681	0.9662	0.9662	0.9662	0.9661	0.9662	0.9591	0.9661	1.4944	0.9832	1.0345	0.9661	0.9663	0.9654	0.9661	0.9661	0.9635	0.9641	0.9661	0.9661	0.9661	0.9661	0.9662	1.0684	0.963	2.1538	0.9666	0.9962	0.9661	0.9661	0.966	1.0999	0.9661	0.966	0.9661	1.0165	0.966	0	0.9662	1.0438	0.9643	0.9662	0.9661	0.9661	0.9658	0.9617	0.9661	0.9661	0.9661	0.9656	0.9661	1.8564	0.9606	0.9662
  r	0.9661	0.966	0.9652	0.966	0.9658	0.9658	0.9651	0.966	0.9473	0.9661	0.9648	1.0973	0.966	0.9661	0.9661	0.966	0.966	0.9588	0.966	0.9658	0.9975	0.966	0.966	0.9661	0.9653	0.966	0.966	0.9634	0.9693	0.9661	0.9661	0.966	0.966	1.3537	0.9645	0.9654	1.2747	0.9663	0.9661	0.9661	0.966	0.966	0.9661	0.966	0.966	0.966	0.9664	0.966	0.9662	0	0.964	0.9642	0.9661	0.966	0.9661	0.9658	0.9616	0.966	0.966	0.9661	0.9655	0.966	1.9924	0.9627	0.9661
  s	0.961	0.9613	1.0657	0.96	1.0965	0.9644	1.0114	1.0972	2.9916	0.9602	1.0096	7.9575	0.96	0.9607	0.9599	0.9619	0.9603	0.9593	0.9606	0.981	0.9676	0.9895	0.9599	0.9614	1.0957	0.9598	0.9606	1.1189	2.832	0.9611	0.9602	0.9603	0.9598	0.9615	0.9624	3.1824	2.503	0.9616	1.24	0.9603	0.9599	0.9598	0.9602	0.9599	0.9597	0.9606	1.3162	0.9611	1.0438	0.964	0	0.9598	0.9599	0.9618	0.9612	1.9339	1.5473	0.9597	0.9606	0.9603	0.964	0.9606	8.718	2.5213	1.171
  t	0.9638	0.9641	0.9636	0.964	0.9632	1.0615	1.3787	0.9636	1.4838	0.9638	0.9634	0.9449	0.9635	1.385	0.9636	0.9651	0.9636	7.6033	0.9639	0.9648	1.0808	0.9641	0.9636	0.9638	0.9628	0.9635	0.9639	1.2497	0.9626	0.9639	0.9637	0.9637	0.9636	0.9642	0.9698	0.9605	0.961	0.9641	0.9638	0.9637	0.9636	0.9635	0.9637	0.9635	0.9636	0.9639	0.9634	0.964	0.9643	0.9642	0.9598	0	0.9636	0.9641	0.9641	0.9639	0.9597	0.9636	0.9636	0.9637	1.0266	0.9639	0.9328	0.9581	0.9637
  u	0.9661	0.966	1.1238	0.9661	0.9658	0.9656	0.9647	0.966	0.9409	0.9662	0.9643	0.9422	0.9661	0.9661	0.9662	0.9659	0.9661	0.9565	0.9661	0.9657	0.9611	0.9661	0.9661	0.9661	0.9651	0.9661	0.9661	0.9625	0.9631	0.966	0.9661	0.9661	0.9661	0.9663	0.9639	0.9616	1.2549	1.2768	0.9661	0.9661	0.9661	0.966	0.9661	0.9661	0.966	0.9661	0.9611	0.966	0.9662	0.9661	0.9599	0.9636	0	0.966	0.9661	0.9654	0.9602	0.9661	0.966	0.9661	0.9651	0.9661	0.8987	0.9586	0.9661
  v	0.966	0.9659	0.9649	0.9659	0.9657	0.9655	0.965	0.9659	0.9474	0.966	0.9647	1.3477	0.9659	0.966	0.966	0.9659	0.9659	0.9589	0.9659	0.9658	0.9623	0.9659	0.9659	0.966	0.9652	0.9659	0.9659	0.9632	0.9641	0.966	0.9659	0.9659	0.9659	0.9659	0.9644	0.9627	1.441	0.9662	0.9659	0.966	0.9659	0.9659	0.9659	0.9659	0.9659	0.9659	0.9621	1.9761	0.9661	0.966	0.9618	0.9641	0.966	0	0.966	0.9657	0.9616	0.9659	0.9659	0.9659	0.9654	0.9659	1.9095	0.9605	0.9659
  w	0.9662	0.966	0.9646	0.966	0.9658	0.9656	0.965	0.966	0.9463	0.9662	0.9648	0.9568	0.966	0.9662	0.9661	1.3173	0.966	0.9585	0.9661	0.9658	0.9616	0.966	0.966	0.966	0.9653	0.966	0.9661	1.557	0.9638	0.9661	0.9661	0.9661	0.966	0.966	0.9644	0.9624	0.9607	0.9662	0.9661	0.9661	0.966	0.966	0.9661	0.966	0.966	0.9661	0.9617	0.966	0.9661	0.9661	0.9612	0.9641	0.9661	0.966	0	0.9657	0.9614	0.966	0.966	0.9661	1.2709	0.9661	1.8051	0.9599	0.9661
  x	0.9656	0.9656	0.9685	0.9653	0.9897	0.9655	0.9665	0.9655	1.0648	0.9654	0.9651	4.2621	0.9653	0.9655	1.0319	0.9658	0.9655	0.9595	0.9655	0.9663	1.0159	0.9654	0.9653	0.9659	0.9651	0.9654	0.9655	0.9636	1.9102	0.9657	0.9654	0.9654	0.9653	0.9657	0.9648	1.842	0.9842	0.9662	0.9655	0.9654	0.9653	0.9653	0.9654	0.9653	0.9653	0.9655	2.0232	0.9656	0.9658	0.9658	1.9339	0.9639	0.9654	0.9657	0.9657	0	0.9625	0.9653	0.9654	0.9654	0.9658	0.9655	1.9826	1.3256	0.9654
  y	0.9608	0.9614	0.9633	0.9603	0.9599	1.0186	1.9326	0.9604	2.3872	0.9603	0.9624	2.1387	0.9601	0.9614	0.9601	0.962	0.9603	0.9582	0.9608	0.9635	0.967	0.9605	0.9601	0.9609	0.9599	0.9601	0.9608	0.9738	1.4426	0.9611	0.9604	0.9604	0.9601	0.9614	0.9616	0.9607	1.2413	0.9612	0.9608	0.9605	0.9601	0.9601	0.9604	0.9601	0.96	0.9608	0.9606	0.9613	0.9617	0.9616	1.5473	0.9597	0.9602	0.9616	0.9614	0.9625	0	0.96	0.9603	0.9605	1.9305	0.9608	2.8491	0.9592	0.9604
  z	0.9661	0.9659	0.964	0.966	0.9657	0.9654	0.9646	0.966	0.9407	0.9661	0.9642	0.9415	0.966	0.9661	0.9661	0.9658	0.966	0.9562	0.966	0.9656	0.96	0.966	0.966	0.966	0.965	0.966	0.966	0.9623	0.9629	0.966	0.966	0.966	0.966	0.9659	0.9639	0.9614	0.9587	0.9662	0.966	0.966	0.966	0.9659	0.966	0.966	0.966	0.966	0.9605	0.966	0.9661	0.966	0.9597	0.9636	0.9661	0.9659	0.966	0.9653	0.96	0	0.9659	0.966	1.4474	0.966	0.8973	0.9583	0.966
  {	0.966	0.9658	0.9644	0.9659	0.9658	0.9656	0.9647	0.9659	0.9417	0.966	0.9643	1.2829	0.966	0.966	0.966	0.9658	0.966	0.9567	0.9659	0.9656	0.961	0.9659	0.9659	0.966	0.965	0.9659	0.9659	0.9625	1.0199	0.966	0.9659	0.9659	0.9659	0.966	0.9639	0.9683	1.4575	0.9663	0.9659	0.9659	0.9659	0.9659	0.966	0.9659	0.9659	0.9659	1.0283	0.9659	0.9661	0.966	0.9606	0.9636	0.966	0.9659	0.966	0.9654	0.9603	0.9659	0	0.9659	0.9655	0.9659	0.902	0.9594	0.9659
  |	0.9661	0.9659	0.9643	0.966	0.9657	0.9654	1.2343	0.966	0.9428	0.9661	0.9644	0.9433	0.966	0.9661	0.9661	0.9659	0.966	0.9569	0.966	0.9657	0.9605	0.966	0.966	0.966	0.9651	0.966	0.966	0.9626	0.9632	0.966	0.966	0.966	0.966	0.966	0.9641	0.9618	0.9592	0.9662	0.966	0.9661	0.966	0.966	0.9661	0.966	0.966	0.966	0.9609	0.966	0.9661	0.9661	0.9603	0.9637	0.9661	0.9659	0.9661	0.9654	0.9605	0.966	0.9659	0	0.965	0.966	1.1266	0.9588	0.966
  }	0.9654	0.9685	0.9658	0.9655	0.965	1.2377	0.9679	0.965	0.9734	0.9651	1.4472	1.5502	0.965	0.998	0.965	2.9022	0.9651	1.7946	0.9651	0.9658	1.1301	0.9654	0.965	0.9653	0.9645	0.9649	0.9651	1.0875	1.5298	1.2992	0.9651	0.965	0.9649	0.9658	0.9801	0.9644	2.812	0.9696	0.9652	0.9652	0.965	0.9649	0.9651	0.9649	1.4506	0.9651	1.0132	0.9652	0.9656	0.9655	0.964	1.0266	0.9651	0.9654	1.2709	0.9658	1.9305	1.4474	0.9655	0.965	0	0.9651	5.2049	0.9631	0.9652
  ~	0.9661	0.9659	0.9643	0.966	0.9657	0.9654	0.9682	0.966	0.9446	0.9661	0.9645	0.9447	0.966	0.9661	0.9661	0.9659	0.966	0.9574	0.966	0.9657	0.9608	0.966	0.966	0.966	0.9652	0.966	0.966	0.9628	0.9634	0.966	0.966	0.966	0.966	0.966	0.9642	0.962	0.9596	0.9662	0.966	0.966	0.966	0.966	0.966	0.966	0.966	0.966	0.9612	0.966	0.9661	0.966	0.9606	0.9639	0.9661	0.9659	0.9661	0.9655	0.9608	0.966	0.9659	0.966	0.9651	0	1.3578	0.9593	0.966
  	1.1876	1.7539	8.3419	0.8998	0.8976	1.2219	6.5993	0.901	82.6293	0.9953	4.4238	15.7545	0.8986	1.3693	0.8977	2.6871	0.8997	1.5546	1.3591	6.8182	8.8914	1.0698	0.8982	1.1397	0.9007	0.8974	1.3584	2.3113	7.5747	1.098	1.0436	1.0901	0.8978	1.9192	3.0906	0.9283	15.516	1.3563	1.3002	1.1272	0.8982	0.8977	0.9611	0.8982	0.9007	1.3597	1.9341	1.8235	1.8564	1.9924	8.718	0.9328	0.8987	1.9095	1.8051	1.9826	2.8491	0.8973	0.902	1.1266	5.2049	1.3578	0	1.6592	0.9659
  	0.9592	0.9601	0.9661	0.9586	1.1308	0.9622	0.9625	2.4084	2.2555	0.9586	0.9615	12.241	0.9585	0.9595	0.9585	0.9609	0.9589	0.9563	0.9593	0.9628	2.2801	0.959	0.9584	1.0538	0.9593	0.9583	0.9593	0.9592	2.3376	0.9596	0.9588	0.9589	0.9584	1.4452	0.9608	0.9992	2.7104	0.9609	0.9593	0.9589	0.9584	0.9583	0.9591	0.9584	0.9583	0.9593	1.4997	0.9599	0.9606	0.9627	2.5213	0.9581	0.9586	0.9605	0.9599	1.3256	0.9592	0.9583	0.9594	0.9588	0.9631	0.9593	1.6592	0	0.9591
  	0.966	0.9659	0.9831	0.966	0.9657	0.9655	0.9648	0.9659	0.9421	1.0361	1.1479	1.1091	0.966	0.9661	0.966	0.966	0.966	0.9571	0.966	0.9657	0.9606	0.966	0.966	0.966	0.9651	0.966	0.966	1.1611	0.9633	0.966	0.966	0.966	0.966	0.966	0.964	0.9621	1.5535	0.9663	0.966	0.966	0.966	0.9659	0.966	0.9659	0.9659	0.966	0.9612	0.966	0.9662	0.9661	1.171	0.9637	0.9661	0.9659	0.9661	0.9654	0.9604	0.966	0.9659	0.966	0.9652	0.966	0.9659	0.9591	0

Actual rates from j->i (Q_ij):
	A	B	C	D	E	F	G	H	I	J	K	L	M	N	O	P	Q	R	S	T	U	V	W	X	Y	Z	[	\	]	^	_	`	a	b	c	d	e	f	g	h	i	j	k	l	m	n	o	p	q	r	s	t	u	v	w	x	y	z	{	|	}	~			
  A	0	0.0178	0.0178	0.0178	0.0178	0.0178	0.0178	0.0178	0.0174	0.0178	0.0178	0.0174	0.0178	0.0178	0.0178	0.0178	0.0178	0.0176	0.0178	0.0178	0.0177	0.0178	0.0178	0.0178	0.0178	0.0178	0.0178	0.0177	0.0214	0.0178	0.0178	0.0178	0.0178	0.0178	0.0177	0.0177	0.0177	0.0178	0.0178	0.0178	0.0178	0.0178	0.0178	0.0178	0.0178	0.0178	0.0177	0.0178	0.0178	0.0178	0.0177	0.0177	0.0178	0.0178	0.0178	0.0178	0.0177	0.0178	0.0178	0.0178	0.0178	0.0178	0.0219	0.0177	0.0178
  B	0.0149	0	0.0149	0.0149	0.0149	0.0149	0.0149	0.0149	0.023	0.0149	0.0149	0.0146	0.0149	0.0149	0.0149	0.0149	0.0149	0.0148	0.0149	0.0149	0.0149	0.0149	0.0149	0.0149	0.0149	0.0149	0.0149	0.0149	0.0149	0.0149	0.0149	0.0149	0.0149	0.0149	0.0149	0.0149	0.0149	0.015	0.0149	0.0149	0.0149	0.0149	0.0149	0.0149	0.0149	0.0149	0.0149	0.0149	0.0149	0.0149	0.0149	0.0149	0.0149	0.0149	0.0149	0.0149	0.0149	0.0149	0.0149	0.0149	0.015	0.0149	0.0271	0.0148	0.0149
  C	0.007	0.007	0	0.007	0.007	0.007	0.0074	0.007	0.007	0.0072	0.0075	0.0213	0.007	0.007	0.007	0.007	0.007	0.007	0.007	0.007	0.0117	0.007	0.007	0.0088	0.007	0.007	0.007	0.0072	0.011	0.007	0.007	0.007	0.007	0.007	0.007	0.007	0.0186	0.0087	0.007	0.007	0.007	0.007	0.007	0.007	0.007	0.007	0.016	0.007	0.0077	0.007	0.0077	0.007	0.0081	0.007	0.007	0.007	0.007	0.007	0.007	0.007	0.007	0.007	0.0604	0.007	0.0071
  D	0.0188	0.0188	0.0187	0	0.0188	0.0188	0.0187	0.0188	0.0183	0.0188	0.0187	0.0183	0.0188	0.0188	0.0188	0.0188	0.0188	0.0653	0.0188	0.0188	0.0187	0.0188	0.0188	0.0188	0.0188	0.0188	0.0188	0.0281	0.0187	0.0188	0.0188	0.0188	0.0188	0.0188	0.0187	0.0187	0.0186	0.0188	0.0188	0.0188	0.0188	0.0188	0.0188	0.0188	0.0188	0.0188	0.0187	0.0188	0.0188	0.0188	0.0187	0.0187	0.0188	0.0188	0.0188	0.0188	0.0187	0.0188	0.0188	0.0188	0.0188	0.0188	0.0175	0.0186	0.0188
  E	0.0197	0.0197	0.0197	0.0197	0	0.0201	0.0196	0.0197	0.0191	0.0197	0.0196	0.0203	0.0197	0.0197	0.0249	0.0197	0.0197	0.0195	0.0197	0.0196	0.0195	0.0197	0.0197	0.0197	0.0196	0.0197	0.0197	0.0196	0.0202	0.0197	0.0197	0.0197	0.0197	0.0197	0.0196	0.0625	0.0306	0.0197	0.0197	0.0197	0.0197	0.0197	0.0197	0.0197	0.0197	0.0197	0.0887	0.0197	0.0197	0.0197	0.0223	0.0196	0.0197	0.0197	0.0197	0.0201	0.0195	0.0197	0.0197	0.0197	0.0196	0.0197	0.0183	0.023	0.0197
  F	0.0165	0.0165	0.0165	0.0165	0.0169	0	0.0166	0.0165	0.0184	0.0165	0.0165	0.0213	0.0165	0.0166	0.0165	0.0281	0.0165	0.095	0.0165	0.0165	0.0165	0.0191	0.0165	0.0165	0.0165	0.0165	0.0165	0.0166	0.0165	0.0165	0.0165	0.0165	0.0165	0.0165	0.0196	0.0165	0.0792	0.0165	0.0165	0.0165	0.0165	0.0165	0.0165	0.0165	0.0165	0.0165	0.0561	0.0165	0.0165	0.0165	0.0165	0.0182	0.0165	0.0165	0.0165	0.0165	0.0174	0.0165	0.0165	0.0165	0.0212	0.0165	0.0209	0.0165	0.0165
  G	0.0078	0.0078	0.0082	0.0078	0.0078	0.0078	0	0.0078	0.0194	0.0078	0.0078	0.008	0.0078	0.0078	0.0078	0.0078	0.0078	0.0078	0.0078	0.008	0.012	0.0081	0.0078	0.0078	0.0077	0.0078	0.0078	0.0077	0.0078	0.0078	0.0078	0.0078	0.0078	0.0078	0.008	0.0077	0.0082	0.0078	0.0079	0.0078	0.0078	0.0078	0.0078	0.0078	0.0078	0.0078	0.011	0.0078	0.0113	0.0078	0.0081	0.0111	0.0078	0.0078	0.0078	0.0078	0.0155	0.0078	0.0078	0.0099	0.0078	0.0078	0.053	0.0077	0.0078
  H	0.0186	0.0186	0.0186	0.0186	0.0186	0.0186	0.0186	0	0.0182	0.0186	0.0186	0.0255	0.0186	0.0186	0.0186	0.0186	0.0186	0.0184	0.0186	0.0186	0.0185	0.0186	0.0186	0.0186	0.0186	0.0186	0.0186	0.0186	0.0216	0.0186	0.0186	0.0186	0.0186	0.0186	0.0186	0.0278	0.0185	0.0186	0.0186	0.0186	0.0186	0.0186	0.0186	0.0186	0.0186	0.0186	0.0185	0.0186	0.0186	0.0186	0.0212	0.0186	0.0186	0.0186	0.0186	0.0186	0.0185	0.0186	0.0186	0.0186	0.0186	0.0186	0.0174	0.0464	0.0186
  I	0.0016	0.0025	0.0016	0.0016	0.0016	0.0018	0.0041	0.0016	0	0.0016	0.0024	0.0046	0.0016	0.0016	0.0016	0.0021	0.0016	0.002	0.0016	0.0017	0.0049	0.0016	0.0016	0.0016	0.0016	0.0016	0.0016	0.0017	0.0031	0.0016	0.0016	0.0016	0.0016	0.0016	0.0055	0.0016	0.0016	0.0016	0.0016	0.0016	0.0016	0.0016	0.0024	0.0016	0.0016	0.0016	0.0027	0.0016	0.0016	0.0016	0.0051	0.0025	0.0016	0.0016	0.0016	0.0018	0.004	0.0016	0.0016	0.0016	0.0016	0.0016	0.1399	0.0038	0.0016
  J	0.0189	0.0189	0.0194	0.0189	0.0188	0.0188	0.0188	0.0189	0.0184	0	0.0237	0.0184	0.0189	0.0189	0.0189	0.0189	0.0189	0.0187	0.0189	0.0188	0.0187	0.0189	0.0189	0.0189	0.0188	0.0189	0.0189	0.0215	0.0188	0.0189	0.0189	0.0189	0.0189	0.0189	0.0188	0.0188	0.0187	0.0189	0.0189	0.0189	0.0189	0.0189	0.0189	0.0189	0.0189	0.0189	0.0188	0.0189	0.0189	0.0189	0.0187	0.0188	0.0189	0.0189	0.0189	0.0188	0.0187	0.0189	0.0189	0.0189	0.0188	0.0189	0.0194	0.0187	0.0202
  K	0.0098	0.0098	0.0106	0.0098	0.0098	0.0098	0.0098	0.0098	0.0146	0.0124	0	0.0097	0.0098	0.0098	0.0098	0.0098	0.0098	0.0098	0.0098	0.0098	0.01	0.0098	0.0098	0.0098	0.0098	0.0098	0.0098	0.0123	0.0098	0.0098	0.0098	0.0098	0.0098	0.0098	0.0104	0.0098	0.0098	0.0098	0.0098	0.0125	0.0098	0.0098	0.0098	0.0098	0.0098	0.0098	0.0098	0.0098	0.0098	0.0098	0.0103	0.0098	0.0098	0.0098	0.0098	0.0098	0.0098	0.0098	0.0098	0.0098	0.0147	0.0098	0.045	0.0098	0.0117
  L	0.0051	0.0051	0.0157	0.005	0.0053	0.0066	0.0053	0.0071	0.0146	0.005	0.0051	0	0.005	0.0051	0.005	0.0051	0.0064	0.0051	0.0051	0.0052	0.0717	0.0051	0.005	0.0085	0.0069	0.005	0.0051	0.0069	0.0297	0.0135	0.005	0.005	0.005	0.0051	0.0051	0.0518	0.0276	0.0071	0.0051	0.005	0.005	0.0051	0.005	0.005	0.005	0.0051	0.0497	0.0051	0.0079	0.0059	0.0426	0.0051	0.005	0.0072	0.0051	0.0228	0.0114	0.005	0.0069	0.005	0.0083	0.0051	0.0843	0.0655	0.0059
  M	0.0191	0.0191	0.0191	0.0191	0.0191	0.0191	0.0191	0.0191	0.0186	0.0191	0.0191	0.0187	0	0.0191	0.0191	0.0191	0.0191	0.0189	0.0191	0.0191	0.019	0.0191	0.0191	0.0191	0.0191	0.0191	0.0191	0.0191	0.0191	0.0191	0.0191	0.0191	0.0191	0.0191	0.0191	0.019	0.0475	0.0191	0.0191	0.0191	0.0191	0.0191	0.0191	0.0191	0.0191	0.0191	0.019	0.0191	0.0191	0.0191	0.019	0.0191	0.0191	0.0191	0.0191	0.0191	0.019	0.0191	0.0191	0.0191	0.0191	0.0191	0.0178	0.019	0.0191
  N	0.0169	0.0169	0.0169	0.0169	0.0169	0.0169	0.0169	0.0169	0.0165	0.0169	0.0169	0.0166	0.0169	0	0.0169	0.0169	0.0169	0.0281	0.0169	0.0169	0.0173	0.0169	0.0169	0.0169	0.0169	0.0169	0.0169	0.0169	0.0169	0.0169	0.0169	0.0169	0.0169	0.0169	0.0169	0.0168	0.0168	0.0169	0.0169	0.0169	0.0169	0.0169	0.0169	0.0169	0.0169	0.0169	0.0168	0.0169	0.0169	0.0169	0.0168	0.0242	0.0169	0.0169	0.0169	0.0169	0.0168	0.0169	0.0169	0.0169	0.0175	0.0169	0.0239	0.0168	0.0169
  O	0.0194	0.0194	0.0194	0.0194	0.0245	0.0194	0.0194	0.0194	0.0189	0.0194	0.0194	0.0189	0.0194	0.0194	0	0.0194	0.0194	0.0192	0.0194	0.0194	0.0193	0.0194	0.0194	0.0194	0.0194	0.0245	0.0194	0.0193	0.0193	0.0194	0.0194	0.0194	0.0194	0.0194	0.0194	0.0193	0.0198	0.0194	0.0194	0.0194	0.0194	0.0194	0.0194	0.0194	0.0194	0.0194	0.0362	0.0194	0.0194	0.0194	0.0193	0.0193	0.0194	0.0194	0.0194	0.0207	0.0193	0.0194	0.0194	0.0194	0.0194	0.0194	0.018	0.0192	0.0194
  P	0.0135	0.0135	0.0135	0.0135	0.0135	0.0229	0.0135	0.0135	0.0176	0.0135	0.0135	0.0133	0.0135	0.0135	0.0135	0	0.0135	0.0324	0.0135	0.0135	0.0164	0.0135	0.0135	0.0135	0.0135	0.0135	0.0135	0.0165	0.0135	0.0135	0.0135	0.0135	0.0135	0.0135	0.0138	0.0134	0.018	0.0135	0.0135	0.0135	0.0135	0.0135	0.0135	0.0135	0.0135	0.0135	0.0135	0.0135	0.0135	0.0135	0.0134	0.0135	0.0135	0.0135	0.0184	0.0135	0.0134	0.0135	0.0135	0.0135	0.0405	0.0135	0.0375	0.0134	0.0135
  Q	0.0189	0.0189	0.0188	0.0189	0.0189	0.0189	0.0188	0.0189	0.0184	0.0189	0.0188	0.0233	0.0189	0.0189	0.0189	0.0189	0	0.0187	0.0189	0.0188	0.0187	0.0189	0.0189	0.0189	0.0188	0.0189	0.0189	0.0188	0.0188	0.0189	0.0189	0.0189	0.0189	0.0189	0.0188	0.0188	0.0314	0.0189	0.0189	0.0189	0.0189	0.0189	0.0189	0.0189	0.0189	0.0189	0.0406	0.0189	0.0189	0.0189	0.0187	0.0188	0.0189	0.0189	0.0189	0.0188	0.0187	0.0189	0.0189	0.0189	0.0188	0.0189	0.0176	0.0187	0.0189
  R	0.0132	0.0132	0.0133	0.0464	0.0132	0.0766	0.0134	0.0132	0.0165	0.0132	0.0133	0.0133	0.0132	0.0222	0.0132	0.032	0.0132	0	0.0132	0.0133	0.0222	0.0286	0.0132	0.0132	0.0132	0.0132	0.0132	0.063	0.0133	0.0132	0.0132	0.0132	0.0132	0.0132	0.0156	0.0132	0.0915	0.0132	0.0132	0.0132	0.0132	0.0132	0.0132	0.0132	0.0132	0.0132	0.0144	0.0132	0.0132	0.0132	0.0132	0.105	0.0132	0.0132	0.0132	0.0133	0.0132	0.0132	0.0132	0.0132	0.0248	0.0132	0.0215	0.0132	0.0132
  S	0.0169	0.0169	0.0169	0.0169	0.0169	0.0169	0.0169	0.0169	0.0166	0.0169	0.0169	0.0166	0.0169	0.0169	0.0169	0.0169	0.0169	0.0168	0	0.0169	0.0169	0.0169	0.0169	0.0169	0.0169	0.0169	0.0169	0.0169	0.0169	0.0169	0.0169	0.0169	0.0169	0.0169	0.0169	0.0169	0.0168	0.0169	0.0169	0.0169	0.0169	0.0169	0.0169	0.0169	0.0169	0.0169	0.0169	0.0169	0.0169	0.0169	0.0168	0.0169	0.0169	0.0169	0.0169	0.0169	0.0169	0.0169	0.0169	0.0169	0.0169	0.0169	0.0238	0.0168	0.0169
  T	0.0078	0.0078	0.0078	0.0078	0.0078	0.0078	0.0081	0.0078	0.0082	0.0078	0.0078	0.0078	0.0078	0.0078	0.0078	0.0078	0.0078	0.0078	0.0078	0	0.0078	0.0078	0.0078	0.0078	0.0078	0.0078	0.0078	0.0078	0.0078	0.0078	0.0078	0.0078	0.0078	0.0078	0.0094	0.0078	0.0091	0.0078	0.0078	0.0078	0.0078	0.0078	0.0099	0.0078	0.0078	0.0078	0.0078	0.0078	0.0121	0.0078	0.0079	0.0078	0.0078	0.0078	0.0078	0.0078	0.0078	0.0078	0.0078	0.0078	0.0078	0.0078	0.0551	0.0078	0.0078
  U	0.0057	0.0057	0.0095	0.0057	0.0057	0.0057	0.0088	0.0057	0.0169	0.0057	0.0058	0.0789	0.0057	0.0058	0.0057	0.0069	0.0057	0.0094	0.0057	0.0057	0	0.0058	0.0056	0.0057	0.0057	0.0056	0.0057	0.0078	0.0057	0.0057	0.0057	0.0057	0.0056	0.0144	0.0118	0.0057	0.0246	0.0078	0.0057	0.0057	0.0057	0.0056	0.0057	0.0056	0.0056	0.0057	0.0064	0.0057	0.0058	0.0059	0.0057	0.0064	0.0057	0.0057	0.0057	0.006	0.0057	0.0056	0.0057	0.0057	0.0067	0.0057	0.0523	0.0134	0.0057
