Map from character to field name
A:	Algeria
B:	Argentina
C:	Australia
D:	Austria
E:	Bangladesh
F:	Belgium
G:	Brazil
H:	Cambodia
I:	Canada
J:	Chad
K:	Chile
L:	China
M:	Czech Republic
N:	Denmark
O:	Egypt
P:	France
Q:	Georgia
R:	Germany
S:	Guam
T:	Guatemala
U:	Hong Kong
V:	Hungary
W:	Iceland
X:	India
Y:	Indonesia
Z:	Iran
[:	Ireland
\:	Italy
]:	Japan
^:	Kazakhstan
_:	Kuwait
`:	Laos
a:	Luxembourg
b:	Malaysia
c:	Mexico
d:	Mongolia
e:	Netherlands
f:	New Zealand
g:	Nicaragua
h:	Nigeria
i:	Norway
j:	Pakistan
k:	Peru
l:	Philippines
m:	Poland
n:	Romania
o:	Russia
p:	Saudi Arabia
q:	Singapore
r:	South Africa
s:	South Korea
t:	Spain
u:	Sri Lanka
v:	Sweden
w:	Switzerland
x:	Taiwan
y:	Thailand
z:	Turkey
{:	Ukraine
|:	United Arab Emirates
}:	United Kingdom
~:	Uruguay
:	Usa
:	Vietnam
:	Zambia
:	?


Substitution rate (mu): 23.20791

Equilibrium frequencies (pi_i):
  A: 0.0182
  B: 0.0159
  C: 0.0101
  D: 0.0181
  E: 0.0174
  F: 0.0163
  G: 0.0086
  H: 0.0183
  I: 0.0018
  J: 0.0195
  K: 0.0096
  L: 0.008
  M: 0.0196
  N: 0.0186
  O: 0.0173
  P: 0.0174
  Q: 0.0198
  R: 0.012
  S: 0.0173
  T: 0.0072
  U: 0.0057
  V: 0.0191
  W: 0.0193
  X: 0.0189
  Y: 0.0191
  Z: 0.0194
  [: 0.0173
  \: 0.0154
  ]: 0.0096
  ^: 0.0162
  _: 0.0182
  `: 0.0197
  a: 0.0196
  b: 0.017
  c: 0.0114
  d: 0.0098
  e: 0.0043
  f: 0.019
  g: 0.0198
  h: 0.0173
  i: 0.0194
  j: 0.0195
  k: 0.0175
  l: 0.0194
  m: 0.0197
  n: 0.0193
  o: 0.0096
  p: 0.014
  q: 0.0181
  r: 0.0158
  s: 0.0065
  t: 0.0175
  u: 0.0194
  v: 0.0163
  w: 0.0151
  x: 0.0141
  y: 0.0108
  z: 0.0197
  {: 0.0192
  |: 0.0188
  }: 0.0108
  ~: 0.0173
  : 0.0052
  : 0.0107
  : 0.0193

Symmetrized rates from j->i (W_ij):
	A	B	C	D	E	F	G	H	I	J	K	L	M	N	O	P	Q	R	S	T	U	V	W	X	Y	Z	[	\	]	^	_	`	a	b	c	d	e	f	g	h	i	j	k	l	m	n	o	p	q	r	s	t	u	v	w	x	y	z	{	|	}	~			
  A	0	0.961	0.9595	0.961	0.9604	0.9602	0.96	0.9614	0.9357	0.9611	0.9609	0.9407	0.9609	0.961	0.9606	0.9608	0.9609	0.9484	0.961	0.9612	0.9539	0.9609	0.961	0.9609	0.9601	0.9609	0.9611	0.9565	1.1988	0.961	0.961	0.9611	0.961	0.961	0.9588	0.9568	0.9533	0.9609	0.961	0.9611	0.961	0.961	0.9611	0.961	0.961	0.9611	0.9567	0.961	0.9611	0.9612	0.9549	0.9578	0.961	0.9611	0.9612	0.9609	0.9549	0.961	0.9611	0.961	0.9602	0.961	1.1547	0.9533	0.961
  B	0.961	0	0.9593	0.9608	0.9602	0.9601	0.9595	0.9613	1.0756	0.9609	0.9605	0.9411	0.9607	0.9608	0.9604	0.9606	0.9607	0.9498	0.9608	0.9606	1.3612	0.9607	0.9608	0.9607	0.96	0.9607	0.9608	0.9569	0.9595	0.9607	0.9608	0.9608	0.9608	1.0241	0.9587	0.9568	0.9536	0.9608	0.9608	0.9608	0.9608	0.9608	0.9608	0.9608	0.9608	0.9609	0.9568	0.9607	0.9609	0.9745	0.9546	0.958	0.9608	0.9608	0.9609	0.9603	0.9554	0.9607	0.9609	0.9608	0.9597	0.9608	1.6687	0.9541	0.9608
  C	0.9595	0.9593	0	0.9591	1.0324	0.9614	1.7523	0.9605	0.9719	1.0126	1.2883	3.4824	0.9588	1.2138	0.9589	0.9595	0.959	0.9557	0.9589	0.9641	3.1357	1.4357	0.9587	0.9607	0.9589	0.9588	0.9589	1.0919	1.4904	0.9598	0.959	0.9586	0.9587	1.2487	0.961	0.9691	4.0829	0.9623	1.9132	0.9589	0.9588	0.9586	1.2073	0.9588	0.9585	0.9587	1.1365	0.9595	1.7911	0.9595	2.3651	0.9571	0.9587	0.9596	0.9596	1.2918	0.9579	0.9585	0.9593	0.9587	0.9616	0.9589	4.0487	1.4262	1.0813
  D	0.961	0.9608	0.9591	0	0.9603	0.9606	0.9594	0.9612	0.9325	0.961	0.9603	1.2833	0.9608	0.9613	0.9605	0.961	0.9608	3.333	0.9609	0.9606	0.9539	0.9609	0.9611	0.9608	0.96	0.9608	0.9609	1.2921	0.9593	0.961	0.9609	0.9609	0.9609	0.9609	0.9584	0.9565	0.9534	0.9608	0.9609	0.9609	0.9609	0.9609	0.9609	0.9609	0.9638	0.961	0.9567	0.9608	0.9611	0.9609	0.9538	0.958	0.9609	0.9609	0.961	0.9603	0.9552	0.9609	0.961	0.9609	1.2014	0.9609	0.8947	0.9531	0.961
  E	0.9604	0.9602	1.0324	0.9603	0	0.9602	0.9594	0.9608	0.9347	0.9602	0.9609	2.3685	0.9601	0.9602	0.9602	0.96	1.435	0.9491	0.9602	0.9605	0.9554	0.9601	0.9604	1.1729	0.9594	0.9603	0.9602	0.9564	1.0555	0.9604	0.9602	0.9601	0.9601	0.9604	0.9582	1.4405	1.9329	0.9602	0.9601	0.9602	0.9601	0.9601	0.9604	0.9601	0.9601	0.9602	3.3327	0.9603	0.9605	0.9605	0.9548	0.9572	0.9601	0.9603	0.9604	0.9602	0.9546	0.9601	0.9607	0.9602	0.9597	0.9602	1.0167	1.2275	0.9604
  F	0.9602	0.9601	0.9614	0.9606	0.9602	0	0.9596	0.9604	1.3541	0.9601	0.9608	1.4332	1.0815	0.9607	0.9605	2.3268	0.9602	3.8798	0.96	0.9606	0.9594	0.9936	0.9609	0.9604	0.9596	0.9621	0.96	1.387	0.9606	0.9601	0.96	0.9599	0.9608	0.9603	0.9586	0.9601	4.0254	0.9601	0.9599	0.96	0.96	0.9599	0.9604	0.96	0.9599	0.9602	3.8667	0.9602	0.9605	0.9604	1.0578	1.3874	0.9599	0.9603	0.9604	0.96	0.9729	0.9599	0.9616	0.96	1.0446	0.96	1.2985	0.9542	0.9605
  G	0.96	0.9595	1.7523	0.9594	0.9594	0.9596	0	0.9603	3.2147	0.9594	1.0027	1.5692	0.9591	0.96	0.9592	0.9595	0.9592	0.9544	0.9593	1.0026	1.9872	0.9591	0.9592	0.9593	0.9588	0.9591	0.9593	1.0187	1.439	0.9596	0.9593	0.9591	0.9592	0.9595	0.9591	0.9597	0.9581	0.9591	0.9593	0.9593	0.9591	0.9591	0.9594	0.9591	0.9591	0.9593	1.0348	0.9596	1.2593	0.9596	0.9577	0.9578	0.9591	0.9595	0.9597	0.9617	0.9586	0.9591	0.9594	1.3075	0.9598	0.9608	5.7882	0.9633	0.9596
  H	0.9614	0.9613	0.9605	0.9612	0.9608	0.9604	0.9603	0	0.9491	0.9612	0.9609	1.4348	0.961	0.9613	0.9608	0.9612	0.9611	0.9487	0.9612	0.9611	1.3061	0.961	0.9612	0.9611	0.9603	0.9611	0.9612	0.9568	0.961	0.9611	0.9612	0.9612	0.9612	0.9622	0.9591	1.4365	0.9567	0.9615	0.9612	0.9612	0.9611	0.9613	0.9613	0.9612	0.9611	0.9612	0.9574	0.9611	0.9614	0.9614	0.9551	0.958	0.9613	0.9612	0.9613	0.9614	0.9561	0.9611	0.9612	0.9612	0.9601	0.9612	0.9665	2.0684	0.9612
  I	0.9357	1.0756	0.9719	0.9325	0.9347	1.3541	3.2147	0.9491	0	0.9304	1.453	3.957	0.9303	0.9326	0.9527	1.1748	0.9302	0.9429	0.9337	1.4798	5.0124	0.931	0.9307	0.9316	0.9312	0.9306	0.9337	1.4533	2.3755	0.936	0.9323	0.9301	0.9303	0.9348	2.5428	1.4648	1.0885	0.9313	0.9299	0.9337	0.9306	0.9304	0.9486	0.9306	0.9299	0.9309	3.147	0.939	0.9329	0.9362	1.9097	0.9332	0.9305	0.9355	0.9378	0.9556	3.6535	0.9299	0.9318	0.9316	0.9454	0.9339	72.0074	1.4779	0.9311
  J	0.9611	0.9609	1.0126	0.961	0.9602	0.9601	0.9594	0.9612	0.9304	0	1.034	0.9364	0.9608	0.9705	0.9605	0.9606	0.9608	0.9477	0.9609	0.9606	0.9526	0.9609	0.961	0.9608	0.96	0.9609	0.9609	1.3722	0.959	0.9608	0.9609	0.9609	0.9609	0.9609	0.9582	0.9558	0.9517	0.9608	0.9609	0.9609	0.9609	0.9609	0.961	0.9609	0.9609	0.961	0.9559	0.9608	0.9611	0.961	0.9532	0.9576	0.9609	0.9609	0.961	0.9602	0.9542	0.9609	0.961	0.9609	0.9597	0.9609	0.9039	0.9522	1.0065
  K	0.9609	0.9605	1.2883	0.9603	0.9609	0.9608	1.0027	0.9609	1.453	1.034	0	1.0195	0.9601	1.068	0.9601	0.9606	0.9602	0.9547	0.9603	0.9622	0.9814	0.9603	0.9601	0.9604	0.9597	0.9601	0.9603	1.1638	1.0448	0.961	0.9602	0.9602	0.9601	0.9606	0.96	0.9635	0.9668	0.9601	0.9605	0.9603	0.9601	0.9601	0.9605	0.9601	0.96	0.9603	0.9818	0.9609	0.961	0.9607	0.9619	0.9585	0.9601	0.9606	1.1411	0.9629	1.435	0.96	0.9604	0.9602	1.4407	0.9603	4.9983	0.967	1.1218
  L	0.9407	0.9411	3.4824	1.2833	2.3685	1.4332	1.5692	1.4348	3.957	0.9364	1.0195	0	0.9363	0.9409	0.9406	1.2559	0.9367	1.414	0.9389	1.4016	13.2462	0.9371	0.9368	1.4148	0.9522	0.9372	0.9389	1.0739	5.288	3.5311	0.9379	0.9361	0.9361	0.941	0.9673	11.4913	8.5553	0.9446	0.9372	0.9389	0.9364	0.9389	0.9398	0.9364	0.9366	0.9365	7.327	0.9432	2.2218	0.9418	5.7302	0.9379	0.9363	1.0257	0.9421	2.4757	1.8982	0.9359	0.9564	0.9371	2.2652	0.9389	8.9021	11.3489	1.2065
  M	0.9609	0.9607	0.9588	0.9608	0.9601	1.0815	0.9591	0.961	0.9303	0.9608	0.9601	0.9363	0	0.9607	0.9603	0.9605	0.9606	0.9476	0.9607	0.9605	0.9525	0.9606	0.9608	0.9606	0.9598	0.9607	0.9607	0.956	0.9589	0.9606	0.9607	0.9607	0.9607	0.9607	0.9581	0.9559	1.1393	0.9606	0.9607	0.9607	0.9607	0.9607	0.9608	0.9607	0.9607	0.9608	1.6479	0.9606	0.9608	0.9608	0.9531	0.9573	0.9607	0.9607	0.9608	0.96	0.954	0.9607	0.961	0.9607	0.9595	0.9607	0.8885	0.9521	0.9608
  N	0.961	0.9608	1.2138	0.9613	0.9602	0.9607	0.96	0.9613	0.9326	0.9705	1.068	0.9409	0.9607	0	0.9604	0.9608	0.9607	1.7878	0.9608	0.9605	1.256	0.9609	0.961	0.9607	0.9599	0.9608	0.9608	0.9935	0.9592	0.9607	0.9608	0.9608	0.9608	0.9611	0.9583	0.956	0.9555	0.9608	0.9608	0.9608	0.9608	0.9608	0.9609	0.9608	0.9608	0.9609	0.9563	0.9607	0.961	0.9609	0.9535	0.9587	0.9609	0.9608	0.9609	0.9605	0.9551	0.9608	0.9609	0.9608	0.9598	0.9608	0.9846	0.9682	0.9784
  O	0.9606	0.9604	0.9589	0.9605	0.9602	0.9605	0.9592	0.9608	0.9527	0.9605	0.9601	0.9406	0.9603	0.9604	0	0.9602	0.9603	0.9486	0.9604	0.9604	0.9536	0.9603	0.9604	0.9608	0.9596	0.9606	0.9604	0.9563	0.9591	0.9604	0.9604	0.9604	0.9604	0.9604	0.9583	0.9563	1.4151	0.9603	0.9604	0.9604	0.9604	0.9604	0.9605	0.9604	0.9603	0.9605	0.9662	0.9604	0.9605	0.9605	0.9539	0.9574	0.9604	0.9604	0.9606	0.9599	0.9547	0.9603	0.9605	0.9604	0.9595	0.9604	1.3252	0.953	0.9604
  P	0.9608	0.9606	0.9595	0.961	0.96	2.3268	0.9595	0.9612	1.1748	0.9606	0.9606	1.2559	0.9605	0.9608	0.9602	0	0.9605	1.5029	0.9606	0.9606	1.7101	0.9606	0.9606	0.9605	0.9598	0.9605	0.9606	1.0746	0.9609	0.9606	0.9606	0.9605	0.9605	0.9608	0.9586	0.9565	1.4323	0.9605	0.9605	0.9606	0.9605	0.9605	0.9607	0.9605	0.9605	1.2191	0.962	0.9606	0.9608	0.9607	0.9542	0.9581	0.9605	0.9606	1.3027	0.9602	0.9554	0.9605	0.9607	0.9606	2.5615	0.9606	1.4725	0.9536	0.9606
  Q	0.9609	0.9607	0.959	0.9608	1.435	0.9602	0.9592	0.9611	0.9302	0.9608	0.9602	0.9367	0.9606	0.9607	0.9603	0.9605	0	0.9472	0.9607	0.9605	0.9525	0.9606	0.9609	0.9607	0.9598	0.9607	0.9608	0.956	0.959	0.9606	0.9608	0.9607	0.9608	0.9608	0.9582	0.956	1.4154	0.9607	0.9607	0.9608	0.9607	0.9607	0.9609	0.9607	0.9607	0.9608	1.9574	0.9607	0.9609	0.9609	0.9531	0.9573	0.9607	0.9607	0.9608	0.96	0.954	0.9607	0.961	0.9608	0.9595	0.9607	0.888	0.9522	0.9608
  R	0.9484	0.9498	0.9557	3.333	0.9491	3.8798	0.9544	0.9487	0.9429	0.9477	0.9547	1.414	0.9476	1.7878	0.9486	1.5029	0.9472	0	0.9488	0.956	1.6658	1.8589	1.3891	0.9479	0.9474	0.9474	0.9488	6.1001	0.9544	0.9501	0.9482	0.9472	0.9473	0.9495	0.9518	0.9523	6.3455	0.9479	0.9471	0.9488	0.9474	0.9473	0.9491	0.9474	0.9472	0.9475	1.3751	0.9511	0.9489	0.95	0.9525	7.2567	0.9474	0.95	0.9505	0.951	1.4146	0.9472	0.9483	0.9478	1.3455	0.9488	1.8372	0.9605	0.9482
  S	0.961	0.9608	0.9589	0.9609	0.9602	0.96	0.9593	0.9612	0.9337	0.9609	0.9603	0.9389	0.9607	0.9608	0.9604	0.9606	0.9607	0.9488	0	0.9605	0.9535	0.9607	0.9609	0.9607	0.96	0.9608	0.9608	0.9565	0.9592	0.9607	0.9608	0.9608	0.9608	0.9608	0.9585	0.9564	0.9525	0.9607	0.9608	0.9608	0.9608	0.9608	0.9609	0.9608	0.9608	0.9609	0.9565	0.9607	0.9609	0.9609	0.954	0.9578	0.9608	0.9608	0.9609	0.9602	0.9549	0.9608	0.9609	0.9608	0.9596	0.9608	1.344	0.9532	0.9608
  T	0.9612	0.9606	0.9641	0.9606	0.9605	0.9606	1.0026	0.9611	1.4798	0.9606	0.9622	1.4016	0.9605	0.9605	0.9604	0.9606	0.9605	0.956	0.9605	0	0.9604	0.9605	0.9605	0.9605	0.9603	0.9605	0.9605	0.9592	0.9616	0.9606	0.9606	0.9605	0.9605	0.9607	1.0846	0.9596	1.1306	0.9606	0.9605	0.9605	0.9605	0.9605	1.1353	0.9605	0.9605	0.9607	0.9599	0.9606	1.1385	0.9606	0.9583	0.9593	0.9605	0.9606	0.9608	0.9608	0.9583	0.9605	0.9607	0.9605	0.9604	0.9605	8.4755	0.9584	0.9606
  U	0.9539	1.3612	3.1357	0.9539	0.9554	0.9594	1.9872	1.3061	5.0124	0.9526	0.9814	13.2462	0.9525	1.256	0.9536	1.7101	0.9525	1.6658	0.9535	0.9604	0	0.9532	0.9526	0.953	0.953	0.9527	0.9535	1.3215	1.6852	0.9544	0.9534	0.9524	0.9524	3.3997	1.9759	0.9618	9.0441	1.4603	0.9524	0.9535	0.9527	0.9526	0.9544	0.9527	0.9523	0.9527	0.9668	0.9552	1.3145	1.1284	1.0028	0.9533	1.4284	0.9545	0.9549	1.0294	2.7938	0.9523	0.9532	0.9528	0.9627	0.9535	6.5295	4.3938	0.954
  V	0.9609	0.9607	1.4357	0.9609	0.9601	0.9936	0.9591	0.961	0.931	0.9609	0.9603	0.9371	0.9606	0.9609	0.9603	0.9606	0.9606	1.8589	0.9607	0.9605	0.9532	0	0.9608	0.9606	0.9599	0.9607	0.9607	1.2569	0.9591	0.9606	0.9607	0.9607	0.9607	0.9608	0.9582	0.9559	1.6976	0.9607	0.9632	0.9607	0.9607	0.9607	0.9614	0.9607	0.9607	0.9608	0.9564	0.9606	0.9609	0.9608	0.9538	0.9597	0.9607	0.9608	0.9608	0.96	0.9544	0.9607	0.9609	0.9607	0.9598	0.9607	0.8904	0.9524	0.9608
  W	0.961	0.9608	0.9587	0.9611	0.9604	0.9609	0.9592	0.9612	0.9307	0.961	0.9601	0.9368	0.9608	0.961	0.9604	0.9606	0.9609	1.3891	0.9609	0.9605	0.9526	0.9608	0	0.9609	0.9599	0.9608	0.9609	0.9564	0.9589	0.9608	0.9609	0.9609	0.9609	0.9609	0.9582	0.9561	0.9526	0.9608	0.9609	0.9609	0.9609	0.9609	0.9609	0.9609	0.9609	0.961	1.0377	0.9608	0.961	0.961	0.9533	0.958	0.9609	0.9609	0.9609	0.9602	0.9543	0.9608	0.961	0.9609	0.9596	0.9609	0.8895	0.9523	0.961
  X	0.9609	0.9607	0.9607	0.9608	1.1729	0.9604	0.9593	0.9611	0.9316	0.9608	0.9604	1.4148	0.9606	0.9607	0.9608	0.9605	0.9607	0.9479	0.9607	0.9605	0.953	0.9606	0.9609	0	0.9599	0.9609	0.9607	0.9562	0.9593	0.9607	0.9607	0.9607	0.9607	0.9608	0.9582	1.1087	1.3294	0.9607	0.9607	0.9607	0.9607	0.9607	0.9609	0.9607	0.9607	0.9608	2.2918	0.9607	0.9611	0.9609	0.9535	0.9575	0.9607	0.9608	0.9608	0.9601	0.9543	0.9607	0.961	0.9607	0.9596	0.9607	0.8952	0.9527	0.9609
  Y	0.9601	0.96	0.9589	0.96	0.9594	0.9596	0.9588	0.9603	0.9312	0.96	0.9597	0.9522	0.9598	0.9599	0.9596	0.9598	0.9598	0.9474	0.96	0.9603	0.953	0.9599	0.9599	0.9599	0	0.9599	0.96	0.9557	0.9588	0.9599	0.96	0.9599	0.9599	0.9602	0.9578	0.9561	1.1696	0.96	0.9598	0.96	0.9599	0.9599	0.9601	0.9599	0.9598	0.96	0.9574	0.9601	0.9601	0.9601	1.1102	0.9567	0.9599	0.9601	0.9602	0.9595	0.9538	0.9598	0.96	0.9599	0.9592	0.96	0.9666	0.9525	0.96
  Z	0.9609	0.9607	0.9588	0.9608	0.9603	0.9621	0.9591	0.9611	0.9306	0.9609	0.9601	0.9372	0.9607	0.9608	0.9606	0.9605	0.9607	0.9474	0.9608	0.9605	0.9527	0.9607	0.9608	0.9609	0.9599	0	0.9608	0.9561	0.9589	0.9607	0.9608	0.9608	0.9608	0.9608	0.9582	0.9559	1.4175	0.9607	0.9608	0.9608	0.9608	0.9608	0.9609	0.9608	0.9608	0.9609	0.9622	0.9607	0.9609	0.9609	0.9532	0.9574	0.9608	0.9608	0.9609	0.9601	0.9542	0.9607	0.9609	0.9608	0.9595	0.9608	0.8892	0.9522	0.9608
  [	0.9611	0.9608	0.9589	0.9609	0.9602	0.96	0.9593	0.9612	0.9337	0.9609	0.9603	0.9389	0.9607	0.9608	0.9604	0.9606	0.9608	0.9488	0.9608	0.9605	0.9535	0.9607	0.9609	0.9607	0.96	0.9608	0	0.9565	0.9593	0.9607	0.9608	0.9608	0.9608	0.9608	0.9585	0.9564	0.9525	0.9607	0.9608	0.9608	0.9608	0.9608	0.9609	0.9608	0.9608	0.9609	0.9564	0.9607	0.9609	0.9609	0.954	0.9578	0.9608	0.9608	0.9609	0.9602	0.9549	0.9608	0.9609	0.9608	0.9596	0.9608	1.3441	0.9532	0.9609
  \	0.9565	0.9569	1.0919	1.2921	0.9564	1.387	1.0187	0.9568	1.4533	1.3722	1.1638	1.0739	0.956	0.9935	0.9563	1.0746	0.956	6.1001	0.9565	0.9592	1.3215	1.2569	0.9564	0.9562	0.9557	0.9561	0.9565	0	0.9584	0.957	0.9564	0.9559	0.956	0.9571	0.9564	0.9557	4.3482	0.9564	0.956	0.9565	0.9561	0.956	0.957	0.9561	0.959	0.9562	0.9571	0.9574	0.9582	0.957	0.9542	1.0891	0.956	1.108	1.4362	0.9574	0.9546	0.956	0.9564	0.9562	1.2736	0.9565	1.4206	0.9527	1.1196
  ]	1.1988	0.9595	1.4904	0.9593	1.0555	0.9606	1.439	0.961	2.3755	0.959	1.0448	5.288	0.9589	0.9592	0.9591	0.9609	0.959	0.9544	0.9592	0.9616	1.6852	0.9591	0.9589	0.9593	0.9588	0.9589	0.9593	0.9584	0	0.9929	0.9591	1.4382	0.9589	0.9599	0.9595	3.5075	2.1311	0.9592	0.959	0.9593	0.9589	0.9589	0.9595	0.9589	0.9588	0.959	1.7343	0.9598	0.9599	0.9599	1.8493	0.9574	0.9589	0.9597	0.9599	2.5011	0.9585	0.9588	0.9597	0.959	1.4421	0.9593	4.5332	2.1692	0.9595
  ^	0.961	0.9607	0.9598	0.961	0.9604	0.9601	0.9596	0.9611	0.936	0.9608	0.961	3.5311	0.9606	0.9607	0.9604	0.9606	0.9606	0.9501	0.9607	0.9606	0.9544	0.9606	0.9608	0.9607	0.9599	0.9607	0.9607	0.957	0.9929	0	0.9607	0.9607	0.9607	0.9607	0.9586	1.1666	0.9551	0.9606	0.9607	0.9607	0.9607	0.9607	0.9608	0.9607	0.9607	0.9608	1.0118	0.9607	0.9609	0.9608	0.9548	0.9579	0.9607	0.9607	0.9608	0.9603	0.9553	0.9607	0.9608	0.9607	1.408	0.9607	1.0488	0.9573	0.9608
  _	0.961	0.9608	0.959	0.9609	0.9602	0.96	0.9593	0.9612	0.9323	0.9609	0.9602	0.9379	0.9607	0.9608	0.9604	0.9606	0.9608	0.9482	0.9608	0.9606	0.9534	0.9607	0.9609	0.9607	0.96	0.9608	0.9608	0.9564	0.9591	0.9607	0	0.9608	0.9608	0.9608	0.9584	0.9561	1.1868	0.9608	0.9608	0.9608	0.9608	0.9608	0.9609	0.9608	0.9608	0.9609	0.9562	0.9607	0.9609	0.9609	0.9537	0.9577	0.9608	0.9608	0.9609	0.9602	0.9546	0.9608	0.9609	0.9608	0.9596	0.9608	1.125	0.9529	0.9609
  `	0.9611	0.9608	0.9586	0.9609	0.9601	0.9599	0.9591	0.9612	0.9301	0.9609	0.9602	0.9361	0.9607	0.9608	0.9604	0.9605	0.9607	0.9472	0.9608	0.9605	0.9524	0.9607	0.9609	0.9607	0.9599	0.9608	0.9608	0.9559	1.4382	0.9607	0.9608	0	0.9608	0.9608	0.9582	0.9558	0.9513	0.9607	0.9608	0.9608	0.9608	0.9608	0.9609	0.9608	0.9608	0.9609	0.9558	0.9607	0.9609	0.9609	0.953	0.9574	0.9608	0.9608	0.9609	0.9601	0.9541	0.9608	0.9609	0.9608	0.9594	0.9608	0.8883	0.9521	0.9608
  a	0.961	0.9608	0.9587	0.9609	0.9601	0.9608	0.9592	0.9612	0.9303	0.9609	0.9601	0.9361	0.9607	0.9608	0.9604	0.9605	0.9608	0.9473	0.9608	0.9605	0.9524	0.9607	0.9609	0.9607	0.9599	0.9608	0.9608	0.956	0.9589	0.9607	0.9608	0.9608	0	0.9608	0.9582	0.9558	0.9514	0.9607	0.9608	0.9608	0.9608	0.9608	0.9609	0.9608	0.9608	0.9609	1.4335	0.9607	0.9609	0.9609	0.9531	0.9575	0.9608	0.9608	0.9609	0.9601	0.9541	0.9608	0.961	0.9608	0.9595	0.9608	0.8885	0.9521	0.9609
  b	0.961	1.0241	1.2487	0.9609	0.9604	0.9603	0.9595	0.9622	0.9348	0.9609	0.9606	0.941	0.9607	0.9611	0.9604	0.9608	0.9608	0.9495	0.9608	0.9607	3.3997	0.9608	0.9609	0.9608	0.9602	0.9608	0.9608	0.9571	0.9599	0.9607	0.9608	0.9608	0.9608	0	0.9589	0.9568	2.8206	0.9636	0.9608	0.9608	0.9608	0.9608	0.9611	0.9608	0.9608	0.9609	0.9569	0.9607	0.9612	1.3135	0.9546	0.9579	0.9609	0.9608	0.9609	0.9607	0.9554	0.9608	0.961	0.9608	0.96	0.9608	1.3575	1.2396	0.961
  c	0.9588	0.9587	0.961	0.9584	0.9582	0.9586	0.9591	0.9591	2.5428	0.9582	0.96	0.9673	0.9581	0.9583	0.9583	0.9586	0.9582	0.9518	0.9585	1.0846	1.9759	0.9582	0.9582	0.9582	0.9578	0.9582	0.9585	0.9564	0.9595	0.9586	0.9584	0.9582	0.9582	0.9589	0	0.9573	1.2154	0.9584	0.9581	0.9585	0.9582	0.9582	1.0874	0.9582	0.9581	0.9583	0.9578	0.9589	1.0887	0.9588	0.9558	0.9565	0.9582	0.9587	0.9589	0.9589	1.1384	0.9581	0.9584	0.9583	0.9588	0.9585	3.366	0.9554	0.9583
  d	0.9568	0.9568	0.9691	0.9565	1.4405	0.9601	0.9597	1.4365	1.4648	0.9558	0.9635	11.4913	0.9559	0.956	0.9563	0.9565	0.956	0.9523	0.9564	0.9596	0.9618	0.9559	0.9561	1.1087	0.9561	0.9559	0.9564	0.9557	3.5075	1.1666	0.9561	0.9558	0.9558	0.9568	0.9573	0	2.637	0.9561	0.9557	0.9564	0.9558	1.0935	0.9566	0.9558	0.9557	0.9558	9.8379	0.9573	0.9568	1.0269	3.114	0.9546	0.9558	0.9568	0.9571	1.7959	1.3028	0.9557	0.9577	0.9559	0.9591	0.9564	1.6004	4.7273	0.9891
  e	0.9533	0.9536	4.0829	0.9534	1.9329	4.0254	0.9581	0.9567	1.0885	0.9517	0.9668	8.5553	1.1393	0.9555	1.4151	1.4323	1.4154	6.3455	0.9525	1.1306	9.0441	1.6976	0.9526	1.3294	1.1696	1.4175	0.9525	4.3482	2.1311	0.9551	1.1868	0.9513	0.9514	2.8206	1.2154	2.637	0	2.2474	0.9531	0.9525	1.4271	0.9517	1.3837	1.427	0.9513	0.9516	11.0505	0.9543	1.4422	0.9547	2.3174	0.9577	0.9515	1.7079	0.954	1.2016	1.1037	0.9513	1.2526	0.9517	2.7018	0.9525	14.5702	3.3986	1.1614
  f	0.9609	0.9608	0.9623	0.9608	0.9602	0.9601	0.9591	0.9615	0.9313	0.9608	0.9601	0.9446	0.9606	0.9608	0.9603	0.9605	0.9607	0.9479	0.9607	0.9606	1.4603	0.9607	0.9608	0.9607	0.96	0.9607	0.9607	0.9564	0.9592	0.9606	0.9608	0.9607	0.9607	0.9636	0.9584	0.9561	2.2474	0	0.9607	0.9607	0.9607	0.9607	0.961	0.9607	0.9607	0.9608	0.9563	0.9607	0.961	0.9609	0.954	0.9575	0.9607	0.9608	0.9608	0.9602	0.9544	0.9607	0.9609	0.9607	1.1779	0.9607	0.9088	1.3921	0.9608
  g	0.961	0.9608	1.9132	0.9609	0.9601	0.9599	0.9593	0.9612	0.9299	0.9609	0.9605	0.9372	0.9607	0.9608	0.9604	0.9605	0.9607	0.9471	0.9608	0.9605	0.9524	0.9632	0.9609	0.9607	0.9598	0.9608	0.9608	0.956	0.959	0.9607	0.9608	0.9608	0.9608	0.9608	0.9581	0.9557	0.9531	0.9607	0	0.9608	0.9608	0.9608	0.9612	0.9608	0.9608	0.9609	0.9559	0.9607	0.9618	0.9609	0.9532	0.9574	0.9608	0.9608	0.9609	0.9601	0.954	0.9608	0.9609	0.9608	0.9594	0.9608	0.8895	0.952	0.9609
  h	0.9611	0.9608	0.9589	0.9609	0.9602	0.96	0.9593	0.9612	0.9337	0.9609	0.9603	0.9389	0.9607	0.9608	0.9604	0.9606	0.9608	0.9488	0.9608	0.9605	0.9535	0.9607	0.9609	0.9607	0.96	0.9608	0.9608	0.9565	0.9593	0.9607	0.9608	0.9608	0.9608	0.9608	0.9585	0.9564	0.9525	0.9607	0.9608	0	0.9608	0.9608	0.9609	0.9608	0.9608	0.9609	0.9564	0.9607	0.9609	0.9609	0.954	0.9578	0.9608	0.9608	0.9609	0.9602	0.9549	0.9608	0.9609	0.9608	0.9596	0.9608	1.3443	0.9532	0.9609
  i	0.961	0.9608	0.9588	0.9609	0.9601	0.96	0.9591	0.9611	0.9306	0.9609	0.9601	0.9364	0.9607	0.9608	0.9604	0.9605	0.9607	0.9474	0.9608	0.9605	0.9527	0.9607	0.9609	0.9607	0.9599	0.9608	0.9608	0.9561	0.9589	0.9607	0.9608	0.9608	0.9608	0.9608	0.9582	0.9558	1.4271	0.9607	0.9608	0.9608	0	0.9608	0.9609	0.9608	0.9608	0.9609	0.9559	0.9607	0.961	0.9609	0.9532	0.9575	0.9608	0.9608	0.9609	0.9601	0.9542	0.9608	0.9609	0.9608	0.9596	0.9608	0.8892	0.9522	0.9608
  j	0.961	0.9608	0.9586	0.9609	0.9601	0.9599	0.9591	0.9613	0.9304	0.9609	0.9601	0.9389	0.9607	0.9608	0.9604	0.9605	0.9607	0.9473	0.9608	0.9605	0.9526	0.9607	0.9609	0.9607	0.9599	0.9608	0.9608	0.956	0.9589	0.9607	0.9608	0.9608	0.9608	0.9608	0.9582	1.0935	0.9517	0.9607	0.9608	0.9608	0.9608	0	0.9609	0.9608	0.9608	0.9609	0.9559	0.9607	0.9609	0.9609	0.9531	0.9575	0.9608	0.9608	0.9609	0.9601	0.9541	0.9608	0.9609	0.9608	0.9595	0.9608	0.8888	1.3007	0.9608
  k	0.9611	0.9608	1.2073	0.9609	0.9604	0.9604	0.9594	0.9613	0.9486	0.961	0.9605	0.9398	0.9608	0.9609	0.9605	0.9607	0.9609	0.9491	0.9609	1.1353	0.9544	0.9614	0.9609	0.9609	0.9601	0.9609	0.9609	0.957	0.9595	0.9608	0.9609	0.9609	0.9609	0.9611	1.0874	0.9566	1.3837	0.961	0.9612	0.9609	0.9609	0.9609	0	0.9609	0.9609	0.961	0.9571	0.9608	1.3279	0.9609	0.9544	0.9579	0.9609	0.961	0.961	0.9603	0.9549	0.9609	0.9611	0.9609	0.9599	0.9609	1.3369	0.9534	0.961
  l	0.961	0.9608	0.9588	0.9609	0.9601	0.96	0.9591	0.9612	0.9306	0.9609	0.9601	0.9364	0.9607	0.9608	0.9604	0.9605	0.9607	0.9474	0.9608	0.9605	0.9527	0.9607	0.9609	0.9607	0.9599	0.9608	0.9608	0.9561	0.9589	0.9607	0.9608	0.9608	0.9608	0.9608	0.9582	0.9558	1.427	0.9607	0.9608	0.9608	0.9608	0.9608	0.9609	0	0.9608	0.9609	0.9558	0.9607	0.961	0.9609	0.9532	0.9575	0.9608	0.9608	0.9609	0.9601	0.9542	0.9608	0.9609	0.9608	0.9596	0.9608	0.8892	0.9522	0.9609
  m	0.961	0.9608	0.9585	0.9638	0.9601	0.9599	0.9591	0.9611	0.9299	0.9609	0.96	0.9366	0.9607	0.9608	0.9603	0.9605	0.9607	0.9472	0.9608	0.9605	0.9523	0.9607	0.9609	0.9607	0.9598	0.9608	0.9608	0.959	0.9588	0.9607	0.9608	0.9608	0.9608	0.9608	0.9581	0.9557	0.9513	0.9607	0.9608	0.9608	0.9608	0.9608	0.9609	0.9608	0	0.9609	0.9557	0.9607	0.9609	0.9609	0.953	0.9574	0.9608	0.9608	0.9609	0.9601	0.954	0.9608	0.9609	0.9608	1.4712	0.9608	0.8879	0.952	0.9608
  n	0.9611	0.9609	0.9587	0.961	0.9602	0.9602	0.9593	0.9612	0.9309	0.961	0.9603	0.9365	0.9608	0.9609	0.9605	1.2191	0.9608	0.9475	0.9609	0.9607	0.9527	0.9608	0.961	0.9608	0.96	0.9609	0.9609	0.9562	0.959	0.9608	0.9609	0.9609	0.9609	0.9609	0.9583	0.9558	0.9516	0.9608	0.9609	0.9609	0.9609	0.9609	0.961	0.9609	0.9609	0	0.9559	0.9608	0.961	0.961	0.9533	0.9576	0.9609	0.9609	1.2272	0.9602	0.9543	0.9609	0.961	0.9609	0.9598	0.9609	0.9584	0.9523	0.9609
  o	0.9567	0.9568	1.1365	0.9567	3.3327	3.8667	1.0348	0.9574	3.147	0.9559	0.9818	7.327	1.6479	0.9563	0.9662	0.962	1.9574	1.3751	0.9565	0.9599	0.9668	0.9564	1.0377	2.2918	0.9574	0.9622	0.9564	0.9571	1.7343	1.0118	0.9562	0.9558	1.4335	0.9569	0.9578	9.8379	11.0505	0.9563	0.9559	0.9564	0.9559	0.9559	0.9571	0.9558	0.9557	0.9559	0	0.9573	1.0191	1.3507	2.5181	0.9553	0.9558	0.957	0.9571	1.9224	0.9572	0.9557	1.5565	0.956	1.44	0.9564	2.5526	2.361	1.6643
  p	0.961	0.9607	0.9595	0.9608	0.9603	0.9602	0.9596	0.9611	0.939	0.9608	0.9609	0.9432	0.9606	0.9607	0.9604	0.9606	0.9607	0.9511	0.9607	0.9606	0.9552	0.9606	0.9608	0.9607	0.9601	0.9607	0.9607	0.9574	0.9598	0.9607	0.9607	0.9607	0.9607	0.9607	0.9589	0.9573	0.9543	0.9607	0.9607	0.9607	0.9607	0.9607	0.9608	0.9607	0.9607	0.9608	0.9573	0	0.9608	0.9608	0.9553	0.9583	0.9607	2.1123	0.9609	0.9604	0.956	0.9607	0.9608	0.9608	1.437	0.9607	2.2296	0.9547	0.9608
  q	0.9611	0.9609	1.7911	0.9611	0.9605	0.9605	1.2593	0.9614	0.9329	0.9611	0.961	2.2218	0.9608	0.961	0.9605	0.9608	0.9609	0.9489	0.9609	1.1385	1.3145	0.9609	0.961	0.9611	0.9601	0.9609	0.9609	0.9582	0.9599	0.9609	0.9609	0.9609	0.9609	0.9612	1.0887	0.9568	1.4422	0.961	0.9618	0.9609	0.961	0.9609	1.3279	0.961	0.9609	0.961	1.0191	0.9608	0	0.961	0.9892	0.9578	0.9609	0.961	0.961	0.9604	0.9549	0.9609	0.9611	0.9609	0.96	0.9609	0.9182	0.9537	0.9611
  r	0.9612	0.9745	0.9595	0.9609	0.9605	0.9604	0.9596	0.9614	0.9362	0.961	0.9607	0.9418	0.9608	0.9609	0.9605	0.9607	0.9609	0.95	0.9609	0.9606	1.1284	0.9608	0.961	0.9609	0.9601	0.9609	0.9609	0.957	0.9599	0.9608	0.9609	0.9609	0.9609	1.3135	0.9588	1.0269	0.9547	0.9609	0.9609	0.9609	0.9609	0.9609	0.9609	0.9609	0.9609	0.961	1.3507	0.9608	0.961	0	0.9547	0.9581	0.9609	0.9609	0.961	0.9605	0.9555	0.9609	0.9611	0.9609	0.9598	0.9609	1.8028	0.9543	1.1995
  s	0.9549	0.9546	2.3651	0.9538	0.9548	1.0578	0.9577	0.9551	1.9097	0.9532	0.9619	5.7302	0.9531	0.9535	0.9539	0.9542	0.9531	0.9525	0.954	0.9583	1.0028	0.9538	0.9533	0.9535	1.1102	0.9532	0.954	0.9542	1.8493	0.9548	0.9537	0.953	0.9531	0.9546	0.9558	3.114	2.3174	0.954	0.9532	0.954	0.9532	0.9531	0.9544	0.9532	0.953	0.9533	2.5181	0.9553	0.9892	0.9547	0	0.9528	0.9532	0.9546	0.9551	0.9891	0.9984	0.953	0.9539	0.9534	0.957	0.954	9.4254	2.2582	0.9536
  t	0.9578	0.958	0.9571	0.958	0.9572	1.3874	0.9578	0.958	0.9332	0.9576	0.9585	0.9379	0.9573	0.9587	0.9574	0.9581	0.9573	7.2567	0.9578	0.9593	0.9533	0.9597	0.958	0.9575	0.9567	0.9574	0.9578	1.0891	0.9574	0.9579	0.9577	0.9574	0.9575	0.9579	0.9565	0.9546	0.9577	0.9575	0.9574	0.9578	0.9575	0.9575	0.9579	0.9575	0.9574	0.9576	0.9553	0.9583	0.9578	0.9581	0.9528	0	0.9575	0.958	0.9583	0.9577	0.9544	0.9574	0.9576	0.9576	0.9584	0.9578	0.895	0.9513	0.9576
  u	0.961	0.9608	0.9587	0.9609	0.9601	0.9599	0.9591	0.9613	0.9305	0.9609	0.9601	0.9363	0.9607	0.9609	0.9604	0.9605	0.9607	0.9474	0.9608	0.9605	1.4284	0.9607	0.9609	0.9607	0.9599	0.9608	0.9608	0.956	0.9589	0.9607	0.9608	0.9608	0.9608	0.9609	0.9582	0.9558	0.9515	0.9607	0.9608	0.9608	0.9608	0.9608	0.9609	0.9608	0.9608	0.9609	0.9558	0.9607	0.9609	0.9609	0.9532	0.9575	0	0.9608	0.9609	0.9602	0.9542	0.9608	0.9609	0.9608	0.9595	0.9608	0.8891	0.9527	0.9608
  v	0.9611	0.9608	0.9596	0.9609	0.9603	0.9603	0.9595	0.9612	0.9355	0.9609	0.9606	1.0257	0.9607	0.9608	0.9604	0.9606	0.9607	0.95	0.9608	0.9606	0.9545	0.9608	0.9609	0.9608	0.9601	0.9608	0.9608	1.108	0.9597	0.9607	0.9608	0.9608	0.9608	0.9608	0.9587	0.9568	1.7079	0.9608	0.9608	0.9608	0.9608	0.9608	0.961	0.9608	0.9608	0.9609	0.957	2.1123	0.961	0.9609	0.9546	0.958	0.9608	0	0.9609	0.9603	0.9553	0.9608	0.961	0.9608	0.9628	0.9608	1.7144	0.9538	0.9609
  w	0.9612	0.9609	0.9596	0.961	0.9604	0.9604	0.9597	0.9613	0.9378	0.961	1.1411	0.9421	0.9608	0.9609	0.9606	1.3027	0.9608	0.9505	0.9609	0.9608	0.9549	0.9608	0.9609	0.9608	0.9602	0.9609	0.9609	1.4362	0.9599	0.9608	0.9609	0.9609	0.9609	0.9609	0.9589	0.9571	0.954	0.9608	0.9609	0.9609	0.9609	0.9609	0.961	0.9609	0.9609	1.2272	0.9571	0.9609	0.961	0.961	0.9551	0.9583	0.9609	0.9609	0	0.9605	0.9558	0.9609	0.961	0.9609	0.9602	0.9609	2.0274	0.9543	0.961
  x	0.9609	0.9603	1.2918	0.9603	0.9602	0.96	0.9617	0.9614	0.9556	0.9602	0.9629	2.4757	0.96	0.9605	0.9599	0.9602	0.96	0.951	0.9602	0.9608	1.0294	0.96	0.9602	0.9601	0.9595	0.9601	0.9602	0.9574	2.5011	0.9603	0.9602	0.9601	0.9601	0.9607	0.9589	1.7959	1.2016	0.9602	0.9601	0.9602	0.9601	0.9601	0.9603	0.9601	0.9601	0.9602	1.9224	0.9604	0.9604	0.9605	0.9891	0.9577	0.9602	0.9603	0.9605	0	0.9847	0.96	0.9604	0.9601	0.96	0.9602	2.1859	2.5217	0.9604
  y	0.9549	0.9554	0.9579	0.9552	0.9546	0.9729	0.9586	0.9561	3.6535	0.9542	1.435	1.8982	0.954	0.9551	0.9547	0.9554	0.954	1.4146	0.9549	0.9583	2.7938	0.9544	0.9543	0.9543	0.9538	0.9542	0.9549	0.9546	0.9585	0.9553	0.9546	0.9541	0.9541	0.9554	1.1384	1.3028	1.1037	0.9544	0.954	0.9549	0.9542	0.9541	0.9549	0.9542	0.954	0.9543	0.9572	0.956	0.9549	0.9555	0.9984	0.9544	0.9542	0.9553	0.9558	0.9847	0	0.954	0.9544	0.9544	0.9853	0.9549	3.0064	1.1423	0.9543
  z	0.961	0.9607	0.9585	0.9609	0.9601	0.9599	0.9591	0.9611	0.9299	0.9609	0.96	0.9359	0.9607	0.9608	0.9603	0.9605	0.9607	0.9472	0.9608	0.9605	0.9523	0.9607	0.9608	0.9607	0.9598	0.9607	0.9608	0.956	0.9588	0.9607	0.9608	0.9608	0.9608	0.9608	0.9581	0.9557	0.9513	0.9607	0.9608	0.9608	0.9608	0.9608	0.9609	0.9608	0.9608	0.9609	0.9557	0.9607	0.9609	0.9609	0.953	0.9574	0.9608	0.9608	0.9609	0.96	0.954	0	0.9609	0.9608	1.4391	0.9608	0.8878	0.952	0.9608
  {	0.9611	0.9609	0.9593	0.961	0.9607	0.9616	0.9594	0.9612	0.9318	0.961	0.9604	0.9564	0.961	0.9609	0.9605	0.9607	0.961	0.9483	0.9609	0.9607	0.9532	0.9609	0.961	0.961	0.96	0.9609	0.9609	0.9564	0.9597	0.9608	0.9609	0.9609	0.961	0.961	0.9584	0.9577	1.2526	0.9609	0.9609	0.9609	0.9609	0.9609	0.9611	0.9609	0.9609	0.961	1.5565	0.9608	0.9611	0.9611	0.9539	0.9576	0.9609	0.961	0.961	0.9604	0.9544	0.9609	0	0.9609	0.9708	0.9609	0.9343	0.9529	0.9613
  |	0.961	0.9608	0.9587	0.9609	0.9602	0.96	1.3075	0.9612	0.9316	0.9609	0.9602	0.9371	0.9607	0.9608	0.9604	0.9606	0.9608	0.9478	0.9608	0.9605	0.9528	0.9607	0.9609	0.9607	0.9599	0.9608	0.9608	0.9562	0.959	0.9607	0.9608	0.9608	0.9608	0.9608	0.9583	0.9559	0.9517	0.9607	0.9608	0.9608	0.9608	0.9608	0.9609	0.9608	0.9608	0.9609	0.956	0.9608	0.9609	0.9609	0.9534	0.9576	0.9608	0.9608	0.9609	0.9601	0.9544	0.9608	0.9609	0	0.9595	0.9608	1.0446	0.9525	0.9609
  }	0.9602	0.9597	0.9616	1.2014	0.9597	1.0446	0.9598	0.9601	0.9454	0.9597	1.4407	2.2652	0.9595	0.9598	0.9595	2.5615	0.9595	1.3455	0.9596	0.9604	0.9627	0.9598	0.9596	0.9596	0.9592	0.9595	0.9596	1.2736	1.4421	1.408	0.9596	0.9594	0.9595	0.96	0.9588	0.9591	2.7018	1.1779	0.9594	0.9596	0.9596	0.9595	0.9599	0.9596	1.4712	0.9598	1.44	1.437	0.96	0.9598	0.957	0.9584	0.9595	0.9628	0.9602	0.96	0.9853	1.4391	0.9708	0.9595	0	0.9596	4.0598	0.9566	0.9599
  ~	0.961	0.9608	0.9589	0.9609	0.9602	0.96	0.9608	0.9612	0.9339	0.9609	0.9603	0.9389	0.9607	0.9608	0.9604	0.9606	0.9607	0.9488	0.9608	0.9605	0.9535	0.9607	0.9609	0.9607	0.96	0.9608	0.9608	0.9565	0.9593	0.9607	0.9608	0.9608	0.9608	0.9608	0.9585	0.9564	0.9525	0.9607	0.9608	0.9608	0.9608	0.9608	0.9609	0.9608	0.9608	0.9609	0.9564	0.9607	0.9609	0.9609	0.954	0.9578	0.9608	0.9608	0.9609	0.9602	0.9549	0.9608	0.9609	0.9608	0.9596	0	1.3429	0.9532	0.9608
  	1.1547	1.6687	4.0487	0.8947	1.0167	1.2985	5.7882	0.9665	72.0074	0.9039	4.9983	8.9021	0.8885	0.9846	1.3252	1.4725	0.888	1.8372	1.344	8.4755	6.5295	0.8904	0.8895	0.8952	0.9666	0.8892	1.3441	1.4206	4.5332	1.0488	1.125	0.8883	0.8885	1.3575	3.366	1.6004	14.5702	0.9088	0.8895	1.3443	0.8892	0.8888	1.3369	0.8892	0.8879	0.9584	2.5526	2.2296	0.9182	1.8028	9.4254	0.895	0.8891	1.7144	2.0274	2.1859	3.0064	0.8878	0.9343	1.0446	4.0598	1.3429	0	1.5211	0.9306
  	0.9533	0.9541	1.4262	0.9531	1.2275	0.9542	0.9633	2.0684	1.4779	0.9522	0.967	11.3489	0.9521	0.9682	0.953	0.9536	0.9522	0.9605	0.9532	0.9584	4.3938	0.9524	0.9523	0.9527	0.9525	0.9522	0.9532	0.9527	2.1692	0.9573	0.9529	0.9521	0.9521	1.2396	0.9554	4.7273	3.3986	1.3921	0.952	0.9532	0.9522	1.3007	0.9534	0.9522	0.952	0.9523	2.361	0.9547	0.9537	0.9543	2.2582	0.9513	0.9527	0.9538	0.9543	2.5217	1.1423	0.952	0.9529	0.9525	0.9566	0.9532	1.5211	0	0.9537
  	0.961	0.9608	1.0813	0.961	0.9604	0.9605	0.9596	0.9612	0.9311	1.0065	1.1218	1.2065	0.9608	0.9784	0.9604	0.9606	0.9608	0.9482	0.9608	0.9606	0.954	0.9608	0.961	0.9609	0.96	0.9608	0.9609	1.1196	0.9595	0.9608	0.9609	0.9608	0.9609	0.961	0.9583	0.9891	1.1614	0.9608	0.9609	0.9609	0.9608	0.9608	0.961	0.9609	0.9608	0.9609	1.6643	0.9608	0.9611	1.1995	0.9536	0.9576	0.9608	0.9609	0.961	0.9604	0.9543	0.9608	0.9613	0.9609	0.9599	0.9608	0.9306	0.9537	0

Actual rates from j->i (Q_ij):
	A	B	C	D	E	F	G	H	I	J	K	L	M	N	O	P	Q	R	S	T	U	V	W	X	Y	Z	[	\	]	^	_	`	a	b	c	d	e	f	g	h	i	j	k	l	m	n	o	p	q	r	s	t	u	v	w	x	y	z	{	|	}	~			
  A	0	0.0175	0.0175	0.0175	0.0175	0.0175	0.0175	0.0175	0.017	0.0175	0.0175	0.0171	0.0175	0.0175	0.0175	0.0175	0.0175	0.0172	0.0175	0.0175	0.0173	0.0175	0.0175	0.0175	0.0175	0.0175	0.0175	0.0174	0.0218	0.0175	0.0175	0.0175	0.0175	0.0175	0.0174	0.0174	0.0173	0.0175	0.0175	0.0175	0.0175	0.0175	0.0175	0.0175	0.0175	0.0175	0.0174	0.0175	0.0175	0.0175	0.0174	0.0174	0.0175	0.0175	0.0175	0.0175	0.0174	0.0175	0.0175	0.0175	0.0175	0.0175	0.021	0.0173	0.0175
  B	0.0153	0	0.0153	0.0153	0.0153	0.0153	0.0153	0.0153	0.0171	0.0153	0.0153	0.015	0.0153	0.0153	0.0153	0.0153	0.0153	0.0151	0.0153	0.0153	0.0217	0.0153	0.0153	0.0153	0.0153	0.0153	0.0153	0.0153	0.0153	0.0153	0.0153	0.0153	0.0153	0.0163	0.0153	0.0152	0.0152	0.0153	0.0153	0.0153	0.0153	0.0153	0.0153	0.0153	0.0153	0.0153	0.0152	0.0153	0.0153	0.0155	0.0152	0.0153	0.0153	0.0153	0.0153	0.0153	0.0152	0.0153	0.0153	0.0153	0.0153	0.0153	0.0266	0.0152	0.0153
  C	0.0097	0.0097	0	0.0097	0.0105	0.0097	0.0178	0.0097	0.0099	0.0103	0.0131	0.0353	0.0097	0.0123	0.0097	0.0097	0.0097	0.0097	0.0097	0.0098	0.0318	0.0146	0.0097	0.0097	0.0097	0.0097	0.0097	0.0111	0.0151	0.0097	0.0097	0.0097	0.0097	0.0127	0.0097	0.0098	0.0414	0.0098	0.0194	0.0097	0.0097	0.0097	0.0122	0.0097	0.0097	0.0097	0.0115	0.0097	0.0182	0.0097	0.024	0.0097	0.0097	0.0097	0.0097	0.0131	0.0097	0.0097	0.0097	0.0097	0.0098	0.0097	0.0411	0.0145	0.011
  D	0.0174	0.0174	0.0173	0	0.0173	0.0174	0.0173	0.0174	0.0168	0.0174	0.0173	0.0232	0.0174	0.0174	0.0173	0.0174	0.0174	0.0602	0.0174	0.0173	0.0172	0.0174	0.0174	0.0174	0.0173	0.0174	0.0174	0.0233	0.0173	0.0174	0.0174	0.0174	0.0174	0.0174	0.0173	0.0173	0.0172	0.0174	0.0174	0.0174	0.0174	0.0174	0.0174	0.0174	0.0174	0.0174	0.0173	0.0174	0.0174	0.0174	0.0172	0.0173	0.0174	0.0174	0.0174	0.0173	0.0173	0.0174	0.0174	0.0174	0.0217	0.0174	0.0162	0.0172	0.0174
  E	0.0167	0.0167	0.018	0.0167	0	0.0167	0.0167	0.0167	0.0163	0.0167	0.0167	0.0413	0.0167	0.0167	0.0167	0.0167	0.025	0.0165	0.0167	0.0167	0.0167	0.0167	0.0167	0.0204	0.0167	0.0167	0.0167	0.0167	0.0184	0.0167	0.0167	0.0167	0.0167	0.0167	0.0167	0.0251	0.0337	0.0167	0.0167	0.0167	0.0167	0.0167	0.0167	0.0167	0.0167	0.0167	0.0581	0.0167	0.0167	0.0167	0.0166	0.0167	0.0167	0.0167	0.0167	0.0167	0.0166	0.0167	0.0167	0.0167	0.0167	0.0167	0.0177	0.0214	0.0167
  F	0.0157	0.0157	0.0157	0.0157	0.0157	0	0.0157	0.0157	0.0221	0.0157	0.0157	0.0234	0.0177	0.0157	0.0157	0.038	0.0157	0.0634	0.0157	0.0157	0.0157	0.0162	0.0157	0.0157	0.0157	0.0157	0.0157	0.0227	0.0157	0.0157	0.0157	0.0157	0.0157	0.0157	0.0157	0.0157	0.0657	0.0157	0.0157	0.0157	0.0157	0.0157	0.0157	0.0157	0.0157	0.0157	0.0631	0.0157	0.0157	0.0157	0.0173	0.0227	0.0157	0.0157	0.0157	0.0157	0.0159	0.0157	0.0157	0.0157	0.0171	0.0157	0.0212	0.0156	0.0157
  G	0.0083	0.0083	0.0151	0.0083	0.0083	0.0083	0	0.0083	0.0277	0.0083	0.0086	0.0135	0.0083	0.0083	0.0083	0.0083	0.0083	0.0082	0.0083	0.0086	0.0171	0.0083	0.0083	0.0083	0.0083	0.0083	0.0083	0.0088	0.0124	0.0083	0.0083	0.0083	0.0083	0.0083	0.0083	0.0083	0.0083	0.0083	0.0083	0.0083	0.0083	0.0083	0.0083	0.0083	0.0083	0.0083	0.0089	0.0083	0.0109	0.0083	0.0083	0.0083	0.0083	0.0083	0.0083	0.0083	0.0083	0.0083	0.0083	0.0113	0.0083	0.0083	0.0499	0.0083	0.0083
  H	0.0176	0.0176	0.0176	0.0176	0.0176	0.0176	0.0176	0	0.0174	0.0176	0.0176	0.0263	0.0176	0.0176	0.0176	0.0176	0.0176	0.0174	0.0176	0.0176	0.024	0.0176	0.0176	0.0176	0.0176	0.0176	0.0176	0.0176	0.0176	0.0176	0.0176	0.0176	0.0176	0.0177	0.0176	0.0264	0.0176	0.0176	0.0176	0.0176	0.0176	0.0176	0.0176	0.0176	0.0176	0.0176	0.0176	0.0176	0.0176	0.0176	0.0175	0.0176	0.0176	0.0176	0.0176	0.0176	0.0175	0.0176	0.0176	0.0176	0.0176	0.0176	0.0177	0.038	0.0176
  I	0.0017	0.002	0.0018	0.0017	0.0017	0.0025	0.0059	0.0017	0	0.0017	0.0027	0.0072	0.0017	0.0017	0.0017	0.0021	0.0017	0.0017	0.0017	0.0027	0.0092	0.0017	0.0017	0.0017	0.0017	0.0017	0.0017	0.0027	0.0043	0.0017	0.0017	0.0017	0.0017	0.0017	0.0046	0.0027	0.002	0.0017	0.0017	0.0017	0.0017	0.0017	0.0017	0.0017	0.0017	0.0017	0.0057	0.0017	0.0017	0.0017	0.0035	0.0017	0.0017	0.0017	0.0017	0.0017	0.0067	0.0017	0.0017	0.0017	0.0017	0.0017	0.1315	0.0027	0.0017
  J	0.0187	0.0187	0.0197	0.0187	0.0187	0.0187	0.0187	0.0187	0.0181	0	0.0202	0.0183	0.0187	0.0189	0.0187	0.0187	0.0187	0.0185	0.0187	0.0187	0.0186	0.0187	0.0187	0.0187	0.0187	0.0187	0.0187	0.0267	0.0187	0.0187	0.0187	0.0187	0.0187	0.0187	0.0187	0.0186	0.0186	0.0187	0.0187	0.0187	0.0187	0.0187	0.0187	0.0187	0.0187	0.0187	0.0186	0.0187	0.0187	0.0187	0.0186	0.0187	0.0187	0.0187	0.0187	0.0187	0.0186	0.0187	0.0187	0.0187	0.0187	0.0187	0.0176	0.0186	0.0196
  K	0.0093	0.0093	0.0124	0.0093	0.0093	0.0093	0.0097	0.0093	0.014	0.01	0	0.0098	0.0093	0.0103	0.0093	0.0093	0.0093	0.0092	0.0093	0.0093	0.0095	0.0093	0.0093	0.0093	0.0093	0.0093	0.0093	0.0112	0.0101	0.0093	0.0093	0.0093	0.0093	0.0093	0.0093	0.0093	0.0093	0.0093	0.0093	0.0093	0.0093	0.0093	0.0093	0.0093	0.0093	0.0093	0.0095	0.0093	0.0093	0.0093	0.0093	0.0092	0.0093	0.0093	0.011	0.0093	0.0138	0.0093	0.0093	0.0093	0.0139	0.0093	0.0482	0.0093	0.0108
  L	0.0075	0.0075	0.0278	0.0103	0.0189	0.0115	0.0125	0.0115	0.0316	0.0075	0.0081	0	0.0075	0.0075	0.0075	0.01	0.0075	0.0113	0.0075	0.0112	0.1058	0.0075	0.0075	0.0113	0.0076	0.0075	0.0075	0.0086	0.0422	0.0282	0.0075	0.0075	0.0075	0.0075	0.0077	0.0918	0.0684	0.0075	0.0075	0.0075	0.0075	0.0075	0.0075	0.0075	0.0075	0.0075	0.0585	0.0075	0.0178	0.0075	0.0458	0.0075	0.0075	0.0082	0.0075	0.0198	0.0152	0.0075	0.0076	0.0075	0.0181	0.0075	0.0711	0.0907	0.0096
  M	0.0188	0.0188	0.0188	0.0188	0.0188	0.0212	0.0188	0.0188	0.0182	0.0188	0.0188	0.0183	0	0.0188	0.0188	0.0188	0.0188	0.0186	0.0188	0.0188	0.0187	0.0188	0.0188	0.0188	0.0188	0.0188	0.0188	0.0187	0.0188	0.0188	0.0188	0.0188	0.0188	0.0188	0.0188	0.0187	0.0223	0.0188	0.0188	0.0188	0.0188	0.0188	0.0188	0.0188	0.0188	0.0188	0.0323	0.0188	0.0188	0.0188	0.0187	0.0188	0.0188	0.0188	0.0188	0.0188	0.0187	0.0188	0.0188	0.0188	0.0188	0.0188	0.0174	0.0187	0.0188
  N	0.0179	0.0179	0.0226	0.0179	0.0179	0.0179	0.0179	0.0179	0.0174	0.0181	0.0199	0.0175	0.0179	0	0.0179	0.0179	0.0179	0.0333	0.0179	0.0179	0.0234	0.0179	0.0179	0.0179	0.0179	0.0179	0.0179	0.0185	0.0179	0.0179	0.0179	0.0179	0.0179	0.0179	0.0179	0.0178	0.0178	0.0179	0.0179	0.0179	0.0179	0.0179	0.0179	0.0179	0.0179	0.0179	0.0178	0.0179	0.0179	0.0179	0.0178	0.0179	0.0179	0.0179	0.0179	0.0179	0.0178	0.0179	0.0179	0.0179	0.0179	0.0179	0.0183	0.018	0.0182
  O	0.0166	0.0166	0.0166	0.0166	0.0166	0.0166	0.0166	0.0166	0.0165	0.0166	0.0166	0.0163	0.0166	0.0166	0	0.0166	0.0166	0.0164	0.0166	0.0166	0.0165	0.0166	0.0166	0.0166	0.0166	0.0166	0.0166	0.0166	0.0166	0.0166	0.0166	0.0166	0.0166	0.0166	0.0166	0.0166	0.0245	0.0166	0.0166	0.0166	0.0166	0.0166	0.0166	0.0166	0.0166	0.0166	0.0167	0.0166	0.0166	0.0166	0.0165	0.0166	0.0166	0.0166	0.0166	0.0166	0.0165	0.0166	0.0166	0.0166	0.0166	0.0166	0.023	0.0165	0.0166
  P	0.0167	0.0167	0.0167	0.0167	0.0167	0.0404	0.0167	0.0167	0.0204	0.0167	0.0167	0.0218	0.0167	0.0167	0.0167	0	0.0167	0.0261	0.0167	0.0167	0.0297	0.0167	0.0167	0.0167	0.0167	0.0167	0.0167	0.0186	0.0167	0.0167	0.0167	0.0167	0.0167	0.0167	0.0166	0.0166	0.0249	0.0167	0.0167	0.0167	0.0167	0.0167	0.0167	0.0167	0.0167	0.0212	0.0167	0.0167	0.0167	0.0167	0.0166	0.0166	0.0167	0.0167	0.0226	0.0167	0.0166	0.0167	0.0167	0.0167	0.0445	0.0167	0.0256	0.0165	0.0167
  Q	0.019	0.019	0.019	0.019	0.0284	0.019	0.019	0.019	0.0184	0.019	0.019	0.0185	0.019	0.019	0.019	0.019	0	0.0187	0.019	0.019	0.0188	0.019	0.019	0.019	0.019	0.019	0.019	0.0189	0.019	0.019	0.019	0.019	0.019	0.019	0.019	0.0189	0.028	0.019	0.019	0.019	0.019	0.019	0.019	0.019	0.019	0.019	0.0387	0.019	0.019	0.019	0.0189	0.0189	0.019	0.019	0.019	0.019	0.0189	0.019	0.019	0.019	0.019	0.019	0.0176	0.0188	0.019
  R	0.0114	0.0114	0.0115	0.04	0.0114	0.0465	0.0114	0.0114	0.0113	0.0114	0.0115	0.017	0.0114	0.0214	0.0114	0.018	0.0114	0	0.0114	0.0115	0.02	0.0223	0.0167	0.0114	0.0114	0.0114	0.0114	0.0732	0.0114	0.0114	0.0114	0.0114	0.0114	0.0114	0.0114	0.0114	0.0761	0.0114	0.0114	0.0114	0.0114	0.0114	0.0114	0.0114	0.0114	0.0114	0.0165	0.0114	0.0114	0.0114	0.0114	0.087	0.0114	0.0114	0.0114	0.0114	0.017	0.0114	0.0114	0.0114	0.0161	0.0114	0.022	0.0115	0.0114
  S	0.0166	0.0166	0.0166	0.0166	0.0166	0.0166	0.0166	0.0166	0.0162	0.0166	0.0166	0.0162	0.0166	0.0166	0.0166	0.0166	0.0166	0.0164	0	0.0166	0.0165	0.0166	0.0166	0.0166	0.0166	0.0166	0.0166	0.0165	0.0166	0.0166	0.0166	0.0166	0.0166	0.0166	0.0166	0.0165	0.0165	0.0166	0.0166	0.0166	0.0166	0.0166	0.0166	0.0166	0.0166	0.0166	0.0165	0.0166	0.0166	0.0166	0.0165	0.0166	0.0166	0.0166	0.0166	0.0166	0.0165	0.0166	0.0166	0.0166	0.0166	0.0166	0.0233	0.0165	0.0166
