Map from character to field name
A:	Algeria
B:	Argentina
C:	Australia
D:	Austria
E:	Bangladesh
F:	Belgium
G:	Brazil
H:	Cambodia
I:	Canada
J:	Chad
K:	Chile
L:	China
M:	Czech Republic
N:	Denmark
O:	Egypt
P:	France
Q:	Georgia
R:	Germany
S:	Guam
T:	Guatemala
U:	Hong Kong
V:	Hungary
W:	Iceland
X:	India
Y:	Indonesia
Z:	Iran
[:	Ireland
\:	Italy
]:	Japan
^:	Kazakhstan
_:	Kuwait
`:	Laos
a:	Luxembourg
b:	Malaysia
c:	Mexico
d:	Mongolia
e:	Netherlands
f:	New Zealand
g:	Nicaragua
h:	Nigeria
i:	Norway
j:	Pakistan
k:	Peru
l:	Philippines
m:	Poland
n:	Romania
o:	Russia
p:	Saudi Arabia
q:	Singapore
r:	South Africa
s:	South Korea
t:	Spain
u:	Sri Lanka
v:	Sweden
w:	Switzerland
x:	Taiwan
y:	Thailand
z:	Turkey
{:	Ukraine
|:	United Arab Emirates
}:	United Kingdom
~:	Uruguay
:	Usa
:	Vietnam
:	Zambia
:	?


Substitution rate (mu): 15.515464

Equilibrium frequencies (pi_i):
  A: 0.0185
  B: 0.0159
  C: 0.0078
  D: 0.0194
  E: 0.0184
  F: 0.0173
  G: 0.0096
  H: 0.0185
  I: 0.0018
  J: 0.0179
  K: 0.0107
  L: 0.0055
  M: 0.0192
  N: 0.0171
  O: 0.0195
  P: 0.0156
  Q: 0.0192
  R: 0.0123
  S: 0.0175
  T: 0.0078
  U: 0.0065
  V: 0.0199
  W: 0.0194
  X: 0.0178
  Y: 0.0184
  Z: 0.0194
  [: 0.0175
  \: 0.0161
  ]: 0.0076
  ^: 0.0172
  _: 0.0194
  `: 0.0194
  a: 0.0196
  b: 0.0138
  c: 0.0125
  d: 0.0126
  e: 0.0051
  f: 0.0159
  g: 0.0191
  h: 0.0197
  i: 0.0194
  j: 0.0195
  k: 0.0153
  l: 0.0184
  m: 0.0196
  n: 0.0192
  o: 0.009
  p: 0.0177
  q: 0.0146
  r: 0.0161
  s: 0.0062
  t: 0.0178
  u: 0.0194
  v: 0.0164
  w: 0.0162
  x: 0.0127
  y: 0.015
  z: 0.0197
  {: 0.0192
  |: 0.0197
  }: 0.0104
  ~: 0.0177
  : 0.0051
  : 0.0106
  : 0.0191

Symmetrized rates from j->i (W_ij):
	A	B	C	D	E	F	G	H	I	J	K	L	M	N	O	P	Q	R	S	T	U	V	W	X	Y	Z	[	\	]	^	_	`	a	b	c	d	e	f	g	h	i	j	k	l	m	n	o	p	q	r	s	t	u	v	w	x	y	z	{	|	}	~			
  A	0	0.9668	0.9655	0.9672	0.9677	0.9659	0.9635	0.9671	0.9413	0.9671	0.9701	0.9417	0.9672	0.9663	0.9673	0.9669	0.9672	0.9542	0.9671	0.9653	0.9603	0.9673	0.9673	0.9669	0.9674	0.9671	0.9671	0.962	1.2231	0.9671	0.9673	0.9673	0.9673	0.9668	0.9625	0.9592	0.9559	0.9668	0.9673	0.9673	0.9672	0.9673	0.9667	0.9672	0.9673	0.9673	0.9591	0.9671	0.967	0.967	0.9619	0.9632	0.9673	0.9668	0.9675	0.9687	0.9593	0.9673	0.9671	0.9673	0.9643	0.9671	1.1094	0.9538	0.9668
  B	0.9668	0	0.9654	0.9669	0.9673	0.9657	0.9636	0.9667	0.9511	0.9667	0.9701	0.9441	0.9668	0.9661	0.9669	0.9666	0.9668	0.9557	0.9667	0.9651	0.9607	0.9669	0.9669	0.9665	0.9672	0.9667	0.9667	0.9624	0.9638	0.9668	0.9669	0.9669	0.9669	0.9664	0.9628	0.9599	0.9584	0.9666	0.9669	0.9669	0.9668	0.9669	0.9664	0.9668	0.9669	0.9669	0.9597	0.9667	0.9666	0.9666	0.9623	0.9634	0.9669	0.9664	0.9667	0.9683	0.96	0.9669	0.9667	0.9669	0.9647	0.9667	1.7813	0.9553	0.9664
  C	0.9655	0.9654	0	0.965	1.1333	0.9677	1.5454	0.9652	1.12	1.0805	1.0619	2.2588	0.9657	0.9654	0.9653	1.038	0.9657	0.9629	0.9652	1.4112	1.8732	1.2951	0.9653	1.0969	0.9669	0.965	0.9652	0.9649	1.6101	0.9877	0.9669	0.9652	0.965	1.0107	1.0186	1.6995	2.9342	0.9662	1.7692	0.965	0.9652	0.965	1.0147	0.9653	0.965	0.9651	1.4001	0.9652	2.0022	0.9802	1.4108	0.9637	0.9651	0.9657	0.9655	0.9689	1.0279	0.965	0.9655	0.965	0.9984	0.9653	7.7985	1.1963	0.9655
  D	0.9672	0.9669	0.965	0	0.9678	0.9662	0.9633	0.9672	0.9399	0.9672	0.97	0.9403	0.9673	0.9668	0.9674	0.967	0.9673	3.346	0.9672	0.9651	0.9602	0.9676	0.9674	0.9669	0.9676	0.9672	0.9672	1.4322	0.9633	0.9672	0.9674	0.9674	0.9674	0.9668	0.9623	0.9587	0.9552	0.9668	0.9674	0.9674	0.9674	0.9674	0.9667	0.9672	0.9675	0.9674	0.9586	0.9672	0.9671	0.9671	0.9616	0.9634	0.9674	0.9668	0.968	0.9687	0.9592	0.9674	0.9672	0.9674	0.9752	0.9672	0.8941	0.9531	0.9669
  E	0.9677	0.9673	1.1333	0.9678	0	0.9679	0.9643	0.9678	0.9529	0.9677	0.9716	2.0366	0.9683	0.967	0.9681	0.9678	0.9683	0.9561	0.9676	0.9659	0.9635	0.9683	0.9681	0.9678	0.9687	0.968	0.9676	0.9636	1.0739	0.9679	0.9678	0.9679	0.9678	0.9679	0.9635	1.7783	1.1892	0.9677	0.9684	0.9678	0.968	0.9678	0.9675	0.9678	0.9678	0.9678	3.0872	0.9676	0.9684	0.9675	1.1848	0.9638	0.9678	0.9676	0.9676	0.9703	0.9606	0.9678	0.968	0.9678	0.9656	0.9676	0.9327	1.1071	0.9677
  F	0.9659	0.9657	0.9677	0.9662	0.9679	0	0.963	0.9658	0.9452	0.9659	0.9701	0.9454	0.966	0.9877	0.9663	1.4439	0.9663	4.6298	0.9659	0.9647	0.9952	1.7899	0.9663	0.9659	0.9669	0.9658	0.9659	1.4814	0.9643	0.9663	0.9659	0.9659	0.966	0.966	0.962	1.9328	4.396	0.9658	0.966	0.966	0.9659	0.9919	0.9657	0.9659	0.966	0.966	1.9563	0.9658	0.9661	0.9659	0.9684	1.1269	0.966	0.9657	0.966	0.9683	0.9596	0.966	0.9661	0.9659	0.9645	0.9659	1.3443	0.9544	0.9656
  G	0.9635	0.9636	1.5454	0.9633	0.9643	0.963	0	0.9633	0.9562	0.9635	1.445	0.9535	0.9633	0.9632	0.9633	0.9641	0.9633	0.958	0.9635	0.972	0.9672	1.0249	0.9633	0.9634	0.9644	0.9632	0.9635	0.9613	0.964	1.0148	0.9633	0.9633	0.9633	0.964	0.9653	0.9603	0.9799	0.9637	0.9641	0.9633	0.9633	0.9633	1.1621	0.9634	0.9633	0.9633	0.961	0.9634	1.3927	0.9637	0.9649	0.9615	0.9633	0.9635	0.9642	0.9665	0.9601	0.9633	0.9633	1.4442	1.0432	1.1322	5.6856	0.9577	0.9632
  H	0.9671	0.9667	0.9652	0.9672	0.9678	0.9658	0.9633	0	0.9419	0.967	0.9701	1.6616	0.9672	0.9663	0.9672	0.9669	0.9671	0.9541	0.967	0.9651	0.9602	0.9672	0.9672	0.9668	0.9678	0.9671	0.967	0.962	1.1789	0.9671	0.9672	0.9672	0.9672	0.9667	0.9624	0.9591	0.9557	0.9667	0.9672	0.9673	0.9672	0.9672	0.9666	0.9671	0.9672	0.9672	0.9589	0.967	0.9669	0.9669	0.9627	0.9631	0.9672	0.9667	0.967	0.9686	0.9592	0.9673	0.9671	0.9672	0.9642	0.967	0.8977	1.9078	0.9667
  I	0.9413	0.9511	1.12	0.9399	0.9529	0.9452	0.9562	0.9419	0	0.9417	1.307	2.3983	0.9407	0.943	0.9397	1.4231	0.9407	0.9761	0.9422	1.4351	0.9691	0.9395	0.9398	0.9433	0.9698	0.9397	0.9422	0.9467	1.4471	0.9453	0.9397	0.94	0.9395	0.9504	2.8314	0.9855	1.1999	0.973	0.9412	0.9398	0.9399	0.9396	1.1839	0.9412	0.9395	0.94	1.1064	0.9419	0.9497	0.945	1.5489	0.9427	0.9397	0.9442	0.9444	0.9602	0.9594	0.9393	0.9412	0.9393	0.9694	0.9421	72.3028	1.911	0.9408
  J	0.9671	0.9667	1.0805	0.9672	0.9677	0.9659	0.9635	0.967	0.9417	0	0.97	0.9412	0.9671	0.9663	0.9672	0.9668	0.9671	0.9545	0.967	0.9651	0.9602	0.9672	0.9672	0.9668	0.9674	0.9671	0.967	0.9621	0.9636	0.967	0.9672	0.9672	0.9672	0.9667	0.9626	0.9592	0.9558	0.9667	0.9672	0.9672	0.9672	0.9672	0.9666	0.9671	0.9672	0.9672	0.959	0.967	0.9669	0.9669	0.9617	0.9632	0.9672	0.9667	0.967	0.9685	0.9594	0.9672	0.967	0.9672	0.9641	0.967	1.2325	0.954	0.9667
  K	0.9701	0.9701	1.0619	0.97	0.9716	0.9701	1.445	0.9701	1.307	0.97	0	0.9922	0.9701	0.9695	0.97	0.9711	0.9701	0.9638	0.9699	0.9708	0.9717	0.9701	0.97	0.9701	1.0014	0.9699	0.9699	1.3561	0.9725	0.9707	0.9699	0.97	0.97	0.9704	0.97	0.9682	1.0214	0.9703	0.9702	1.452	0.97	0.97	0.97	0.97	0.97	0.97	0.9693	0.97	0.9708	0.9702	1.0925	0.9681	0.9699	0.97	0.9703	1.0305	0.9666	0.97	0.97	0.97	1.4517	0.97	4.5251	0.9654	1.3591
  L	0.9417	0.9441	2.2588	0.9403	2.0366	0.9454	0.9535	1.6616	2.3983	0.9412	0.9922	0	0.94	0.9442	0.9398	1.6432	0.94	1.3998	0.9417	1.2198	11.3368	0.9387	0.9413	1.1631	1.6358	1.0171	0.9417	1.7369	4.8526	2.5931	0.9393	0.9395	0.9391	0.9669	0.9508	7.18	5.5044	1.3653	0.9403	0.939	0.9394	0.9394	0.9447	0.9586	0.9766	0.9396	7.2809	0.9413	1.4167	0.9439	9.0569	0.9411	0.9396	0.9435	1.1467	4.6187	1.65	0.939	0.9518	0.9388	1.8789	0.9415	19.0332	13.0027	0.9404
  M	0.9672	0.9668	0.9657	0.9673	0.9683	0.966	0.9633	0.9672	0.9407	0.9671	0.9701	0.94	0	0.9665	0.9674	0.967	0.9673	0.9539	0.9671	0.9651	0.9602	0.9674	0.9675	0.967	0.9678	0.9672	0.9671	0.9619	0.9637	0.9672	0.9673	0.9673	0.9673	0.9668	0.9624	0.9597	2.2642	0.9668	0.9674	0.9674	0.9673	0.9673	0.9667	0.9672	0.9674	0.9673	1.0997	0.9671	0.967	0.967	0.9615	0.9631	0.9674	0.9668	0.9671	0.9687	0.9591	0.9674	0.9673	0.9674	0.9642	0.9672	0.8956	0.9534	0.9669
  N	0.9663	0.9661	0.9654	0.9668	0.967	0.9877	0.9632	0.9663	0.943	0.9663	0.9695	0.9442	0.9665	0	0.9665	0.9665	0.9665	1.5452	0.9663	0.9648	1.1662	0.9667	0.9665	0.9661	0.9667	0.9663	0.9663	0.963	0.9636	0.9664	0.9664	0.9664	0.9664	0.9667	0.9623	0.9595	1.1258	0.9662	0.9665	0.9664	0.9664	0.9664	0.966	0.9664	0.9664	0.9664	1.4323	0.9663	0.9663	0.9662	0.9619	0.964	0.9664	0.9661	0.9663	0.9681	0.9594	0.9664	0.9664	0.9664	0.9641	0.9663	1.3443	0.9547	0.9661
  O	0.9673	0.9669	0.9653	0.9674	0.9681	0.9663	0.9633	0.9672	0.9397	0.9672	0.97	0.9398	0.9674	0.9665	0	0.967	0.9674	0.9537	0.9672	0.9651	0.9599	0.9674	0.9675	0.967	0.9676	0.9673	0.9672	0.9619	0.9729	0.9673	0.9674	0.9674	0.9674	0.9669	0.9623	1.1936	1.1157	0.9669	0.9674	0.9674	0.9674	0.9674	0.9668	0.9673	0.9674	0.9674	1.5774	0.9672	0.9671	0.9671	0.9613	0.9631	0.9674	0.9669	0.9671	0.9688	0.959	0.9675	0.9673	0.9674	0.9641	0.9672	0.8936	0.9532	0.9669
  P	0.9669	0.9666	1.038	0.967	0.9678	1.4439	0.9641	0.9669	1.4231	0.9668	0.9711	1.6432	0.967	0.9665	0.967	0	0.967	2.3961	0.9668	0.9653	1.1348	0.9683	0.967	0.9667	0.968	0.9669	0.9668	0.9634	0.9651	0.9673	0.967	0.967	0.967	1.1634	0.963	0.9612	1.0109	0.9667	0.967	0.967	0.967	0.967	0.9665	0.9669	0.9673	1.2992	0.9612	0.9668	0.9669	1.0352	0.9639	0.9638	0.967	0.9667	1.2117	0.969	0.9608	1.204	0.9669	0.967	3.2673	0.9668	1.8687	0.9573	0.9666
  Q	0.9672	0.9668	0.9657	0.9673	0.9683	0.9663	0.9633	0.9671	0.9407	0.9671	0.9701	0.94	0.9673	0.9665	0.9674	0.967	0	0.9539	0.9671	0.9651	0.9602	0.9673	0.9674	0.9669	0.9677	0.9672	0.9671	0.9619	0.9637	0.9672	0.9673	0.9673	0.9673	0.9668	0.9624	0.9599	2.2918	0.9668	0.9673	0.9673	0.9673	0.9673	0.9667	0.9672	0.9673	0.9673	1.0703	0.9671	0.967	0.967	0.9615	0.9631	0.9673	0.9668	0.9671	0.9687	0.9591	0.9674	0.9672	0.9673	0.9642	0.9671	0.8956	0.9533	0.9668
  R	0.9542	0.9557	0.9629	3.346	0.9561	4.6298	0.958	0.9541	0.9761	0.9545	0.9638	1.3998	0.9539	1.5452	0.9537	2.3961	0.9539	0	0.9548	0.9604	1.0935	1.7568	0.9538	0.9547	0.9557	0.9535	0.9548	4.2536	0.9608	0.9554	0.9536	0.9536	0.9535	0.9575	0.9574	0.9579	6.2753	0.9563	0.9538	0.9534	0.9537	0.9535	0.9561	0.9543	0.9537	0.9538	0.9731	0.9546	0.9568	0.9557	1.7967	7.6285	0.9536	0.9555	0.9559	0.9604	1.0295	0.9535	0.9538	0.9534	1.8691	0.9547	2.2662	0.9518	0.9538
  S	0.9671	0.9667	0.9652	0.9672	0.9676	0.9659	0.9635	0.967	0.9422	0.967	0.9699	0.9417	0.9671	0.9663	0.9672	0.9668	0.9671	0.9548	0	0.9651	0.9602	0.9672	0.9672	0.9668	0.9674	0.9671	0.967	0.9622	0.9636	0.967	0.9672	0.9672	0.9672	0.9667	0.9626	0.9594	0.9559	0.9667	0.9672	0.9672	0.9672	0.9672	0.9666	0.9671	0.9672	0.9672	0.9592	0.967	0.9669	0.9669	0.9617	0.9633	0.9672	0.9667	0.967	0.9684	0.9596	0.9672	0.967	0.9672	0.9641	0.967	1.3374	0.9543	0.9667
  T	0.9653	0.9651	1.4112	0.9651	0.9659	0.9647	0.972	0.9651	1.4351	0.9651	0.9708	1.2198	0.9651	0.9648	0.9651	0.9653	0.9651	0.9604	0.9651	0	0.9631	0.9652	0.9651	0.9651	0.9661	0.965	0.9651	0.9632	0.9649	0.9652	0.9651	0.9651	0.9651	0.9652	1.0479	0.9623	0.9695	0.9651	0.9653	0.9651	0.9651	0.9651	1.3797	0.9651	0.9651	0.9651	0.9626	0.9651	1.0072	0.9652	0.967	0.9635	0.9651	0.9651	0.9652	0.9673	0.9623	0.9651	0.9651	0.9651	0.9644	0.9652	7.3248	0.9599	0.9649
  U	0.9603	0.9607	1.8732	0.9602	0.9635	0.9952	0.9672	0.9602	0.9691	0.9602	0.9717	11.3368	0.9602	1.1662	0.9599	1.1348	0.9602	1.0935	0.9602	0.9631	0	0.96	0.96	0.9606	0.9637	0.9597	0.9602	1.2008	1.8497	0.9614	0.9598	0.9598	0.9597	2.1437	0.9621	0.9633	6.2315	0.9884	0.9607	0.9597	0.9599	0.9597	0.9649	0.9603	0.9599	0.9599	1.4449	0.9602	0.9619	0.9843	0.9684	0.9607	0.983	0.9608	0.961	1.4452	0.9616	0.9598	0.9603	0.9597	1.126	0.9603	8.0636	2.3924	0.96
  V	0.9673	0.9669	1.2951	0.9676	0.9683	1.7899	1.0249	0.9672	0.9395	0.9672	0.9701	0.9387	0.9674	0.9667	0.9674	0.9683	0.9673	1.7568	0.9672	0.9652	0.96	0	0.9675	0.967	0.9677	0.9673	0.9672	0.9845	0.9635	0.9673	0.9674	0.9674	0.9674	0.9668	0.9623	0.9588	1.4326	0.9668	0.9676	0.9675	0.9674	0.9674	0.9669	0.9673	0.9674	0.9674	0.9585	0.9672	1.2271	0.9671	0.962	0.9638	0.9674	0.9669	0.9672	0.9688	0.9589	0.9675	0.9673	0.9675	0.9641	0.9672	0.9199	0.9528	0.9669
  W	0.9673	0.9669	0.9653	0.9674	0.9681	0.9663	0.9633	0.9672	0.9398	0.9672	0.97	0.9413	0.9675	0.9665	0.9675	0.967	0.9674	0.9538	0.9672	0.9651	0.96	0.9675	0	0.9671	0.9677	0.9673	0.9672	0.962	0.9635	0.9673	0.9674	0.9674	0.9674	0.9669	0.9624	0.9605	1.2246	0.9669	0.9674	0.9675	0.9674	0.9674	0.9668	0.9673	0.9674	0.9674	1.1996	0.9672	0.9671	0.9671	0.9612	0.9631	0.9674	0.9669	0.9672	0.9688	0.959	0.9675	0.9673	0.9674	0.9641	0.9672	0.8942	0.9532	0.9669
  X	0.9669	0.9665	1.0969	0.9669	0.9678	0.9659	0.9634	0.9668	0.9433	0.9668	0.9701	1.1631	0.967	0.9661	0.967	0.9667	0.9669	0.9547	0.9668	0.9651	0.9606	0.967	0.9671	0	0.9673	0.9668	0.9668	0.9621	0.9649	0.9669	0.9669	0.9669	0.9669	0.9666	0.9625	0.9983	1.4099	0.9665	0.967	0.967	0.9669	0.9669	0.9665	0.9668	0.967	0.9669	1.927	0.9668	0.9668	0.9667	0.962	0.963	0.967	0.9665	0.9668	0.9685	0.9594	0.967	0.9685	0.967	0.9642	0.9668	1.2413	1.1819	0.9665
  Y	0.9674	0.9672	0.9669	0.9676	0.9687	0.9669	0.9644	0.9678	0.9698	0.9674	1.0014	1.6358	0.9678	0.9667	0.9676	0.968	0.9677	0.9557	0.9674	0.9661	0.9637	0.9677	0.9677	0.9673	0	0.9675	0.9674	0.9633	0.9658	0.9691	0.9676	0.9676	0.9676	0.9675	0.9639	0.9649	1.0036	0.9676	0.9677	0.9678	0.9676	0.9676	0.9671	0.9675	0.9676	0.9676	0.9688	0.9674	0.9679	0.9674	1.1053	0.9636	0.9676	0.9673	0.9675	0.9712	0.9604	0.9676	0.9676	0.9676	0.9655	0.9674	0.9483	0.9612	0.9674
  Z	0.9671	0.9667	0.965	0.9672	0.968	0.9658	0.9632	0.9671	0.9397	0.9671	0.9699	1.0171	0.9672	0.9663	0.9673	0.9669	0.9672	0.9535	0.9671	0.965	0.9597	0.9673	0.9673	0.9668	0.9675	0	0.9671	0.9617	0.9633	0.9671	0.9672	0.9673	0.9672	0.9667	0.9623	1.0598	0.9549	0.9667	0.9673	0.9673	0.9672	0.9673	0.9667	0.9671	0.9673	0.9672	1.2547	0.967	0.967	0.967	0.9611	0.963	0.9673	0.9667	0.967	0.9686	0.9588	0.9673	0.9671	0.9673	0.964	0.9671	0.8933	0.9531	0.9667
  [	0.9671	0.9667	0.9652	0.9672	0.9676	0.9659	0.9635	0.967	0.9422	0.967	0.9699	0.9417	0.9671	0.9663	0.9672	0.9668	0.9671	0.9548	0.967	0.9651	0.9602	0.9672	0.9672	0.9668	0.9674	0.9671	0	0.9622	0.9636	0.967	0.9672	0.9672	0.9672	0.9667	0.9627	0.9594	0.9559	0.9667	0.9672	0.9672	0.9672	0.9672	0.9666	0.9671	0.9672	0.9672	0.9592	0.9674	0.9669	0.9669	0.9617	0.9633	0.9672	0.9667	0.967	0.9684	0.9596	0.9672	0.967	0.9672	0.9641	0.967	1.3375	0.9543	0.9667
  \	0.962	0.9624	0.9649	1.4322	0.9636	1.4814	0.9613	0.962	0.9467	0.9621	1.3561	1.7369	0.9619	0.963	0.9619	0.9634	0.9619	4.2536	0.9622	0.9632	1.2008	0.9845	0.962	0.9621	0.9633	0.9617	0.9622	0	0.9626	0.9626	0.9618	0.9618	0.9618	0.9631	0.9596	0.9576	3.8603	0.9629	0.962	0.9618	0.9618	0.9618	0.9625	0.962	1.0534	0.9619	0.9602	0.9621	0.9629	0.9625	0.9636	1.4481	0.9619	0.9623	1.3261	0.9656	0.9626	0.9619	0.9619	0.9618	1.8729	0.9622	1.5089	0.953	1.0211
  ]	1.2231	0.9638	1.6101	0.9633	1.0739	0.9643	0.964	1.1789	1.4471	0.9636	0.9725	4.8526	0.9637	0.9636	0.9729	0.9651	0.9637	0.9608	0.9636	0.9649	1.8497	0.9635	0.9635	0.9649	0.9658	0.9633	0.9636	0.9626	0	0.9641	0.9633	1.395	0.9633	0.9918	0.9629	2.9261	2.3621	1.1963	0.9637	0.9633	0.9634	0.9633	0.964	0.9635	0.9633	0.9634	1.4132	0.9635	0.9646	0.9639	1.9393	0.962	0.9633	0.9639	0.9652	1.5859	0.9639	0.9633	0.9685	0.9633	1.4466	0.9638	7.2916	2.0234	0.9635
  ^	0.9671	0.9668	0.9877	0.9672	0.9679	0.9663	1.0148	0.9671	0.9453	0.967	0.9707	2.5931	0.9672	0.9664	0.9673	0.9673	0.9672	0.9554	0.967	0.9652	0.9614	0.9673	0.9673	0.9669	0.9691	0.9671	0.967	0.9626	0.9641	0	0.9672	0.9672	0.9672	0.9668	0.9628	1.463	1.1016	0.9668	0.9673	0.9673	0.9672	0.9672	0.9667	0.9671	0.9673	0.9672	1.4428	0.967	0.967	0.9669	1.0314	0.9634	0.9672	0.9668	0.9671	0.9758	0.9599	0.9673	0.9672	0.9673	1.3575	0.9671	1.0274	0.9558	0.9668
  _	0.9673	0.9669	0.9669	0.9674	0.9678	0.9659	0.9633	0.9672	0.9397	0.9672	0.9699	0.9393	0.9673	0.9664	0.9674	0.967	0.9673	0.9536	0.9672	0.9651	0.9598	0.9674	0.9674	0.9669	0.9676	0.9672	0.9672	0.9618	0.9633	0.9672	0	0.9674	0.9674	0.9681	0.9624	0.9588	1.2427	0.9668	0.9674	0.9674	0.9674	0.9674	0.9668	0.9673	0.9674	0.9674	0.9585	0.9672	0.9671	0.9671	0.9611	0.9631	0.9674	0.9669	0.9671	0.9686	0.959	0.9674	0.9672	0.9674	0.964	0.9672	0.8935	1.1389	0.9669
  `	0.9673	0.9669	0.9652	0.9674	0.9679	0.9659	0.9633	0.9672	0.94	0.9672	0.97	0.9395	0.9673	0.9664	0.9674	0.967	0.9673	0.9536	0.9672	0.9651	0.9598	0.9674	0.9674	0.9669	0.9676	0.9673	0.9672	0.9618	1.395	0.9672	0.9674	0	0.9674	0.9668	0.9624	0.9588	0.9549	0.9668	0.9674	0.9674	0.9674	0.9674	0.9668	0.9673	0.9674	0.9674	0.9586	0.9672	0.9671	0.9671	0.9612	0.9631	0.9674	0.9669	0.9671	0.9687	0.959	0.9674	0.9672	0.9674	0.964	0.9672	0.9428	0.9532	0.9669
  a	0.9673	0.9669	0.965	0.9674	0.9678	0.966	0.9633	0.9672	0.9395	0.9672	0.97	0.9391	0.9673	0.9664	0.9674	0.967	0.9673	0.9535	0.9672	0.9651	0.9597	0.9674	0.9674	0.9669	0.9676	0.9672	0.9672	0.9618	0.9633	0.9672	0.9674	0.9674	0	0.9668	0.9623	0.9587	0.9547	0.9668	0.9674	0.9674	0.9674	0.9674	0.9668	0.9673	0.9674	0.9674	1.4366	0.9672	0.9671	0.9671	0.9611	0.9631	0.9674	0.9668	0.9671	0.9687	0.9589	0.9674	0.9672	0.9674	0.964	0.9672	0.8929	0.953	0.9669
  b	0.9668	0.9664	1.0107	0.9668	0.9679	0.966	0.964	0.9667	0.9504	0.9667	0.9704	0.9669	0.9668	0.9667	0.9669	1.1634	0.9668	0.9575	0.9667	0.9652	2.1437	0.9668	0.9669	0.9666	0.9675	0.9667	0.9667	0.9631	0.9918	0.9668	0.9681	0.9668	0.9668	0	0.9633	0.9611	2.622	0.9887	0.9669	0.9668	0.9668	0.9668	0.9664	0.9667	0.9668	0.9668	0.9609	0.9667	0.9666	1.3921	0.9636	0.9638	1.0216	0.9665	0.9667	0.9684	0.961	0.9669	0.9668	0.9668	0.9653	0.9667	2.6365	1.5516	0.9665
  c	0.9625	0.9628	1.0186	0.9623	0.9635	0.962	0.9653	0.9624	2.8314	0.9626	0.97	0.9508	0.9624	0.9623	0.9623	0.963	0.9624	0.9574	0.9626	1.0479	0.9621	0.9623	0.9624	0.9625	0.9639	0.9623	0.9627	0.9596	0.9629	0.9628	0.9624	0.9624	0.9623	0.9633	0	0.9588	0.9643	0.9628	0.9625	0.9623	0.9624	0.9623	1.1698	0.9625	0.9623	0.9624	0.9594	0.9626	0.9875	0.9629	1.4689	0.96	0.9624	0.9627	0.9629	0.9656	0.9582	0.9623	0.9623	0.9623	0.9624	0.9627	2.8416	0.9553	0.9621
  d	0.9592	0.9599	1.6995	0.9587	1.7783	1.9328	0.9603	0.9591	0.9855	0.9592	0.9682	7.18	0.9597	0.9595	1.1936	0.9612	0.9599	0.9579	0.9594	0.9623	0.9633	0.9588	0.9605	0.9983	0.9649	1.0598	0.9594	0.9576	2.9261	1.463	0.9588	0.9588	0.9587	0.9611	0.9588	0	3.572	0.9603	0.9589	0.9587	0.9588	1.4216	0.9601	0.9591	0.9588	0.9588	10.4244	0.9593	0.9609	0.9599	2.4224	0.9568	0.9588	0.9598	0.96	1.6698	1.8975	0.9586	1.0131	0.9586	0.9627	0.9593	0.9756	1.3513	0.9588
  e	0.9559	0.9584	2.9342	0.9552	1.1892	4.396	0.9799	0.9557	1.1999	0.9558	1.0214	5.5044	2.2642	1.1258	1.1157	1.0109	2.2918	6.2753	0.9559	0.9695	6.2315	1.4326	1.2246	1.4099	1.0036	0.9549	0.9559	3.8603	2.3621	1.1016	1.2427	0.9549	0.9547	2.622	0.9643	3.572	0	1.9071	0.9579	0.9546	1.4296	0.9549	1.2454	1.183	0.9549	0.9549	8.5618	0.9558	0.9709	0.9914	1.3346	0.9589	1.1249	1.9252	0.9572	1.089	1.6778	0.9547	1.8286	0.9546	2.5085	0.9559	15.6193	2.9464	1.9053
  f	0.9668	0.9666	0.9662	0.9668	0.9677	0.9658	0.9637	0.9667	0.973	0.9667	0.9703	1.3653	0.9668	0.9662	0.9669	0.9667	0.9668	0.9563	0.9667	0.9651	0.9884	0.9668	0.9669	0.9665	0.9676	0.9667	0.9667	0.9629	1.1963	0.9668	0.9668	0.9668	0.9668	0.9887	0.9628	0.9603	1.9071	0	0.9668	0.9669	0.9668	0.9668	0.9664	0.9667	0.9669	0.9668	0.9608	0.9667	0.9666	0.9666	0.9629	0.9634	0.9932	0.9664	0.9667	0.9684	0.9601	0.9669	0.9667	0.9668	0.9652	0.9667	1.6372	1.2143	0.9664
  g	0.9673	0.9669	1.7692	0.9674	0.9684	0.966	0.9641	0.9672	0.9412	0.9672	0.9702	0.9403	0.9674	0.9665	0.9674	0.967	0.9673	0.9538	0.9672	0.9653	0.9607	0.9676	0.9674	0.967	0.9677	0.9673	0.9672	0.962	0.9637	0.9673	0.9674	0.9674	0.9674	0.9669	0.9625	0.9589	0.9579	0.9668	0	0.9675	0.9674	0.9674	0.9851	0.9673	0.9674	0.9674	0.9587	0.9672	0.9685	0.9671	0.9618	0.9632	0.9674	0.9669	0.9672	0.9688	0.9591	0.9675	0.9673	0.9674	0.9641	0.9672	1.0221	0.9534	0.9669
  h	0.9673	0.9669	0.965	0.9674	0.9678	0.966	0.9633	0.9673	0.9398	0.9672	1.452	0.939	0.9674	0.9664	0.9674	0.967	0.9673	0.9534	0.9672	0.9651	0.9597	0.9675	0.9675	0.967	0.9678	0.9673	0.9672	0.9618	0.9633	0.9673	0.9674	0.9674	0.9674	0.9668	0.9623	0.9587	0.9546	0.9669	0.9675	0	0.9674	0.9674	0.9668	0.9673	0.9675	0.9674	0.9584	0.9672	0.9671	0.9671	0.9614	0.9631	0.9674	0.9669	0.9672	0.969	0.9589	0.9675	0.9673	0.9675	0.964	0.9672	0.8932	0.953	0.9669
  i	0.9672	0.9668	0.9652	0.9674	0.968	0.9659	0.9633	0.9672	0.9399	0.9672	0.97	0.9394	0.9673	0.9664	0.9674	0.967	0.9673	0.9537	0.9672	0.9651	0.9599	0.9674	0.9674	0.9669	0.9676	0.9672	0.9672	0.9618	0.9634	0.9672	0.9674	0.9674	0.9674	0.9668	0.9624	0.9588	1.4296	0.9668	0.9674	0.9674	0	0.9674	0.9667	0.9672	0.9674	0.9673	0.9587	0.9671	0.967	0.967	0.9612	0.9631	0.9674	0.9668	0.9671	0.9687	0.959	0.9674	0.9673	0.9674	0.9641	0.9672	0.8939	0.9532	0.9669
  j	0.9673	0.9669	0.965	0.9674	0.9678	0.9919	0.9633	0.9672	0.9396	0.9672	0.97	0.9394	0.9673	0.9664	0.9674	0.967	0.9673	0.9535	0.9672	0.9651	0.9597	0.9674	0.9674	0.9669	0.9676	0.9673	0.9672	0.9618	0.9633	0.9672	0.9674	0.9674	0.9674	0.9668	0.9623	1.4216	0.9549	0.9668	0.9674	0.9674	0.9674	0	0.9668	0.9673	0.9674	0.9674	0.9592	0.9672	0.9671	0.9671	0.9656	0.9631	0.9674	0.9669	0.9671	0.9687	0.9589	0.9674	0.9672	0.9674	0.964	0.9672	0.8929	0.9531	0.9669
  k	0.9667	0.9664	1.0147	0.9667	0.9675	0.9657	1.1621	0.9666	1.1839	0.9666	0.97	0.9447	0.9667	0.966	0.9668	0.9665	0.9667	0.9561	0.9666	1.3797	0.9649	0.9669	0.9668	0.9665	0.9671	0.9667	0.9666	0.9625	0.964	0.9667	0.9668	0.9668	0.9668	0.9664	1.1698	0.9601	1.2454	0.9664	0.9851	0.9668	0.9667	0.9668	0	0.9667	0.9668	0.9668	0.96	0.9666	1.1558	0.9665	0.9625	0.9634	0.9668	0.9664	0.9666	0.9681	0.9602	0.9668	0.9667	0.9668	0.9643	0.9667	1.858	0.9556	0.9664
  l	0.9672	0.9668	0.9653	0.9672	0.9678	0.9659	0.9634	0.9671	0.9412	0.9671	0.97	0.9586	0.9672	0.9664	0.9673	0.9669	0.9672	0.9543	0.9671	0.9651	0.9603	0.9673	0.9673	0.9668	0.9675	0.9671	0.9671	0.962	0.9635	0.9671	0.9673	0.9673	0.9673	0.9667	0.9625	0.9591	1.183	0.9667	0.9673	0.9673	0.9672	0.9673	0.9667	0	0.9673	0.9672	0.959	0.9671	0.967	0.967	0.9615	0.9632	0.9673	0.9668	0.967	0.9685	0.9642	0.9673	0.9671	0.9673	0.9642	0.9671	1.1062	0.9538	0.9668
  m	0.9673	0.9669	0.965	0.9675	0.9678	0.966	0.9633	0.9672	0.9395	0.9672	0.97	0.9766	0.9674	0.9664	0.9674	0.9673	0.9673	0.9537	0.9672	0.9651	0.9599	0.9674	0.9674	0.967	0.9676	0.9673	0.9672	1.0534	0.9633	0.9673	0.9674	0.9674	0.9674	0.9668	0.9623	0.9588	0.9549	0.9669	0.9674	0.9675	0.9674	0.9674	0.9668	0.9673	0	0.9674	0.9585	0.9672	0.9671	0.9671	0.9611	0.9632	0.9674	0.9669	1.1763	0.9687	0.959	0.9675	0.9673	0.9674	1.4432	0.9672	0.8932	0.9532	0.9669
  n	0.9673	0.9669	0.9651	0.9674	0.9678	0.966	0.9633	0.9672	0.94	0.9672	0.97	0.9396	0.9673	0.9664	0.9674	1.2992	0.9673	0.9538	0.9672	0.9651	0.9599	0.9674	0.9674	0.9669	0.9676	0.9672	0.9672	0.9619	0.9634	0.9672	0.9674	0.9674	0.9674	0.9668	0.9624	0.9588	0.9549	0.9668	0.9674	0.9674	0.9673	0.9674	0.9668	0.9672	0.9674	0	0.9586	0.9672	0.9671	0.9671	0.9612	0.9631	0.9674	0.9669	1.07	0.9686	0.959	0.9675	0.9672	0.9674	0.9643	0.9672	0.9926	0.9533	0.9669
  o	0.9591	0.9597	1.4001	0.9586	3.0872	1.9563	0.961	0.9589	1.1064	0.959	0.9693	7.2809	1.0997	1.4323	1.5774	0.9612	1.0703	0.9731	0.9592	0.9626	1.4449	0.9585	1.1996	1.927	0.9688	1.2547	0.9592	0.9602	1.4132	1.4428	0.9585	0.9586	1.4366	0.9609	0.9594	10.4244	8.5618	0.9608	0.9587	0.9584	0.9587	0.9592	0.96	0.959	0.9585	0.9586	0	0.9591	1.1386	0.9598	1.7656	0.9575	0.9586	0.9596	0.9598	1.9171	0.9591	0.9584	0.9642	0.9584	0.9634	0.9592	4.3775	1.0125	0.9587
  p	0.9671	0.9667	0.9652	0.9672	0.9676	0.9658	0.9634	0.967	0.9419	0.967	0.97	0.9413	0.9671	0.9663	0.9672	0.9668	0.9671	0.9546	0.967	0.9651	0.9602	0.9672	0.9672	0.9668	0.9674	0.967	0.9674	0.9621	0.9635	0.967	0.9672	0.9672	0.9672	0.9667	0.9626	0.9593	0.9558	0.9667	0.9672	0.9672	0.9671	0.9672	0.9666	0.9671	0.9672	0.9672	0.9591	0	0.9669	0.9669	0.9616	0.9633	0.9672	1.4495	0.967	0.9685	0.9595	0.9672	0.967	0.9672	0.9641	0.967	1.3362	0.9541	0.9667
  q	0.967	0.9666	2.0022	0.9671	0.9684	0.9661	1.3927	0.9669	0.9497	0.9669	0.9708	1.4167	0.967	0.9663	0.9671	0.9669	0.967	0.9568	0.9669	1.0072	0.9619	1.2271	0.9671	0.9668	0.9679	0.967	0.9669	0.9629	0.9646	0.967	0.9671	0.9671	0.9671	0.9666	0.9875	0.9609	0.9709	0.9666	0.9685	0.9671	0.967	0.9671	1.1558	0.967	0.9671	0.9671	1.1386	0.9669	0	0.9668	0.9644	0.9638	0.9671	0.9666	0.9669	0.9687	0.9609	0.9671	0.967	0.9671	0.9647	0.967	2.2555	0.9564	0.9667
  r	0.967	0.9666	0.9802	0.9671	0.9675	0.9659	0.9637	0.9669	0.945	0.9669	0.9702	0.9439	0.967	0.9662	0.9671	1.0352	0.967	0.9557	0.9669	0.9652	0.9843	0.9671	0.9671	0.9667	0.9674	0.967	0.9669	0.9625	0.9639	0.9669	0.9671	0.9671	0.9671	1.3921	0.9629	0.9599	0.9914	0.9666	0.9671	0.9671	0.967	0.9671	0.9665	0.967	0.9671	0.9671	0.9598	0.9669	0.9668	0	0.9623	0.9635	0.9671	0.9666	0.9669	0.9684	0.9601	0.9671	0.9669	0.9671	0.9643	0.9669	1.8418	0.9553	1.4574
  s	0.9619	0.9623	1.4108	0.9616	1.1848	0.9684	0.9649	0.9627	1.5489	0.9617	1.0925	9.0569	0.9615	0.9619	0.9613	0.9639	0.9615	1.7967	0.9617	0.967	0.9684	0.962	0.9612	0.962	1.1053	0.9611	0.9617	0.9636	1.9393	1.0314	0.9611	0.9612	0.9611	0.9636	1.4689	2.4224	1.3346	0.9629	0.9618	0.9614	0.9612	0.9656	0.9625	0.9615	0.9611	0.9612	1.7656	0.9616	0.9644	0.9623	0	0.9646	0.9611	0.9622	0.9624	3.0736	1.12	0.961	0.9615	0.961	0.9658	0.9617	10.7924	1.2735	0.9617
  t	0.9632	0.9634	0.9637	0.9634	0.9638	1.1269	0.9615	0.9631	0.9427	0.9632	0.9681	0.9411	0.9631	0.964	0.9631	0.9638	0.9631	7.6285	0.9633	0.9635	0.9607	0.9638	0.9631	0.963	0.9636	0.963	0.9633	1.4481	0.962	0.9634	0.9631	0.9631	0.9631	0.9638	0.96	0.9568	0.9589	0.9634	0.9632	0.9631	0.9631	0.9631	0.9634	0.9632	0.9632	0.9631	0.9575	0.9633	0.9638	0.9635	0.9646	0	0.9631	0.9633	0.9636	0.9659	0.9578	0.9631	0.963	0.9631	1.4423	0.9633	1.3397	0.9519	0.9627
  u	0.9673	0.9669	0.9651	0.9674	0.9678	0.966	0.9633	0.9672	0.9397	0.9672	0.9699	0.9396	0.9674	0.9664	0.9674	0.967	0.9673	0.9536	0.9672	0.9651	0.983	0.9674	0.9674	0.967	0.9676	0.9673	0.9672	0.9619	0.9633	0.9672	0.9674	0.9674	0.9674	1.0216	0.9624	0.9588	1.1249	0.9932	0.9674	0.9674	0.9674	0.9674	0.9668	0.9673	0.9674	0.9674	0.9586	0.9672	0.9671	0.9671	0.9611	0.9631	0	0.9669	0.9672	0.9686	0.959	0.9675	0.9673	0.9674	0.964	0.9672	0.8935	1.2504	0.9669
  v	0.9668	0.9664	0.9657	0.9668	0.9676	0.9657	0.9635	0.9667	0.9442	0.9667	0.97	0.9435	0.9668	0.9661	0.9669	0.9667	0.9668	0.9555	0.9667	0.9651	0.9608	0.9669	0.9669	0.9665	0.9673	0.9667	0.9667	0.9623	0.9639	0.9668	0.9669	0.9669	0.9668	0.9665	0.9627	0.9598	1.9252	0.9664	0.9669	0.9669	0.9668	0.9669	0.9664	0.9668	0.9669	0.9669	0.9596	1.4495	0.9666	0.9666	0.9622	0.9633	0.9669	0	0.9667	0.9683	0.9599	0.9669	0.9668	0.9669	1.2141	0.9667	1.62	0.9549	0.9665
  w	0.9675	0.9667	0.9655	0.968	0.9676	0.966	0.9642	0.967	0.9444	0.967	0.9703	1.1467	0.9671	0.9663	0.9671	1.2117	0.9671	0.9559	0.967	0.9652	0.961	0.9672	0.9672	0.9668	0.9675	0.967	0.967	1.3261	0.9652	0.9671	0.9671	0.9671	0.9671	0.9667	0.9629	0.96	0.9572	0.9667	0.9672	0.9672	0.9671	0.9671	0.9666	0.967	1.1763	1.07	0.9598	0.967	0.9669	0.9669	0.9624	0.9636	0.9672	0.9667	0	0.9685	0.9602	0.9673	0.967	0.9672	1.5598	0.9679	1.6997	0.9553	0.9667
  x	0.9687	0.9683	0.9689	0.9687	0.9703	0.9683	0.9665	0.9686	0.9602	0.9685	1.0305	4.6187	0.9687	0.9681	0.9688	0.969	0.9687	0.9604	0.9684	0.9673	1.4452	0.9688	0.9688	0.9685	0.9712	0.9686	0.9684	0.9656	1.5859	0.9758	0.9686	0.9687	0.9687	0.9684	0.9656	1.6698	1.089	0.9684	0.9688	0.969	0.9687	0.9687	0.9681	0.9685	0.9687	0.9686	1.9171	0.9685	0.9687	0.9684	3.0736	0.9659	0.9686	0.9683	0.9685	0	0.9638	0.9687	0.9687	0.9687	0.9676	0.9685	2.3235	0.9804	0.9686
  y	0.9593	0.96	1.0279	0.9592	0.9606	0.9596	0.9601	0.9592	0.9594	0.9594	0.9666	1.65	0.9591	0.9594	0.959	0.9608	0.9591	1.0295	0.9596	0.9623	0.9616	0.9589	0.959	0.9594	0.9604	0.9588	0.9596	0.9626	0.9639	0.9599	0.959	0.959	0.9589	0.961	0.9582	1.8975	1.6778	0.9601	0.9591	0.9589	0.959	0.9589	0.9602	0.9642	0.959	0.959	0.9591	0.9595	0.9609	0.9601	1.12	0.9578	0.959	0.9599	0.9602	0.9638	0	0.9589	0.959	0.9589	1.432	0.9596	2.1025	0.9523	0.9588
  z	0.9673	0.9669	0.965	0.9674	0.9678	0.966	0.9633	0.9673	0.9393	0.9672	0.97	0.939	0.9674	0.9664	0.9675	1.204	0.9674	0.9535	0.9672	0.9651	0.9598	0.9675	0.9675	0.967	0.9676	0.9673	0.9672	0.9619	0.9633	0.9673	0.9674	0.9674	0.9674	0.9669	0.9623	0.9586	0.9547	0.9669	0.9675	0.9675	0.9674	0.9674	0.9668	0.9673	0.9675	0.9675	0.9584	0.9672	0.9671	0.9671	0.961	0.9631	0.9675	0.9669	0.9673	0.9687	0.9589	0	0.9673	0.9675	1.3072	0.9673	0.8925	0.953	0.9669
  {	0.9671	0.9667	0.9655	0.9672	0.968	0.9661	0.9633	0.9671	0.9412	0.967	0.97	0.9518	0.9673	0.9664	0.9673	0.9669	0.9672	0.9538	0.967	0.9651	0.9603	0.9673	0.9673	0.9685	0.9676	0.9671	0.967	0.9619	0.9685	0.9672	0.9672	0.9672	0.9672	0.9668	0.9623	1.0131	1.8286	0.9667	0.9673	0.9673	0.9673	0.9672	0.9667	0.9671	0.9673	0.9672	0.9642	0.967	0.967	0.9669	0.9615	0.963	0.9673	0.9668	0.967	0.9687	0.959	0.9673	0	0.9673	0.9642	0.9671	0.8985	0.9534	0.9668
  |	0.9673	0.9669	0.965	0.9674	0.9678	0.9659	1.4442	0.9672	0.9393	0.9672	0.97	0.9388	0.9674	0.9664	0.9674	0.967	0.9673	0.9534	0.9672	0.9651	0.9597	0.9675	0.9674	0.967	0.9676	0.9673	0.9672	0.9618	0.9633	0.9673	0.9674	0.9674	0.9674	0.9668	0.9623	0.9586	0.9546	0.9668	0.9674	0.9675	0.9674	0.9674	0.9668	0.9673	0.9674	0.9674	0.9584	0.9672	0.9671	0.9671	0.961	0.9631	0.9674	0.9669	0.9672	0.9687	0.9589	0.9675	0.9673	0	0.964	0.9672	0.8925	0.953	0.9669
  }	0.9643	0.9647	0.9984	0.9752	0.9656	0.9645	1.0432	0.9642	0.9694	0.9641	1.4517	1.8789	0.9642	0.9641	0.9641	3.2673	0.9642	1.8691	0.9641	0.9644	1.126	0.9641	0.9641	0.9642	0.9655	0.964	0.9641	1.8729	1.4466	1.3575	0.964	0.964	0.964	0.9653	0.9624	0.9627	2.5085	0.9652	0.9641	0.964	0.9641	0.964	0.9643	0.9642	1.4432	0.9643	0.9634	0.9641	0.9647	0.9643	0.9658	1.4423	0.964	1.2141	1.5598	0.9676	1.432	1.3072	0.9642	0.964	0	0.9642	4.6632	0.9611	0.9641
  ~	0.9671	0.9667	0.9653	0.9672	0.9676	0.9659	1.1322	0.967	0.9421	0.967	0.97	0.9415	0.9672	0.9663	0.9672	0.9668	0.9671	0.9547	0.967	0.9652	0.9603	0.9672	0.9672	0.9668	0.9674	0.9671	0.967	0.9622	0.9638	0.9671	0.9672	0.9672	0.9672	0.9667	0.9627	0.9593	0.9559	0.9667	0.9672	0.9672	0.9672	0.9672	0.9667	0.9671	0.9672	0.9672	0.9592	0.967	0.967	0.9669	0.9617	0.9633	0.9672	0.9667	0.9679	0.9685	0.9596	0.9673	0.9671	0.9672	0.9642	0	1.2889	0.9542	0.9667
  	1.1094	1.7813	7.7985	0.8941	0.9327	1.3443	5.6856	0.8977	72.3028	1.2325	4.5251	19.0332	0.8956	1.3443	0.8936	1.8687	0.8956	2.2662	1.3374	7.3248	8.0636	0.9199	0.8942	1.2413	0.9483	0.8933	1.3375	1.5089	7.2916	1.0274	0.8935	0.9428	0.8929	2.6365	2.8416	0.9756	15.6193	1.6372	1.0221	0.8932	0.8939	0.8929	1.858	1.1062	0.8932	0.9926	4.3775	1.3362	2.2555	1.8418	10.7924	1.3397	0.8935	1.62	1.6997	2.3235	2.1025	0.8925	0.8985	0.8925	4.6632	1.2889	0	1.2526	0.9612
  	0.9538	0.9553	1.1963	0.9531	1.1071	0.9544	0.9577	1.9078	1.911	0.954	0.9654	13.0027	0.9534	0.9547	0.9532	0.9573	0.9533	0.9518	0.9543	0.9599	2.3924	0.9528	0.9532	1.1819	0.9612	0.9531	0.9543	0.953	2.0234	0.9558	1.1389	0.9532	0.953	1.5516	0.9553	1.3513	2.9464	1.2143	0.9534	0.953	0.9532	0.9531	0.9556	0.9538	0.9532	0.9533	1.0125	0.9541	0.9564	0.9553	1.2735	0.9519	1.2504	0.9549	0.9553	0.9804	0.9523	0.953	0.9534	0.953	0.9611	0.9542	1.2526	0	0.9531
  	0.9668	0.9664	0.9655	0.9669	0.9677	0.9656	0.9632	0.9667	0.9408	0.9667	1.3591	0.9404	0.9669	0.9661	0.9669	0.9666	0.9668	0.9538	0.9667	0.9649	0.96	0.9669	0.9669	0.9665	0.9674	0.9667	0.9667	1.0211	0.9635	0.9668	0.9669	0.9669	0.9669	0.9665	0.9621	0.9588	1.9053	0.9664	0.9669	0.9669	0.9669	0.9669	0.9664	0.9668	0.9669	0.9669	0.9587	0.9667	0.9667	1.4574	0.9617	0.9627	0.9669	0.9665	0.9667	0.9686	0.9588	0.9669	0.9668	0.9669	0.9641	0.9667	0.9612	0.9531	0

Actual rates from j->i (Q_ij):
	A	B	C	D	E	F	G	H	I	J	K	L	M	N	O	P	Q	R	S	T	U	V	W	X	Y	Z	[	\	]	^	_	`	a	b	c	d	e	f	g	h	i	j	k	l	m	n	o	p	q	r	s	t	u	v	w	x	y	z	{	|	}	~			
  A	0	0.0179	0.0179	0.0179	0.0179	0.0179	0.0178	0.0179	0.0174	0.0179	0.018	0.0174	0.0179	0.0179	0.0179	0.0179	0.0179	0.0177	0.0179	0.0179	0.0178	0.0179	0.0179	0.0179	0.0179	0.0179	0.0179	0.0178	0.0226	0.0179	0.0179	0.0179	0.0179	0.0179	0.0178	0.0178	0.0177	0.0179	0.0179	0.0179	0.0179	0.0179	0.0179	0.0179	0.0179	0.0179	0.0178	0.0179	0.0179	0.0179	0.0178	0.0178	0.0179	0.0179	0.0179	0.0179	0.0178	0.0179	0.0179	0.0179	0.0179	0.0179	0.0205	0.0177	0.0179
  B	0.0153	0	0.0153	0.0153	0.0153	0.0153	0.0153	0.0153	0.0151	0.0153	0.0154	0.015	0.0153	0.0153	0.0153	0.0153	0.0153	0.0152	0.0153	0.0153	0.0152	0.0153	0.0153	0.0153	0.0153	0.0153	0.0153	0.0153	0.0153	0.0153	0.0153	0.0153	0.0153	0.0153	0.0153	0.0152	0.0152	0.0153	0.0153	0.0153	0.0153	0.0153	0.0153	0.0153	0.0153	0.0153	0.0152	0.0153	0.0153	0.0153	0.0153	0.0153	0.0153	0.0153	0.0153	0.0154	0.0152	0.0153	0.0153	0.0153	0.0153	0.0153	0.0283	0.0152	0.0153
  C	0.0075	0.0075	0	0.0075	0.0089	0.0076	0.0121	0.0075	0.0088	0.0084	0.0083	0.0177	0.0076	0.0075	0.0075	0.0081	0.0076	0.0075	0.0075	0.011	0.0146	0.0101	0.0075	0.0086	0.0076	0.0075	0.0075	0.0075	0.0126	0.0077	0.0076	0.0075	0.0075	0.0079	0.008	0.0133	0.0229	0.0076	0.0138	0.0075	0.0075	0.0075	0.0079	0.0075	0.0075	0.0075	0.0109	0.0075	0.0157	0.0077	0.011	0.0075	0.0075	0.0076	0.0075	0.0076	0.008	0.0075	0.0075	0.0075	0.0078	0.0075	0.061	0.0094	0.0075
  D	0.0188	0.0188	0.0188	0	0.0188	0.0188	0.0187	0.0188	0.0183	0.0188	0.0189	0.0183	0.0188	0.0188	0.0188	0.0188	0.0188	0.0651	0.0188	0.0188	0.0187	0.0188	0.0188	0.0188	0.0188	0.0188	0.0188	0.0279	0.0187	0.0188	0.0188	0.0188	0.0188	0.0188	0.0187	0.0186	0.0186	0.0188	0.0188	0.0188	0.0188	0.0188	0.0188	0.0188	0.0188	0.0188	0.0186	0.0188	0.0188	0.0188	0.0187	0.0187	0.0188	0.0188	0.0188	0.0188	0.0187	0.0188	0.0188	0.0188	0.019	0.0188	0.0174	0.0185	0.0188
  E	0.0178	0.0178	0.0209	0.0178	0	0.0178	0.0177	0.0178	0.0175	0.0178	0.0179	0.0375	0.0178	0.0178	0.0178	0.0178	0.0178	0.0176	0.0178	0.0178	0.0177	0.0178	0.0178	0.0178	0.0178	0.0178	0.0178	0.0177	0.0198	0.0178	0.0178	0.0178	0.0178	0.0178	0.0177	0.0327	0.0219	0.0178	0.0178	0.0178	0.0178	0.0178	0.0178	0.0178	0.0178	0.0178	0.0568	0.0178	0.0178	0.0178	0.0218	0.0177	0.0178	0.0178	0.0178	0.0179	0.0177	0.0178	0.0178	0.0178	0.0178	0.0178	0.0172	0.0204	0.0178
  F	0.0167	0.0167	0.0167	0.0167	0.0167	0	0.0167	0.0167	0.0164	0.0167	0.0168	0.0164	0.0167	0.0171	0.0167	0.025	0.0167	0.0801	0.0167	0.0167	0.0172	0.031	0.0167	0.0167	0.0167	0.0167	0.0167	0.0256	0.0167	0.0167	0.0167	0.0167	0.0167	0.0167	0.0166	0.0334	0.076	0.0167	0.0167	0.0167	0.0167	0.0172	0.0167	0.0167	0.0167	0.0167	0.0338	0.0167	0.0167	0.0167	0.0168	0.0195	0.0167	0.0167	0.0167	0.0168	0.0166	0.0167	0.0167	0.0167	0.0167	0.0167	0.0233	0.0165	0.0167
  G	0.0093	0.0093	0.0149	0.0093	0.0093	0.0093	0	0.0093	0.0092	0.0093	0.0139	0.0092	0.0093	0.0093	0.0093	0.0093	0.0093	0.0092	0.0093	0.0094	0.0093	0.0099	0.0093	0.0093	0.0093	0.0093	0.0093	0.0093	0.0093	0.0098	0.0093	0.0093	0.0093	0.0093	0.0093	0.0092	0.0094	0.0093	0.0093	0.0093	0.0093	0.0093	0.0112	0.0093	0.0093	0.0093	0.0093	0.0093	0.0134	0.0093	0.0093	0.0093	0.0093	0.0093	0.0093	0.0093	0.0092	0.0093	0.0093	0.0139	0.01	0.0109	0.0548	0.0092	0.0093
  H	0.0179	0.0179	0.0179	0.0179	0.0179	0.0179	0.0178	0	0.0175	0.0179	0.018	0.0308	0.0179	0.0179	0.0179	0.0179	0.0179	0.0177	0.0179	0.0179	0.0178	0.0179	0.0179	0.0179	0.0179	0.0179	0.0179	0.0178	0.0218	0.0179	0.0179	0.0179	0.0179	0.0179	0.0178	0.0178	0.0177	0.0179	0.0179	0.0179	0.0179	0.0179	0.0179	0.0179	0.0179	0.0179	0.0178	0.0179	0.0179	0.0179	0.0178	0.0178	0.0179	0.0179	0.0179	0.0179	0.0178	0.0179	0.0179	0.0179	0.0179	0.0179	0.0166	0.0353	0.0179
  I	0.0017	0.0017	0.0021	0.0017	0.0017	0.0017	0.0018	0.0017	0	0.0017	0.0024	0.0044	0.0017	0.0017	0.0017	0.0026	0.0017	0.0018	0.0017	0.0026	0.0018	0.0017	0.0017	0.0017	0.0018	0.0017	0.0017	0.0017	0.0026	0.0017	0.0017	0.0017	0.0017	0.0017	0.0052	0.0018	0.0022	0.0018	0.0017	0.0017	0.0017	0.0017	0.0022	0.0017	0.0017	0.0017	0.002	0.0017	0.0017	0.0017	0.0028	0.0017	0.0017	0.0017	0.0017	0.0018	0.0018	0.0017	0.0017	0.0017	0.0018	0.0017	0.1324	0.0035	0.0017
  J	0.0173	0.0173	0.0194	0.0173	0.0173	0.0173	0.0173	0.0173	0.0169	0	0.0174	0.0169	0.0173	0.0173	0.0173	0.0173	0.0173	0.0171	0.0173	0.0173	0.0172	0.0173	0.0173	0.0173	0.0173	0.0173	0.0173	0.0172	0.0173	0.0173	0.0173	0.0173	0.0173	0.0173	0.0173	0.0172	0.0171	0.0173	0.0173	0.0173	0.0173	0.0173	0.0173	0.0173	0.0173	0.0173	0.0172	0.0173	0.0173	0.0173	0.0172	0.0173	0.0173	0.0173	0.0173	0.0174	0.0172	0.0173	0.0173	0.0173	0.0173	0.0173	0.0221	0.0171	0.0173
  K	0.0104	0.0104	0.0113	0.0104	0.0104	0.0104	0.0154	0.0104	0.0139	0.0103	0	0.0106	0.0104	0.0103	0.0104	0.0104	0.0104	0.0103	0.0103	0.0104	0.0104	0.0104	0.0103	0.0104	0.0107	0.0103	0.0103	0.0145	0.0104	0.0104	0.0103	0.0104	0.0103	0.0104	0.0103	0.0103	0.0109	0.0104	0.0104	0.0155	0.0103	0.0103	0.0104	0.0103	0.0104	0.0104	0.0103	0.0104	0.0104	0.0104	0.0117	0.0103	0.0103	0.0104	0.0104	0.011	0.0103	0.0104	0.0103	0.0103	0.0155	0.0104	0.0483	0.0103	0.0145
  L	0.0052	0.0052	0.0124	0.0052	0.0112	0.0052	0.0052	0.0091	0.0132	0.0052	0.0055	0	0.0052	0.0052	0.0052	0.009	0.0052	0.0077	0.0052	0.0067	0.0624	0.0052	0.0052	0.0064	0.009	0.0056	0.0052	0.0096	0.0267	0.0143	0.0052	0.0052	0.0052	0.0053	0.0052	0.0395	0.0303	0.0075	0.0052	0.0052	0.0052	0.0052	0.0052	0.0053	0.0054	0.0052	0.0401	0.0052	0.0078	0.0052	0.0498	0.0052	0.0052	0.0052	0.0063	0.0254	0.0091	0.0052	0.0052	0.0052	0.0103	0.0052	0.1047	0.0716	0.0052
  M	0.0185	0.0185	0.0185	0.0185	0.0186	0.0185	0.0185	0.0185	0.018	0.0185	0.0186	0.018	0	0.0185	0.0185	0.0185	0.0185	0.0183	0.0185	0.0185	0.0184	0.0185	0.0185	0.0185	0.0186	0.0185	0.0185	0.0184	0.0185	0.0185	0.0185	0.0185	0.0185	0.0185	0.0185	0.0184	0.0434	0.0185	0.0185	0.0185	0.0185	0.0185	0.0185	0.0185	0.0185	0.0185	0.0211	0.0185	0.0185	0.0185	0.0184	0.0185	0.0185	0.0185	0.0185	0.0186	0.0184	0.0185	0.0185	0.0185	0.0185	0.0185	0.0172	0.0183	0.0185
  N	0.0165	0.0165	0.0165	0.0165	0.0165	0.0168	0.0164	0.0165	0.0161	0.0165	0.0165	0.0161	0.0165	0	0.0165	0.0165	0.0165	0.0264	0.0165	0.0165	0.0199	0.0165	0.0165	0.0165	0.0165	0.0165	0.0165	0.0164	0.0164	0.0165	0.0165	0.0165	0.0165	0.0165	0.0164	0.0164	0.0192	0.0165	0.0165	0.0165	0.0165	0.0165	0.0165	0.0165	0.0165	0.0165	0.0244	0.0165	0.0165	0.0165	0.0164	0.0164	0.0165	0.0165	0.0165	0.0165	0.0164	0.0165	0.0165	0.0165	0.0164	0.0165	0.0229	0.0163	0.0165
  O	0.0189	0.0189	0.0189	0.0189	0.0189	0.0189	0.0188	0.0189	0.0184	0.0189	0.019	0.0184	0.0189	0.0189	0	0.0189	0.0189	0.0186	0.0189	0.0189	0.0188	0.0189	0.0189	0.0189	0.0189	0.0189	0.0189	0.0188	0.019	0.0189	0.0189	0.0189	0.0189	0.0189	0.0188	0.0233	0.0218	0.0189	0.0189	0.0189	0.0189	0.0189	0.0189	0.0189	0.0189	0.0189	0.0308	0.0189	0.0189	0.0189	0.0188	0.0188	0.0189	0.0189	0.0189	0.0189	0.0187	0.0189	0.0189	0.0189	0.0188	0.0189	0.0175	0.0186	0.0189
  P	0.0151	0.0151	0.0162	0.0151	0.0151	0.0225	0.015	0.0151	0.0222	0.0151	0.0151	0.0256	0.0151	0.0151	0.0151	0	0.0151	0.0374	0.0151	0.0151	0.0177	0.0151	0.0151	0.0151	0.0151	0.0151	0.0151	0.015	0.0151	0.0151	0.0151	0.0151	0.0151	0.0181	0.015	0.015	0.0158	0.0151	0.0151	0.0151	0.0151	0.0151	0.0151	0.0151	0.0151	0.0203	0.015	0.0151	0.0151	0.0161	0.015	0.015	0.0151	0.0151	0.0189	0.0151	0.015	0.0188	0.0151	0.0151	0.051	0.0151	0.0291	0.0149	0.0151
  Q	0.0185	0.0185	0.0185	0.0185	0.0186	0.0185	0.0185	0.0185	0.018	0.0185	0.0186	0.018	0.0185	0.0185	0.0185	0.0185	0	0.0183	0.0185	0.0185	0.0184	0.0185	0.0185	0.0185	0.0185	0.0185	0.0185	0.0184	0.0185	0.0185	0.0185	0.0185	0.0185	0.0185	0.0184	0.0184	0.0439	0.0185	0.0185	0.0185	0.0185	0.0185	0.0185	0.0185	0.0185	0.0185	0.0205	0.0185	0.0185	0.0185	0.0184	0.0185	0.0185	0.0185	0.0185	0.0186	0.0184	0.0185	0.0185	0.0185	0.0185	0.0185	0.0172	0.0183	0.0185
  R	0.0117	0.0117	0.0118	0.0411	0.0117	0.0568	0.0118	0.0117	0.012	0.0117	0.0118	0.0172	0.0117	0.019	0.0117	0.0294	0.0117	0	0.0117	0.0118	0.0134	0.0216	0.0117	0.0117	0.0117	0.0117	0.0117	0.0522	0.0118	0.0117	0.0117	0.0117	0.0117	0.0117	0.0117	0.0118	0.077	0.0117	0.0117	0.0117	0.0117	0.0117	0.0117	0.0117	0.0117	0.0117	0.0119	0.0117	0.0117	0.0117	0.022	0.0936	0.0117	0.0117	0.0117	0.0118	0.0126	0.0117	0.0117	0.0117	0.0229	0.0117	0.0278	0.0117	0.0117
  S	0.0169	0.0169	0.0168	0.0169	0.0169	0.0169	0.0168	0.0169	0.0164	0.0169	0.0169	0.0164	0.0169	0.0169	0.0169	0.0169	0.0169	0.0167	0	0.0168	0.0168	0.0169	0.0169	0.0169	0.0169	0.0169	0.0169	0.0168	0.0168	0.0169	0.0169	0.0169	0.0169	0.0169	0.0168	0.0167	0.0167	0.0169	0.0169	0.0169	0.0169	0.0169	0.0169	0.0169	0.0169	0.0169	0.0167	0.0169	0.0169	0.0169	0.0168	0.0168	0.0169	0.0169	0.0169	0.0169	0.0168	0.0169	0.0169	0.0169	0.0168	0.0169	0.0233	0.0167	0.0169
