Map from character to field name
A:	Algeria
B:	Argentina
C:	Australia
D:	Austria
E:	Bangladesh
F:	Belgium
G:	Brazil
H:	Cambodia
I:	Canada
J:	Chad
K:	Chile
L:	China
M:	Czech Republic
N:	Denmark
O:	Egypt
P:	France
Q:	Georgia
R:	Germany
S:	Guam
T:	Guatemala
U:	Hong Kong
V:	Hungary
W:	Iceland
X:	India
Y:	Indonesia
Z:	Iran
[:	Ireland
\:	Italy
]:	Japan
^:	Kazakhstan
_:	Kuwait
`:	Laos
a:	Luxembourg
b:	Malaysia
c:	Mexico
d:	Mongolia
e:	Netherlands
f:	New Zealand
g:	Nicaragua
h:	Nigeria
i:	Norway
j:	Pakistan
k:	Peru
l:	Philippines
m:	Poland
n:	Romania
o:	Russia
p:	Saudi Arabia
q:	Singapore
r:	South Africa
s:	South Korea
t:	Spain
u:	Sri Lanka
v:	Sweden
w:	Switzerland
x:	Taiwan
y:	Thailand
z:	Turkey
{:	Ukraine
|:	United Arab Emirates
}:	United Kingdom
~:	Uruguay
:	Usa
:	Vietnam
:	Zambia
:	?


Substitution rate (mu): 20.339364

Equilibrium frequencies (pi_i):
  A: 0.0181
  B: 0.0148
  C: 0.0086
  D: 0.0194
  E: 0.0191
  F: 0.0165
  G: 0.0071
  H: 0.0183
  I: 0.0019
  J: 0.0175
  K: 0.0091
  L: 0.0079
  M: 0.0191
  N: 0.0171
  O: 0.0199
  P: 0.0144
  Q: 0.0199
  R: 0.0116
  S: 0.0175
  T: 0.006
  U: 0.0068
  V: 0.0178
  W: 0.0198
  X: 0.0194
  Y: 0.0196
  Z: 0.0199
  [: 0.0202
  \: 0.0171
  ]: 0.0085
  ^: 0.0179
  _: 0.0198
  `: 0.0201
  a: 0.0199
  b: 0.0169
  c: 0.0092
  d: 0.0118
  e: 0.005
  f: 0.0176
  g: 0.016
  h: 0.0175
  i: 0.0198
  j: 0.0197
  k: 0.0156
  l: 0.0198
  m: 0.0202
  n: 0.0187
  o: 0.0093
  p: 0.0202
  q: 0.013
  r: 0.0156
  s: 0.0055
  t: 0.0191
  u: 0.0198
  v: 0.0137
  w: 0.0161
  x: 0.0119
  y: 0.0117
  z: 0.0202
  {: 0.0194
  |: 0.0201
  }: 0.0109
  ~: 0.0188
  : 0.0049
  : 0.0119
  : 0.0192

Symmetrized rates from j->i (W_ij):
	A	B	C	D	E	F	G	H	I	J	K	L	M	N	O	P	Q	R	S	T	U	V	W	X	Y	Z	[	\	]	^	_	`	a	b	c	d	e	f	g	h	i	j	k	l	m	n	o	p	q	r	s	t	u	v	w	x	y	z	{	|	}	~			
  A	0	0.9642	0.9618	0.9642	0.9637	0.9633	0.9636	0.9641	0.9373	0.9642	0.9626	0.9409	0.964	0.9643	0.9642	0.9641	0.9642	0.9544	0.9642	0.9639	0.9569	0.9644	0.9641	0.9641	0.9629	0.9642	0.9642	0.96	1.1025	0.9642	0.9642	0.9642	0.9642	0.9641	0.962	0.9582	0.9548	0.9646	0.9642	0.9642	0.9642	0.9642	0.9642	0.9641	0.9642	0.9642	0.9585	0.9642	0.964	0.9643	0.9578	0.9616	0.9642	0.9645	0.9652	0.9637	0.9588	0.9642	0.9644	0.9642	0.9635	0.9644	1.2165	0.9559	0.964
  B	0.9642	0	0.962	0.9641	0.9637	0.9634	0.9634	0.964	1.1781	0.9641	0.9628	0.9446	0.964	0.9642	0.9641	0.9641	0.9641	0.9562	0.9641	0.9638	0.9584	0.9643	0.964	0.964	0.963	0.9641	0.9641	0.9607	0.9619	0.9641	0.9641	0.9641	0.9641	0.964	0.9624	0.9592	0.9562	0.9645	0.9641	0.9641	0.9641	0.9641	0.9641	0.9641	0.9641	0.9641	0.9594	0.9641	0.964	0.9641	0.9585	0.962	0.9641	0.9643	0.9642	0.9638	1.0438	0.9641	0.9642	0.9641	0.9634	0.9642	1.9815	0.9571	0.964
  C	0.9618	0.962	0	0.9613	0.9618	1.1683	0.9976	0.9616	1.0202	0.9618	0.9659	1.4816	0.9615	0.9619	0.9611	0.9662	0.9611	0.9946	0.9615	1.0379	2.1339	0.9637	0.9611	0.9618	0.9612	0.961	0.961	0.9612	1.6484	0.9643	0.9634	0.961	0.961	0.9733	0.9623	0.9631	4.9252	1.1336	0.9668	0.9615	0.9611	0.9613	0.9624	0.9611	0.961	0.9613	1.0293	0.961	1.257	0.9672	1.1046	0.9602	0.9612	0.9629	0.9619	0.9874	0.9617	0.961	0.9618	0.961	0.9665	0.9614	6.6006	0.9627	0.9613
  D	0.9642	0.9641	0.9613	0	0.9637	0.9634	0.9631	0.964	0.9339	0.9642	0.9622	1.0446	0.964	0.9649	0.9641	0.964	0.9641	3.3436	0.9642	0.9636	0.9568	0.9645	0.9641	0.9641	0.9628	0.9641	0.9642	1.2407	0.9609	0.9643	0.9642	0.9642	0.9642	0.9641	0.9616	0.9579	0.9541	0.9647	0.9642	0.9642	0.9642	0.9642	0.9641	0.9641	0.9652	0.9642	0.9584	0.9642	0.9639	0.9643	0.9567	0.9617	0.9642	0.9645	1.2206	0.9633	0.9583	0.9642	0.9646	0.9642	1.1058	0.9642	0.8822	0.955	0.964
  E	0.9637	0.9637	0.9618	0.9637	0	0.9634	0.9632	0.9637	0.9347	0.9636	0.9619	1.7111	0.9637	0.9638	1.1247	0.9635	0.9638	0.9546	0.9636	0.9635	0.9578	0.9642	0.9636	1.264	0.9627	0.9636	0.9636	0.9598	0.9617	0.9642	0.9636	0.9636	0.9636	0.9638	0.9615	2.4776	1.2314	0.9647	0.9637	0.9636	0.9636	0.9997	0.9637	0.9636	0.9635	0.9636	3.6147	0.9636	0.9636	0.9639	0.9572	0.9609	0.9637	0.9645	0.9638	0.964	0.9584	0.9636	0.9641	0.9636	0.9633	0.9636	0.8844	1.4341	0.9635
  F	0.9633	0.9634	1.1683	0.9634	0.9634	0	1.0288	0.9632	0.9416	0.9633	0.9623	1.2597	0.9634	0.9686	0.9632	1.0947	0.9632	4.5743	0.9633	0.9637	0.9641	1.0141	0.9631	0.9637	0.9627	0.9631	0.9632	1.4223	0.9621	0.9669	0.9632	0.9631	0.9632	0.9636	0.9628	1.3903	4.7151	0.9642	0.9634	0.9633	0.9632	0.9636	0.9634	0.9631	0.9631	0.9633	2.1452	0.9631	0.9636	0.964	0.9586	1.5491	0.9632	0.9643	0.9636	0.9635	0.9669	0.9632	0.9643	0.9631	1.0774	0.9633	1.3326	0.9565	0.9631
  G	0.9636	0.9634	0.9976	0.9631	0.9632	1.0288	0	0.963	2.3123	0.963	1.081	1.2727	0.9628	0.9635	0.9628	0.9639	0.9631	1.3266	0.963	0.964	0.9634	1.1539	0.9628	0.9635	0.9624	0.9629	0.9628	0.9706	1.418	0.9779	0.9628	0.9628	0.9629	0.9631	0.9906	0.9623	0.9639	0.9637	0.9633	0.963	0.9628	0.9628	0.9646	0.9628	0.9628	0.963	1.0877	0.9628	1.3706	0.9633	1.0468	0.9625	0.9628	0.9638	1.0104	0.9647	1.0468	0.9628	0.9633	1.4442	0.9877	1.2938	8.212	0.9611	0.968
  H	0.9641	0.964	0.9616	0.964	0.9637	0.9632	0.963	0	1.3508	0.964	0.9623	1.4119	0.9639	0.9641	0.964	0.9639	0.964	0.9542	0.964	0.9637	0.9567	0.9644	0.9639	0.9639	0.9628	0.964	0.964	0.9598	0.9614	0.964	0.964	0.964	0.964	0.964	0.9618	1.4374	0.9545	0.9647	0.9641	0.964	0.964	0.9641	0.964	0.964	0.964	0.964	0.9582	0.964	0.9638	0.9641	0.9573	0.9614	0.9641	0.9645	0.9641	0.9636	0.9586	0.964	0.9641	0.964	0.9631	0.9641	0.9583	1.9011	0.9638
  I	0.9373	1.1781	1.0202	0.9339	0.9347	0.9416	2.3123	1.3508	0	0.9366	1.4838	2.2765	0.9341	1.0365	0.933	1.2003	0.9332	1.1785	0.9367	1.0046	1.3067	0.9372	0.9331	0.934	0.9333	0.933	0.9325	0.9381	2.2206	0.9367	0.9331	0.9327	0.933	0.9924	2.3226	0.9458	0.9623	0.9371	0.9393	0.9366	0.9331	0.9332	1.0055	0.9331	0.9325	0.935	1.4802	0.9325	0.9478	0.9397	1.4774	0.9346	0.9331	0.9427	0.9396	0.9636	2.1875	0.9325	0.9376	0.9326	0.9478	0.9355	71.7411	1.5544	0.9345
  J	0.9642	0.9641	0.9618	0.9642	0.9636	0.9633	0.963	0.964	0.9366	0	0.9624	0.9408	0.964	0.9642	0.9641	0.9639	0.9641	0.9546	0.9641	0.9637	0.9569	0.9644	0.9641	0.964	0.9628	0.9641	0.9642	0.96	0.9612	0.9641	0.9641	0.9641	0.9641	0.964	0.9619	0.9583	0.9546	0.9646	0.9642	0.9641	0.9641	0.9642	0.9641	0.9641	0.9641	0.9642	0.9583	0.9641	0.9639	0.9642	0.9575	0.9616	0.9642	0.9644	0.9642	0.9635	0.9587	0.9641	0.9643	0.9641	0.9632	0.9642	1.3333	0.9558	0.964
  K	0.9626	0.9628	0.9659	0.9622	0.9619	0.9623	1.081	0.9623	1.4838	0.9624	0	0.9608	0.9621	0.9626	0.9621	0.9631	0.9621	0.9588	0.9624	0.9655	1.0624	0.9626	0.9621	0.9621	0.9615	0.9621	0.9621	1.1755	0.9635	0.9624	0.9621	0.9621	0.9621	0.9626	0.9626	0.96	0.9608	0.9628	0.9627	0.9625	0.9621	0.9621	0.9627	0.9621	0.9621	0.9623	0.9611	0.9621	0.9635	0.9627	0.9782	0.9609	0.9621	0.9631	0.9633	0.9637	0.9607	0.9621	0.9623	0.9621	1.5861	0.9625	5.3548	0.9591	1.0927
  L	0.9409	0.9446	1.4816	1.0446	1.7111	1.2597	1.2727	1.4119	2.2765	0.9408	0.9608	0	1.3644	0.9445	0.9379	1.2698	0.9379	1.6771	0.9408	0.9563	11.0405	1.1797	0.9379	1.3891	1.1977	0.9376	0.9374	1.3997	3.7046	2.692	0.9379	0.9375	0.9376	0.944	0.952	8.4485	5.3473	1.2415	0.9429	0.9408	0.9379	1.0429	0.9434	0.9379	0.9374	0.9393	7.0064	0.9373	1.0512	1.2237	5.9644	0.9862	0.9387	1.6569	1.0142	2.6744	2.2459	0.9373	0.9921	0.9373	1.6347	0.9393	7.9033	8.5668	0.9423
  M	0.964	0.964	0.9615	0.964	0.9637	0.9634	0.9628	0.9639	0.9341	0.964	0.9621	1.3644	0	0.9641	0.964	0.9638	0.964	0.9538	0.964	0.9636	0.9566	0.9645	0.9639	0.9639	0.9629	0.964	0.964	0.9598	0.961	0.964	0.964	0.964	0.964	0.964	0.9616	0.9653	1.9357	0.9648	0.964	0.964	0.964	0.9641	0.964	0.964	0.9639	0.964	0.9588	0.964	0.9638	0.9642	0.9671	0.9613	0.964	0.9645	0.9641	0.9633	0.9582	0.964	0.9641	0.964	0.9632	0.964	0.8837	0.9555	0.9638
  N	0.9643	0.9642	0.9619	0.9649	0.9638	0.9686	0.9635	0.9641	1.0365	0.9642	0.9626	0.9445	0.9641	0	0.9642	0.9645	0.9643	1.6736	0.9642	0.9638	1.0496	0.9649	0.9641	0.9642	0.9629	0.9642	0.9642	0.9624	0.9617	0.9643	0.9642	0.9642	0.9642	0.9647	0.9621	0.9588	1.0325	0.9647	0.9643	0.9642	0.9642	0.9642	0.9642	0.9642	0.9642	0.9642	0.9943	0.9642	0.9642	0.9643	0.9577	0.9636	0.9643	0.9644	0.9643	0.9638	1.0122	0.9642	0.9645	0.9642	0.9669	0.9642	1.3673	0.9567	0.9641
  O	0.9642	0.9641	0.9611	0.9641	1.1247	0.9632	0.9628	0.964	0.933	0.9641	0.9621	0.9379	0.964	0.9642	0	0.9638	0.9641	0.9533	0.9641	0.9636	0.9558	0.9644	0.9641	0.9641	0.9627	0.9641	0.9642	0.9595	0.9608	0.9641	0.9641	0.9641	0.9641	0.964	0.9615	0.9579	1.4302	0.9646	0.9641	0.9641	0.9641	0.9642	0.9641	0.9641	0.9641	0.9641	1.3074	0.9641	0.9638	0.9642	0.9564	0.9613	0.9642	0.9644	0.9642	0.9632	0.958	0.9641	0.9643	0.9641	0.9633	0.9642	0.88	0.9547	0.9639
  P	0.9641	0.9641	0.9662	0.964	0.9635	1.0947	0.9639	0.9639	1.2003	0.9639	0.9631	1.2698	0.9638	0.9645	0.9638	0	0.9638	1.9149	0.9639	0.9641	1.6197	0.9643	0.9638	0.9638	0.9629	0.9638	0.9639	0.9619	1.2307	0.9642	0.9638	0.9638	0.9638	1.0193	0.9634	0.9594	1.5884	0.9648	0.964	0.9639	0.9638	0.9639	0.964	0.9638	0.9638	1.2416	0.9605	0.9639	0.9641	0.9642	0.9593	0.962	0.9639	0.9645	0.9644	0.9641	0.9602	1.0224	0.9642	0.9638	2.9401	0.964	2.319	0.9579	0.9638
  Q	0.9642	0.9641	0.9611	0.9641	0.9638	0.9632	0.9631	0.964	0.9332	0.9641	0.9621	0.9379	0.964	0.9643	0.9641	0.9638	0	0.9537	0.9641	0.9636	0.9558	0.9644	0.964	0.9641	0.9628	0.9641	0.9642	0.9595	0.961	0.9643	0.9641	0.9641	0.9641	0.964	0.9616	0.9576	1.4284	0.9646	0.9641	0.9641	0.9641	0.9642	0.9641	0.9641	0.9641	0.9641	2.397	0.9641	0.9639	0.9642	0.9565	0.9613	0.9641	0.9644	0.9642	0.9632	0.9581	0.9641	0.9644	0.9641	0.9632	0.9642	0.8802	0.9547	0.9639
  R	0.9544	0.9562	0.9946	3.3436	0.9546	4.5743	1.3266	0.9542	1.1785	0.9546	0.9588	1.6771	0.9538	1.6736	0.9533	1.9149	0.9537	0	0.9546	0.9609	1.2167	2.3433	0.9533	0.9542	0.9534	0.9534	0.9532	6.1072	0.9606	1.0963	0.9534	0.9532	0.9534	0.9557	0.958	0.9643	6.268	0.9555	0.9555	0.9546	0.9534	0.9538	0.9557	0.9533	0.9532	0.954	1.465	0.9532	0.9575	0.9746	1.0135	7.2305	0.9534	0.9612	0.9565	0.9583	1.2987	0.9532	1.1573	0.9532	1.9676	0.954	2.1669	0.9541	0.9541
  S	0.9642	0.9641	0.9615	0.9642	0.9636	0.9633	0.963	0.964	0.9367	0.9641	0.9624	0.9408	0.964	0.9642	0.9641	0.9639	0.9641	0.9546	0	0.9637	0.9569	0.9644	0.9641	0.9641	0.9628	0.9641	0.9642	0.96	0.9612	0.9641	0.9641	0.9641	0.9641	0.964	0.9619	0.9583	0.9546	0.9646	0.9642	0.9641	0.9641	0.9642	0.9641	0.9641	0.9641	0.9642	0.9583	0.9641	0.9639	0.9642	0.9573	0.9616	0.9642	0.9644	0.9642	0.9635	0.9588	0.9641	0.9643	0.9641	0.9632	0.9642	1.3347	0.9558	0.964
  T	0.9639	0.9638	1.0379	0.9636	0.9635	0.9637	0.964	0.9637	1.0046	0.9637	0.9655	0.9563	0.9636	0.9638	0.9636	0.9641	0.9636	0.9609	0.9637	0	0.9635	0.9641	0.9636	0.9636	0.9632	0.9636	0.9636	0.9625	0.9637	0.9638	0.9636	0.9636	0.9636	0.9637	0.9892	0.9618	0.961	0.964	0.9642	0.9637	0.9636	0.9636	1.2109	0.9636	0.9636	0.9637	0.9625	0.9636	0.9939	0.9638	0.9619	0.9628	0.9636	0.9639	0.9638	0.9649	0.9623	0.9636	0.9639	0.9636	0.9637	0.9638	10.7257	0.9612	0.9637
  U	0.9569	0.9584	2.1339	0.9568	0.9578	0.9641	0.9634	0.9567	1.3067	0.9569	1.0624	11.0405	0.9566	1.0496	0.9558	1.6197	0.9558	1.2167	0.9569	0.9635	0	0.9586	0.9558	0.9561	0.9597	0.9557	0.9556	1.4265	1.3222	0.9578	0.9558	0.9557	0.9557	3.4154	0.983	0.9595	10.198	1.4344	0.9578	0.9569	0.9558	0.9567	0.958	0.9558	0.9556	0.9564	0.9778	0.9556	1.4341	0.9598	0.9885	0.9567	1.0435	0.9606	0.9579	1.4157	1.2774	0.9556	0.9574	0.9556	0.9673	0.9564	5.5469	3.2612	0.9562
  V	0.9644	0.9643	0.9637	0.9645	0.9642	1.0141	1.1539	0.9644	0.9372	0.9644	0.9626	1.1797	0.9645	0.9649	0.9644	0.9643	0.9644	2.3433	0.9644	0.9641	0.9586	0	0.9644	0.9645	0.9632	0.9644	0.9645	0.9607	0.9619	0.965	0.9644	0.9644	0.9644	0.9644	0.9621	0.9602	0.9813	0.9653	0.9645	0.9644	0.9644	0.9645	0.9692	0.9644	0.9644	0.9644	0.9599	0.9645	1.0512	0.9646	0.9584	0.9622	0.9644	1.2228	0.9645	0.964	0.9593	0.9644	0.9647	0.9644	0.9639	0.9645	1.2157	0.9573	0.9643
  W	0.9641	0.964	0.9611	0.9641	0.9636	0.9631	0.9628	0.9639	0.9331	0.9641	0.9621	0.9379	0.9639	0.9641	0.9641	0.9638	0.964	0.9533	0.9641	0.9636	0.9558	0.9644	0	0.964	0.9627	0.9641	0.9641	0.9595	0.9607	0.964	0.9641	0.9641	0.9641	0.964	0.9615	0.9576	1.4299	0.9646	0.9641	0.9641	0.9641	0.9642	0.9641	0.964	0.964	0.9641	0.9575	0.9641	0.9638	0.9642	0.9564	0.9613	0.9641	0.9644	0.9642	0.9632	0.958	0.9641	0.9642	0.9641	0.9631	0.9641	0.8804	0.9547	0.9639
  X	0.9641	0.964	0.9618	0.9641	1.264	0.9637	0.9635	0.9639	0.934	0.964	0.9621	1.3891	0.9639	0.9642	0.9641	0.9638	0.9641	0.9542	0.9641	0.9636	0.9561	0.9645	0.964	0	0.9627	0.964	0.9641	0.9596	0.9611	0.9642	0.964	0.964	0.9641	0.964	0.9616	0.9583	1.0009	0.9648	0.9641	0.964	0.964	0.9641	0.964	0.964	0.964	0.9641	2.1021	0.964	0.9638	0.9641	0.9567	0.9613	0.9641	0.9645	0.9642	0.9633	0.9584	0.964	0.9643	0.964	0.9632	0.9641	0.9023	0.9551	0.9639
  Y	0.9629	0.963	0.9612	0.9628	0.9627	0.9627	0.9624	0.9628	0.9333	0.9628	0.9615	1.1977	0.9629	0.9629	0.9627	0.9629	0.9628	0.9534	0.9628	0.9632	0.9597	0.9632	0.9627	0.9627	0	0.9626	0.9627	0.959	1.1569	0.9631	0.9627	0.9627	0.9627	0.963	0.9609	1.0247	1.2042	0.9637	0.963	0.9628	0.9627	0.9628	0.963	0.9627	0.9626	0.9628	1.0969	0.9626	0.963	0.9631	0.9571	0.9599	0.9627	0.9636	0.9631	0.963	0.9575	0.9626	0.9629	0.9626	0.9627	0.9628	0.883	1.0331	0.9626
  Z	0.9642	0.9641	0.961	0.9641	0.9636	0.9631	0.9629	0.964	0.933	0.9641	0.9621	0.9376	0.964	0.9642	0.9641	0.9638	0.9641	0.9534	0.9641	0.9636	0.9557	0.9644	0.9641	0.964	0.9626	0	0.9642	0.9594	0.9608	0.9641	0.9641	0.9641	0.9641	0.964	0.9616	0.9575	0.9533	0.9646	0.9641	0.9641	0.9641	0.9641	0.9641	0.9641	0.9641	0.9641	1.4361	0.9641	0.9638	0.9641	0.9564	0.9613	0.9641	0.9644	0.9642	0.9632	0.958	0.9641	0.9643	0.9641	0.9631	0.9642	0.8799	0.9546	0.9639
  [	0.9642	0.9641	0.961	0.9642	0.9636	0.9632	0.9628	0.964	0.9325	0.9642	0.9621	0.9374	0.964	0.9642	0.9642	0.9639	0.9642	0.9532	0.9642	0.9636	0.9556	0.9645	0.9641	0.9641	0.9627	0.9642	0	0.9595	0.9607	0.9642	0.9642	0.9642	0.9642	0.9641	0.9615	0.9575	0.9532	0.9647	0.9642	0.9642	0.9642	0.9642	0.9641	0.9642	0.9642	0.9642	0.9573	1.3513	0.9639	0.9642	0.9563	0.9613	0.9642	1.1425	0.9643	0.9632	0.9579	0.9642	0.9643	0.9642	1.1411	0.9642	0.879	0.9545	0.964
  \	0.96	0.9607	0.9612	1.2407	0.9598	1.4223	0.9706	0.9598	0.9381	0.96	1.1755	1.3997	0.9598	0.9624	0.9595	0.9619	0.9595	6.1072	0.96	0.9625	1.4265	0.9607	0.9595	0.9596	0.959	0.9594	0.9595	0	0.9605	0.9607	0.9596	0.9594	0.9595	0.9745	0.9599	0.9627	3.9942	0.9614	0.9605	0.96	0.9596	0.9599	0.9605	0.9595	0.9602	0.9598	0.9605	0.9594	0.9613	0.9735	0.9949	1.1379	0.9596	0.9639	1.1666	0.9612	0.9573	0.9595	0.9602	0.9594	1.6687	0.9598	1.219	0.9545	1.2793
  ]	1.1025	0.9619	1.6484	0.9609	0.9617	0.9621	1.418	0.9614	2.2206	0.9612	0.9635	3.7046	0.961	0.9617	0.9608	1.2307	0.961	0.9606	0.9612	0.9637	1.3222	0.9619	0.9607	0.9611	1.1569	0.9608	0.9607	0.9605	0	1.028	0.9607	1.441	0.9608	0.9617	0.9623	1.0519	1.9533	0.9633	0.9616	0.9612	0.9607	0.9609	0.9617	0.9607	0.9607	0.961	3.6959	0.9607	0.9628	0.962	1.919	0.9597	0.9608	0.9629	0.9633	2.0192	1.1278	0.9607	1.3046	0.9606	1.4798	0.9614	5.5224	3.9101	0.961
  ^	0.9642	0.9641	0.9643	0.9643	0.9642	0.9669	0.9779	0.964	0.9367	0.9641	0.9624	2.692	0.964	0.9643	0.9641	0.9642	0.9643	1.0963	0.9641	0.9638	0.9578	0.965	0.964	0.9642	0.9631	0.9641	0.9642	0.9607	1.028	0	0.9641	0.9641	0.9641	0.9641	0.9619	0.9598	1.2085	0.9655	0.9641	0.9641	0.9641	0.9642	0.9641	0.9641	0.9641	0.9641	1.277	0.9641	0.964	0.9643	0.958	0.9618	0.9641	0.9651	0.9643	0.9639	0.9589	0.9641	0.9645	0.9641	1.9186	0.9641	0.9319	0.9566	0.964
  _	0.9642	0.9641	0.9634	0.9642	0.9636	0.9632	0.9628	0.964	0.9331	0.9641	0.9621	0.9379	0.964	0.9642	0.9641	0.9638	0.9641	0.9534	0.9641	0.9636	0.9558	0.9644	0.9641	0.964	0.9627	0.9641	0.9642	0.9596	0.9607	0.9641	0	0.9641	0.9641	0.964	0.9616	0.9576	1.4273	0.9646	0.9641	0.9641	0.9641	0.9642	0.9641	0.9641	0.9641	0.9641	0.9575	0.9641	0.9638	0.9642	0.9565	0.9613	0.9642	0.9644	0.9642	0.9632	0.958	0.9641	0.9642	0.9641	0.9631	0.9642	0.8809	0.9547	0.9639
  `	0.9642	0.9641	0.961	0.9642	0.9636	0.9631	0.9628	0.964	0.9327	0.9641	0.9621	0.9375	0.964	0.9642	0.9641	0.9638	0.9641	0.9532	0.9641	0.9636	0.9557	0.9644	0.9641	0.964	0.9627	0.9641	0.9642	0.9594	1.441	0.9641	0.9641	0	0.9641	0.964	0.9615	0.9575	0.9532	0.9646	0.9641	0.9641	0.9641	0.9642	0.9641	0.9641	0.9641	0.9642	0.9574	0.9641	0.9638	0.9642	0.9563	0.9613	0.9642	0.9644	0.9642	0.9632	0.9579	0.9641	0.9643	0.9641	0.9631	0.9642	0.8794	0.9546	0.9639
  a	0.9642	0.9641	0.961	0.9642	0.9636	0.9632	0.9629	0.964	0.933	0.9641	0.9621	0.9376	0.964	0.9642	0.9641	0.9638	0.9641	0.9534	0.9641	0.9636	0.9557	0.9644	0.9641	0.9641	0.9627	0.9641	0.9642	0.9595	0.9608	0.9641	0.9641	0.9641	0	0.964	0.9616	0.9576	0.9533	0.9646	0.9642	0.9641	0.9641	0.9642	0.9641	0.9641	0.9641	0.9642	1.4366	0.9641	0.9638	0.9642	0.9564	0.9613	0.9642	0.9644	0.9642	0.9632	0.958	0.9641	0.9643	0.9641	0.9631	0.9642	0.8799	0.9546	0.9639
  b	0.9641	0.964	0.9733	0.9641	0.9638	0.9636	0.9631	0.964	0.9924	0.964	0.9626	0.944	0.964	0.9647	0.964	1.0193	0.964	0.9557	0.964	0.9637	3.4154	0.9644	0.964	0.964	0.963	0.964	0.9641	0.9745	0.9617	0.9641	0.964	0.964	0.964	0	0.962	0.9588	3.1265	0.9649	0.9641	0.964	0.964	0.9642	0.9641	0.964	0.964	0.9641	0.9591	0.964	0.9642	1.3381	0.9578	0.9616	1.06	0.9644	0.9641	0.9644	0.9594	0.964	0.9642	0.964	0.9636	0.9641	1.4178	1.1106	0.9639
  c	0.962	0.9624	0.9623	0.9616	0.9615	0.9628	0.9906	0.9618	2.3226	0.9619	0.9626	0.952	0.9616	0.9621	0.9615	0.9634	0.9616	0.958	0.9619	0.9892	0.983	0.9621	0.9615	0.9616	0.9609	0.9616	0.9615	0.9599	0.9623	0.9619	0.9616	0.9615	0.9616	0.962	0	0.9598	0.9592	0.9622	0.9622	0.9619	0.9616	0.9616	0.977	0.9615	0.9615	0.9618	0.9881	0.9615	1.1023	0.9622	0.9605	0.9603	0.9616	0.9625	0.9622	0.9647	1.0552	0.9615	0.9618	0.9615	0.9624	0.9618	4.9123	0.9585	0.9616
  d	0.9582	0.9592	0.9631	0.9579	2.4776	1.3903	0.9623	1.4374	0.9458	0.9583	0.96	8.4485	0.9653	0.9588	0.9579	0.9594	0.9576	0.9643	0.9583	0.9618	0.9595	0.9602	0.9576	0.9583	1.0247	0.9575	0.9575	0.9627	1.0519	0.9598	0.9576	0.9575	0.9576	0.9588	0.9598	0	1.6658	0.9613	0.9589	0.9583	0.9576	1.0616	0.959	0.9576	0.9574	0.9579	6.6953	0.9575	0.96	0.9835	2.6773	0.9563	0.9577	1.0244	0.959	2.3993	1.4387	0.9575	0.9586	0.9575	0.9609	0.9579	0.9218	4.6628	0.9578
  e	0.9548	0.9562	4.9252	0.9541	1.2314	4.7151	0.9639	0.9545	0.9623	0.9546	0.9608	5.3473	1.9357	1.0325	1.4302	1.5884	1.4284	6.268	0.9546	0.961	10.198	0.9813	1.4299	1.0009	1.2042	0.9533	0.9532	3.9942	1.9533	1.2085	1.4273	0.9532	0.9533	3.1265	0.9592	1.6658	0	1.9529	0.9562	0.9546	1.43	1.2027	0.9566	1.4288	0.9532	0.9541	10.9119	0.9532	1.2916	1.2592	1.7181	0.9545	1.1965	1.0083	0.9559	0.9676	1.4296	0.9532	0.9664	0.9531	2.6052	0.954	13.0129	1.9289	1.4313
  f	0.9646	0.9645	1.1336	0.9647	0.9647	0.9642	0.9637	0.9647	0.9371	0.9646	0.9628	1.2415	0.9648	0.9647	0.9646	0.9648	0.9646	0.9555	0.9646	0.964	1.4344	0.9653	0.9646	0.9648	0.9637	0.9646	0.9647	0.9614	0.9633	0.9655	0.9646	0.9646	0.9646	0.9649	0.9622	0.9613	1.9529	0	0.9648	0.9646	0.9646	0.9648	0.9647	0.9646	0.9646	0.9646	0.9606	0.9646	0.9651	0.9648	0.9591	0.9622	0.9647	0.9652	0.9647	0.9648	0.9597	0.9646	0.9648	0.9646	1.1232	0.9646	1.2509	0.9588	0.9645
  g	0.9642	0.9641	0.9668	0.9642	0.9637	0.9634	0.9633	0.9641	0.9393	0.9642	0.9627	0.9429	0.964	0.9643	0.9641	0.964	0.9641	0.9555	0.9642	0.9642	0.9578	0.9645	0.9641	0.9641	0.963	0.9641	0.9642	0.9605	0.9616	0.9641	0.9641	0.9641	0.9642	0.9641	0.9622	0.9589	0.9562	0.9648	0	0.9642	0.9641	0.9642	1.1675	0.9641	0.9641	0.9642	0.9589	0.9642	0.9646	0.9642	0.9581	0.9619	0.9642	0.9645	0.9643	0.9636	0.9593	0.9642	0.9643	0.9642	0.9634	0.9642	1.7108	0.9566	0.964
  h	0.9642	0.9641	0.9615	0.9642	0.9636	0.9633	0.963	0.964	0.9366	0.9641	0.9625	0.9408	0.964	0.9642	0.9641	0.9639	0.9641	0.9546	0.9641	0.9637	0.9569	0.9644	0.9641	0.964	0.9628	0.9641	0.9642	0.96	0.9612	0.9641	0.9641	0.9641	0.9641	0.964	0.9619	0.9583	0.9546	0.9646	0.9642	0	0.9641	0.9642	0.9641	0.9641	0.9641	0.9642	0.9583	0.9641	0.9639	0.9642	0.9573	0.9616	0.9642	0.9644	0.9642	0.9635	0.9587	0.9641	0.9643	0.9641	0.9632	0.9642	1.3338	0.9558	0.964
  i	0.9642	0.9641	0.9611	0.9642	0.9636	0.9632	0.9628	0.964	0.9331	0.9641	0.9621	0.9379	0.964	0.9642	0.9641	0.9638	0.9641	0.9534	0.9641	0.9636	0.9558	0.9644	0.9641	0.964	0.9627	0.9641	0.9642	0.9596	0.9607	0.9641	0.9641	0.9641	0.9641	0.964	0.9616	0.9576	1.43	0.9646	0.9641	0.9641	0	0.9642	0.9641	0.9641	0.9641	0.9641	0.9575	0.9641	0.9638	0.9642	0.9564	0.9613	0.9642	0.9644	0.9642	0.9632	0.958	0.9641	0.9642	0.9641	0.9631	0.9642	0.8804	0.9547	0.9639
  j	0.9642	0.9641	0.9613	0.9642	0.9997	0.9636	0.9628	0.9641	0.9332	0.9642	0.9621	1.0429	0.9641	0.9642	0.9642	0.9639	0.9642	0.9538	0.9642	0.9636	0.9567	0.9645	0.9642	0.9641	0.9628	0.9641	0.9642	0.9599	0.9609	0.9642	0.9642	0.9642	0.9642	0.9642	0.9616	1.0616	1.2027	0.9648	0.9642	0.9642	0.9642	0	0.9642	0.9642	0.9641	0.9642	0.9655	0.9642	0.9639	0.9642	0.9568	0.9614	0.9642	0.9645	0.9643	0.9634	0.9582	0.9642	0.9643	0.9642	0.9632	0.9642	0.8812	0.9561	0.964
  k	0.9642	0.9641	0.9624	0.9641	0.9637	0.9634	0.9646	0.964	1.0055	0.9641	0.9627	0.9434	0.964	0.9642	0.9641	0.964	0.9641	0.9557	0.9641	1.2109	0.958	0.9692	0.9641	0.964	0.963	0.9641	0.9641	0.9605	0.9617	0.9641	0.9641	0.9641	0.9641	0.9641	0.977	0.959	0.9566	0.9647	1.1675	0.9641	0.9641	0.9642	0	0.9641	0.9641	0.9642	0.9591	0.9641	0.981	0.9642	0.9586	0.9619	0.9641	0.9645	0.9642	0.9637	0.9594	0.9641	0.9642	0.9641	0.9634	0.9642	1.8245	0.9567	0.964
  l	0.9641	0.9641	0.9611	0.9641	0.9636	0.9631	0.9628	0.964	0.9331	0.9641	0.9621	0.9379	0.964	0.9642	0.9641	0.9638	0.9641	0.9533	0.9641	0.9636	0.9558	0.9644	0.964	0.964	0.9627	0.9641	0.9642	0.9595	0.9607	0.9641	0.9641	0.9641	0.9641	0.964	0.9615	0.9576	1.4288	0.9646	0.9641	0.9641	0.9641	0.9642	0.9641	0	0.9641	0.9641	0.9575	0.9641	0.9638	0.9642	0.9564	0.9613	0.9641	0.9644	0.9642	0.9632	0.958	0.9641	0.9642	0.9641	0.9631	0.9642	0.8815	0.9547	0.9639
  m	0.9642	0.9641	0.961	0.9652	0.9635	0.9631	0.9628	0.964	0.9325	0.9641	0.9621	0.9374	0.9639	0.9642	0.9641	0.9638	0.9641	0.9532	0.9641	0.9636	0.9556	0.9644	0.964	0.964	0.9626	0.9641	0.9642	0.9602	0.9607	0.9641	0.9641	0.9641	0.9641	0.964	0.9615	0.9574	0.9532	0.9646	0.9641	0.9641	0.9641	0.9641	0.9641	0.9641	0	0.9641	0.9573	0.9641	0.9638	0.9641	0.9563	0.9612	0.9641	0.9644	0.9682	0.9632	0.9579	0.9641	0.9642	0.9641	1.4572	0.9642	0.879	0.9545	0.9639
  n	0.9642	0.9641	0.9613	0.9642	0.9636	0.9633	0.963	0.964	0.935	0.9642	0.9623	0.9393	0.964	0.9642	0.9641	1.2416	0.9641	0.954	0.9642	0.9637	0.9564	0.9644	0.9641	0.9641	0.9628	0.9641	0.9642	0.9598	0.961	0.9641	0.9641	0.9642	0.9642	0.9641	0.9618	0.9579	0.9541	0.9646	0.9642	0.9642	0.9641	0.9642	0.9642	0.9641	0.9641	0	0.9579	0.9642	0.9639	0.9642	0.9569	0.9615	0.9642	0.9644	0.9643	0.9634	0.9584	0.9642	0.9643	0.9642	0.9633	0.9642	1.1108	0.9552	0.964
  o	0.9585	0.9594	1.0293	0.9584	3.6147	2.1452	1.0877	0.9582	1.4802	0.9583	0.9611	7.0064	0.9588	0.9943	1.3074	0.9605	2.397	1.465	0.9583	0.9625	0.9778	0.9599	0.9575	2.1021	1.0969	1.4361	0.9573	0.9605	3.6959	1.277	0.9575	0.9574	1.4366	0.9591	0.9881	6.6953	10.9119	0.9606	0.9589	0.9583	0.9575	0.9655	0.9591	0.9575	0.9573	0.9579	0	0.9573	1.0135	0.9616	2.3499	0.9583	0.9577	0.9627	0.959	2.3921	1.0381	0.9573	1.3392	0.9574	1.0429	0.9579	2.9303	2.5577	1.4387
  p	0.9642	0.9641	0.961	0.9642	0.9636	0.9631	0.9628	0.964	0.9325	0.9641	0.9621	0.9373	0.964	0.9642	0.9641	0.9639	0.9641	0.9532	0.9641	0.9636	0.9556	0.9645	0.9641	0.964	0.9626	0.9641	1.3513	0.9594	0.9607	0.9641	0.9641	0.9641	0.9641	0.964	0.9615	0.9575	0.9532	0.9646	0.9642	0.9641	0.9641	0.9642	0.9641	0.9641	0.9641	0.9642	0.9573	0	0.9638	0.9642	0.9563	0.9612	0.9642	1.1424	0.9643	0.9632	0.9579	0.9641	0.9642	0.9641	1.141	0.9642	0.8789	0.9545	0.9639
  q	0.964	0.964	1.257	0.9639	0.9636	0.9636	1.3706	0.9638	0.9478	0.9639	0.9635	1.0512	0.9638	0.9642	0.9638	0.9641	0.9639	0.9575	0.9639	0.9939	1.4341	1.0512	0.9638	0.9638	0.963	0.9638	0.9639	0.9613	0.9628	0.964	0.9638	0.9638	0.9638	0.9642	1.1023	0.96	1.2916	0.9651	0.9646	0.9639	0.9638	0.9639	0.981	0.9638	0.9638	0.9639	1.0135	0.9638	0	0.9641	1.1234	0.962	0.9639	0.9646	0.9641	0.9904	0.9641	0.9638	0.964	0.9639	0.9637	0.964	2.8182	0.9587	0.9638
  r	0.9643	0.9641	0.9672	0.9643	0.9639	0.964	0.9633	0.9641	0.9397	0.9642	0.9627	1.2237	0.9642	0.9643	0.9642	0.9642	0.9642	0.9746	0.9642	0.9638	0.9598	0.9646	0.9642	0.9641	0.9631	0.9641	0.9642	0.9735	0.962	0.9643	0.9642	0.9642	0.9642	1.3381	0.9622	0.9835	1.2592	0.9648	0.9642	0.9642	0.9642	0.9642	0.9642	0.9642	0.9641	0.9642	0.9616	0.9642	0.9641	0	1.0084	0.9621	0.9642	0.9697	0.9643	0.9639	0.9595	0.9642	0.9643	0.9642	0.9636	0.9642	1.7994	0.9577	0.9641
  s	0.9578	0.9585	1.1046	0.9567	0.9572	0.9586	1.0468	0.9573	1.4774	0.9575	0.9782	5.9644	0.9671	0.9577	0.9564	0.9593	0.9565	1.0135	0.9573	0.9619	0.9885	0.9584	0.9564	0.9567	0.9571	0.9564	0.9563	0.9949	1.919	0.958	0.9565	0.9563	0.9564	0.9578	0.9605	2.6773	1.7181	0.9591	0.9581	0.9573	0.9564	0.9568	0.9586	0.9564	0.9563	0.9569	2.3499	0.9563	1.1234	1.0084	0	0.9561	0.9565	0.9806	0.9581	2.1317	0.9594	0.9563	0.9576	0.9563	0.9606	0.957	12.5022	1.6391	0.9568
  t	0.9616	0.962	0.9602	0.9617	0.9609	1.5491	0.9625	0.9614	0.9346	0.9616	0.9609	0.9862	0.9613	0.9636	0.9613	0.962	0.9613	7.2305	0.9616	0.9628	0.9567	0.9622	0.9613	0.9613	0.9599	0.9613	0.9613	1.1379	0.9597	0.9618	0.9613	0.9613	0.9613	0.9616	0.9603	0.9563	0.9545	0.9622	0.9619	0.9616	0.9613	0.9614	0.9619	0.9613	0.9612	0.9615	0.9583	0.9612	0.962	0.9621	0.9561	0	0.9613	0.9625	0.962	0.9616	0.9571	0.9613	0.9622	0.9613	0.9623	0.9615	0.883	0.9534	0.9612
  u	0.9642	0.9641	0.9612	0.9642	0.9637	0.9632	0.9628	0.9641	0.9331	0.9642	0.9621	0.9387	0.964	0.9643	0.9642	0.9639	0.9641	0.9534	0.9642	0.9636	1.0435	0.9644	0.9641	0.9641	0.9627	0.9641	0.9642	0.9596	0.9608	0.9641	0.9642	0.9642	0.9642	1.06	0.9616	0.9577	1.1965	0.9647	0.9642	0.9642	0.9642	0.9642	0.9641	0.9641	0.9641	0.9642	0.9577	0.9642	0.9639	0.9642	0.9565	0.9613	0	0.9644	0.9643	0.9634	0.9581	0.9642	0.9643	0.9642	0.9631	0.9642	0.8806	1.1206	0.964
  v	0.9645	0.9643	0.9629	0.9645	0.9645	0.9643	0.9638	0.9645	0.9427	0.9644	0.9631	1.6569	0.9645	0.9644	0.9644	0.9645	0.9644	0.9612	0.9644	0.9639	0.9606	1.2228	0.9644	0.9645	0.9636	0.9644	1.1425	0.9639	0.9629	0.9651	0.9644	0.9644	0.9644	0.9644	0.9625	1.0244	1.0083	0.9652	0.9645	0.9644	0.9644	0.9645	0.9645	0.9644	0.9644	0.9644	0.9627	1.1424	0.9646	0.9697	0.9806	0.9625	0.9644	0	0.9645	0.9646	0.9605	0.9644	0.9646	0.9644	1.3356	0.9645	2.2796	0.9601	0.9644
  w	0.9652	0.9642	0.9619	1.2206	0.9638	0.9636	1.0104	0.9641	0.9396	0.9642	0.9633	1.0142	0.9641	0.9643	0.9642	0.9644	0.9642	0.9565	0.9642	0.9638	0.9579	0.9645	0.9642	0.9642	0.9631	0.9642	0.9643	1.1666	0.9633	0.9643	0.9642	0.9642	0.9642	0.9641	0.9622	0.959	0.9559	0.9647	0.9643	0.9642	0.9642	0.9643	0.9642	0.9642	0.9682	0.9643	0.959	0.9643	0.9641	0.9643	0.9581	0.962	0.9643	0.9645	0	0.9638	0.9593	0.9643	0.9644	0.9643	1.8244	1.1035	1.7473	0.9567	0.9641
  x	0.9637	0.9638	0.9874	0.9633	0.964	0.9635	0.9647	0.9636	0.9636	0.9635	0.9637	2.6744	0.9633	0.9638	0.9632	0.9641	0.9632	0.9583	0.9635	0.9649	1.4157	0.964	0.9632	0.9633	0.963	0.9632	0.9632	0.9612	2.0192	0.9639	0.9632	0.9632	0.9632	0.9644	0.9647	2.3993	0.9676	0.9648	0.9636	0.9635	0.9632	0.9634	0.9637	0.9632	0.9632	0.9634	2.3921	0.9632	0.9904	0.9639	2.1317	0.9616	0.9634	0.9646	0.9638	0	0.996	0.9632	0.9639	0.9632	0.9641	0.9634	2.8451	3.743	0.9632
  y	0.9588	1.0438	0.9617	0.9583	0.9584	0.9669	1.0468	0.9586	2.1875	0.9587	0.9607	2.2459	0.9582	1.0122	0.958	0.9602	0.9581	1.2987	0.9588	0.9623	1.2774	0.9593	0.958	0.9584	0.9575	0.958	0.9579	0.9573	1.1278	0.9589	0.958	0.9579	0.958	0.9594	1.0552	1.4387	1.4296	0.9597	0.9593	0.9587	0.958	0.9582	0.9594	0.958	0.9579	0.9584	1.0381	0.9579	0.9641	0.9595	0.9594	0.9571	0.9581	0.9605	0.9593	0.996	0	0.9579	0.9586	0.9579	0.9677	0.9584	2.9981	1.0782	0.9582
  z	0.9642	0.9641	0.961	0.9642	0.9636	0.9632	0.9628	0.964	0.9325	0.9641	0.9621	0.9373	0.964	0.9642	0.9641	1.0224	0.9641	0.9532	0.9641	0.9636	0.9556	0.9644	0.9641	0.964	0.9626	0.9641	0.9642	0.9595	0.9607	0.9641	0.9641	0.9641	0.9641	0.964	0.9615	0.9575	0.9532	0.9646	0.9642	0.9641	0.9641	0.9642	0.9641	0.9641	0.9641	0.9642	0.9573	0.9641	0.9638	0.9642	0.9563	0.9613	0.9642	0.9644	0.9643	0.9632	0.9579	0	0.9643	0.9641	1.393	0.9642	0.879	0.9545	0.9639
  {	0.9644	0.9642	0.9618	0.9646	0.9641	0.9643	0.9633	0.9641	0.9376	0.9643	0.9623	0.9921	0.9641	0.9645	0.9643	0.9642	0.9644	1.1573	0.9643	0.9639	0.9574	0.9647	0.9642	0.9643	0.9629	0.9643	0.9643	0.9602	1.3046	0.9645	0.9642	0.9643	0.9643	0.9642	0.9618	0.9586	0.9664	0.9648	0.9643	0.9643	0.9642	0.9643	0.9642	0.9642	0.9642	0.9643	1.3392	0.9642	0.964	0.9643	0.9576	0.9622	0.9643	0.9646	0.9644	0.9639	0.9586	0.9643	0	0.9643	0.9636	0.9643	0.9521	0.9567	0.9641
  |	0.9642	0.9641	0.961	0.9642	0.9636	0.9631	1.4442	0.964	0.9326	0.9641	0.9621	0.9373	0.964	0.9642	0.9641	0.9638	0.9641	0.9532	0.9641	0.9636	0.9556	0.9644	0.9641	0.964	0.9626	0.9641	0.9642	0.9594	0.9606	0.9641	0.9641	0.9641	0.9641	0.964	0.9615	0.9575	0.9531	0.9646	0.9642	0.9641	0.9641	0.9642	0.9641	0.9641	0.9641	0.9642	0.9574	0.9641	0.9639	0.9642	0.9563	0.9613	0.9642	0.9644	0.9643	0.9632	0.9579	0.9641	0.9643	0	0.963	0.9642	0.879	0.9545	0.9639
  }	0.9635	0.9634	0.9665	1.1058	0.9633	1.0774	0.9877	0.9631	0.9478	0.9632	1.5861	1.6347	0.9632	0.9669	0.9633	2.9401	0.9632	1.9676	0.9632	0.9637	0.9673	0.9639	0.9631	0.9632	0.9627	0.9631	1.1411	1.6687	1.4798	1.9186	0.9631	0.9631	0.9631	0.9636	0.9624	0.9609	2.6052	1.1232	0.9634	0.9632	0.9631	0.9632	0.9634	0.9631	1.4572	0.9633	1.0429	1.141	0.9637	0.9636	0.9606	0.9623	0.9631	1.3356	1.8244	0.9641	0.9677	1.393	0.9636	0.963	0	0.9633	4.0076	0.9598	0.9634
  ~	0.9644	0.9642	0.9614	0.9642	0.9636	0.9633	1.2938	0.9641	0.9355	0.9642	0.9625	0.9393	0.964	0.9642	0.9642	0.964	0.9642	0.954	0.9642	0.9638	0.9564	0.9645	0.9641	0.9641	0.9628	0.9642	0.9642	0.9598	0.9614	0.9641	0.9642	0.9642	0.9642	0.9641	0.9618	0.9579	0.954	0.9646	0.9642	0.9642	0.9642	0.9642	0.9642	0.9642	0.9642	0.9642	0.9579	0.9642	0.964	0.9642	0.957	0.9615	0.9642	0.9645	1.1035	0.9634	0.9584	0.9642	0.9643	0.9642	0.9633	0	1.0829	0.9552	0.964
  	1.2165	1.9815	6.6006	0.8822	0.8844	1.3326	8.212	0.9583	71.7411	1.3333	5.3548	7.9033	0.8837	1.3673	0.88	2.319	0.8802	2.1669	1.3347	10.7257	5.5469	1.2157	0.8804	0.9023	0.883	0.8799	0.879	1.219	5.5224	0.9319	0.8809	0.8794	0.8799	1.4178	4.9123	0.9218	13.0129	1.2509	1.7108	1.3338	0.8804	0.8812	1.8245	0.8815	0.879	1.1108	2.9303	0.8789	2.8182	1.7994	12.5022	0.883	0.8806	2.2796	1.7473	2.8451	2.9981	0.879	0.9521	0.879	4.0076	1.0829	0	2.1965	1.0096
  	0.9559	0.9571	0.9627	0.955	1.4341	0.9565	0.9611	1.9011	1.5544	0.9558	0.9591	8.5668	0.9555	0.9567	0.9547	0.9579	0.9547	0.9541	0.9558	0.9612	3.2612	0.9573	0.9547	0.9551	1.0331	0.9546	0.9545	0.9545	3.9101	0.9566	0.9547	0.9546	0.9546	1.1106	0.9585	4.6628	1.9289	0.9588	0.9566	0.9558	0.9547	0.9561	0.9567	0.9547	0.9545	0.9552	2.5577	0.9545	0.9587	0.9577	1.6391	0.9534	1.1206	0.9601	0.9567	3.743	1.0782	0.9545	0.9567	0.9545	0.9598	0.9552	2.1965	0	0.955
  	0.964	0.964	0.9613	0.964	0.9635	0.9631	0.968	0.9638	0.9345	0.964	1.0927	0.9423	0.9638	0.9641	0.9639	0.9638	0.9639	0.9541	0.964	0.9637	0.9562	0.9643	0.9639	0.9639	0.9626	0.9639	0.964	1.2793	0.961	0.964	0.9639	0.9639	0.9639	0.9639	0.9616	0.9578	1.4313	0.9645	0.964	0.964	0.9639	0.964	0.964	0.9639	0.9639	0.964	1.4387	0.9639	0.9638	0.9641	0.9568	0.9612	0.964	0.9644	0.9641	0.9632	0.9582	0.9639	0.9641	0.9639	0.9634	0.964	1.0096	0.955	0

Actual rates from j->i (Q_ij):
	A	B	C	D	E	F	G	H	I	J	K	L	M	N	O	P	Q	R	S	T	U	V	W	X	Y	Z	[	\	]	^	_	`	a	b	c	d	e	f	g	h	i	j	k	l	m	n	o	p	q	r	s	t	u	v	w	x	y	z	{	|	}	~			
  A	0	0.0174	0.0174	0.0174	0.0174	0.0174	0.0174	0.0174	0.017	0.0174	0.0174	0.017	0.0174	0.0174	0.0174	0.0174	0.0174	0.0173	0.0174	0.0174	0.0173	0.0174	0.0174	0.0174	0.0174	0.0174	0.0174	0.0174	0.0199	0.0174	0.0174	0.0174	0.0174	0.0174	0.0174	0.0173	0.0173	0.0174	0.0174	0.0174	0.0174	0.0174	0.0174	0.0174	0.0174	0.0174	0.0173	0.0174	0.0174	0.0174	0.0173	0.0174	0.0174	0.0174	0.0175	0.0174	0.0173	0.0174	0.0174	0.0174	0.0174	0.0174	0.022	0.0173	0.0174
  B	0.0143	0	0.0143	0.0143	0.0143	0.0143	0.0143	0.0143	0.0175	0.0143	0.0143	0.014	0.0143	0.0143	0.0143	0.0143	0.0143	0.0142	0.0143	0.0143	0.0142	0.0143	0.0143	0.0143	0.0143	0.0143	0.0143	0.0142	0.0143	0.0143	0.0143	0.0143	0.0143	0.0143	0.0143	0.0142	0.0142	0.0143	0.0143	0.0143	0.0143	0.0143	0.0143	0.0143	0.0143	0.0143	0.0142	0.0143	0.0143	0.0143	0.0142	0.0143	0.0143	0.0143	0.0143	0.0143	0.0155	0.0143	0.0143	0.0143	0.0143	0.0143	0.0294	0.0142	0.0143
  C	0.0082	0.0082	0	0.0082	0.0082	0.01	0.0085	0.0082	0.0087	0.0082	0.0083	0.0127	0.0082	0.0082	0.0082	0.0083	0.0082	0.0085	0.0082	0.0089	0.0183	0.0083	0.0082	0.0082	0.0082	0.0082	0.0082	0.0082	0.0141	0.0083	0.0083	0.0082	0.0082	0.0083	0.0082	0.0083	0.0422	0.0097	0.0083	0.0082	0.0082	0.0082	0.0082	0.0082	0.0082	0.0082	0.0088	0.0082	0.0108	0.0083	0.0095	0.0082	0.0082	0.0082	0.0082	0.0085	0.0082	0.0082	0.0082	0.0082	0.0083	0.0082	0.0565	0.0082	0.0082
  D	0.0187	0.0187	0.0187	0	0.0187	0.0187	0.0187	0.0187	0.0181	0.0187	0.0187	0.0203	0.0187	0.0187	0.0187	0.0187	0.0187	0.065	0.0187	0.0187	0.0186	0.0187	0.0187	0.0187	0.0187	0.0187	0.0187	0.0241	0.0187	0.0187	0.0187	0.0187	0.0187	0.0187	0.0187	0.0186	0.0185	0.0187	0.0187	0.0187	0.0187	0.0187	0.0187	0.0187	0.0188	0.0187	0.0186	0.0187	0.0187	0.0187	0.0186	0.0187	0.0187	0.0187	0.0237	0.0187	0.0186	0.0187	0.0187	0.0187	0.0215	0.0187	0.0171	0.0186	0.0187
  E	0.0184	0.0184	0.0184	0.0184	0	0.0184	0.0184	0.0184	0.0179	0.0184	0.0184	0.0327	0.0184	0.0184	0.0215	0.0184	0.0184	0.0182	0.0184	0.0184	0.0183	0.0184	0.0184	0.0242	0.0184	0.0184	0.0184	0.0183	0.0184	0.0184	0.0184	0.0184	0.0184	0.0184	0.0184	0.0473	0.0235	0.0184	0.0184	0.0184	0.0184	0.0191	0.0184	0.0184	0.0184	0.0184	0.0691	0.0184	0.0184	0.0184	0.0183	0.0184	0.0184	0.0184	0.0184	0.0184	0.0183	0.0184	0.0184	0.0184	0.0184	0.0184	0.0169	0.0274	0.0184
  F	0.0159	0.0159	0.0193	0.0159	0.0159	0	0.017	0.0159	0.0155	0.0159	0.0159	0.0208	0.0159	0.016	0.0159	0.0181	0.0159	0.0755	0.0159	0.0159	0.0159	0.0167	0.0159	0.0159	0.0159	0.0159	0.0159	0.0235	0.0159	0.0159	0.0159	0.0159	0.0159	0.0159	0.0159	0.0229	0.0778	0.0159	0.0159	0.0159	0.0159	0.0159	0.0159	0.0159	0.0159	0.0159	0.0354	0.0159	0.0159	0.0159	0.0158	0.0256	0.0159	0.0159	0.0159	0.0159	0.0159	0.0159	0.0159	0.0159	0.0178	0.0159	0.022	0.0158	0.0159
  G	0.0068	0.0068	0.007	0.0068	0.0068	0.0073	0	0.0068	0.0163	0.0068	0.0076	0.009	0.0068	0.0068	0.0068	0.0068	0.0068	0.0094	0.0068	0.0068	0.0068	0.0082	0.0068	0.0068	0.0068	0.0068	0.0068	0.0069	0.01	0.0069	0.0068	0.0068	0.0068	0.0068	0.007	0.0068	0.0068	0.0068	0.0068	0.0068	0.0068	0.0068	0.0068	0.0068	0.0068	0.0068	0.0077	0.0068	0.0097	0.0068	0.0074	0.0068	0.0068	0.0068	0.0071	0.0068	0.0074	0.0068	0.0068	0.0102	0.007	0.0091	0.058	0.0068	0.0068
  H	0.0177	0.0177	0.0176	0.0177	0.0176	0.0176	0.0176	0	0.0247	0.0177	0.0176	0.0259	0.0176	0.0177	0.0177	0.0176	0.0177	0.0175	0.0177	0.0176	0.0175	0.0177	0.0177	0.0176	0.0176	0.0177	0.0177	0.0176	0.0176	0.0177	0.0177	0.0177	0.0177	0.0177	0.0176	0.0263	0.0175	0.0177	0.0177	0.0177	0.0177	0.0177	0.0177	0.0177	0.0177	0.0177	0.0175	0.0177	0.0176	0.0177	0.0175	0.0176	0.0177	0.0177	0.0177	0.0176	0.0176	0.0177	0.0177	0.0177	0.0176	0.0177	0.0175	0.0348	0.0176
  I	0.0018	0.0022	0.0019	0.0018	0.0018	0.0018	0.0044	0.0026	0	0.0018	0.0028	0.0043	0.0018	0.002	0.0018	0.0023	0.0018	0.0022	0.0018	0.0019	0.0025	0.0018	0.0018	0.0018	0.0018	0.0018	0.0018	0.0018	0.0042	0.0018	0.0018	0.0018	0.0018	0.0019	0.0044	0.0018	0.0018	0.0018	0.0018	0.0018	0.0018	0.0018	0.0019	0.0018	0.0018	0.0018	0.0028	0.0018	0.0018	0.0018	0.0028	0.0018	0.0018	0.0018	0.0018	0.0018	0.0041	0.0018	0.0018	0.0018	0.0018	0.0018	0.1357	0.0029	0.0018
  J	0.0169	0.0169	0.0168	0.0169	0.0169	0.0169	0.0169	0.0169	0.0164	0	0.0168	0.0165	0.0169	0.0169	0.0169	0.0169	0.0169	0.0167	0.0169	0.0169	0.0167	0.0169	0.0169	0.0169	0.0169	0.0169	0.0169	0.0168	0.0168	0.0169	0.0169	0.0169	0.0169	0.0169	0.0168	0.0168	0.0167	0.0169	0.0169	0.0169	0.0169	0.0169	0.0169	0.0169	0.0169	0.0169	0.0168	0.0169	0.0169	0.0169	0.0168	0.0168	0.0169	0.0169	0.0169	0.0169	0.0168	0.0169	0.0169	0.0169	0.0169	0.0169	0.0233	0.0167	0.0169
  K	0.0088	0.0088	0.0088	0.0088	0.0088	0.0088	0.0098	0.0088	0.0135	0.0088	0	0.0087	0.0088	0.0088	0.0088	0.0088	0.0088	0.0087	0.0088	0.0088	0.0097	0.0088	0.0088	0.0088	0.0087	0.0088	0.0088	0.0107	0.0088	0.0088	0.0088	0.0088	0.0088	0.0088	0.0088	0.0087	0.0087	0.0088	0.0088	0.0088	0.0088	0.0088	0.0088	0.0088	0.0088	0.0088	0.0087	0.0088	0.0088	0.0088	0.0089	0.0087	0.0088	0.0088	0.0088	0.0088	0.0087	0.0088	0.0088	0.0088	0.0144	0.0088	0.0487	0.0087	0.0099
  L	0.0075	0.0075	0.0117	0.0083	0.0135	0.01	0.0101	0.0112	0.018	0.0074	0.0076	0	0.0108	0.0075	0.0074	0.0101	0.0074	0.0133	0.0074	0.0076	0.0874	0.0093	0.0074	0.011	0.0095	0.0074	0.0074	0.0111	0.0293	0.0213	0.0074	0.0074	0.0074	0.0075	0.0075	0.0669	0.0423	0.0098	0.0075	0.0074	0.0074	0.0083	0.0075	0.0074	0.0074	0.0074	0.0555	0.0074	0.0083	0.0097	0.0472	0.0078	0.0074	0.0131	0.008	0.0212	0.0178	0.0074	0.0079	0.0074	0.0129	0.0074	0.0626	0.0678	0.0075
  M	0.0184	0.0184	0.0184	0.0184	0.0184	0.0184	0.0184	0.0184	0.0179	0.0184	0.0184	0.0261	0	0.0184	0.0184	0.0184	0.0184	0.0182	0.0184	0.0184	0.0183	0.0184	0.0184	0.0184	0.0184	0.0184	0.0184	0.0183	0.0184	0.0184	0.0184	0.0184	0.0184	0.0184	0.0184	0.0185	0.037	0.0184	0.0184	0.0184	0.0184	0.0184	0.0184	0.0184	0.0184	0.0184	0.0183	0.0184	0.0184	0.0184	0.0185	0.0184	0.0184	0.0184	0.0184	0.0184	0.0183	0.0184	0.0184	0.0184	0.0184	0.0184	0.0169	0.0183	0.0184
  N	0.0165	0.0165	0.0165	0.0165	0.0165	0.0166	0.0165	0.0165	0.0178	0.0165	0.0165	0.0162	0.0165	0	0.0165	0.0165	0.0165	0.0287	0.0165	0.0165	0.018	0.0165	0.0165	0.0165	0.0165	0.0165	0.0165	0.0165	0.0165	0.0165	0.0165	0.0165	0.0165	0.0165	0.0165	0.0164	0.0177	0.0165	0.0165	0.0165	0.0165	0.0165	0.0165	0.0165	0.0165	0.0165	0.017	0.0165	0.0165	0.0165	0.0164	0.0165	0.0165	0.0165	0.0165	0.0165	0.0173	0.0165	0.0165	0.0165	0.0166	0.0165	0.0234	0.0164	0.0165
  O	0.0192	0.0192	0.0191	0.0192	0.0224	0.0192	0.0192	0.0192	0.0186	0.0192	0.0191	0.0187	0.0192	0.0192	0	0.0192	0.0192	0.019	0.0192	0.0192	0.019	0.0192	0.0192	0.0192	0.0192	0.0192	0.0192	0.0191	0.0191	0.0192	0.0192	0.0192	0.0192	0.0192	0.0191	0.0191	0.0285	0.0192	0.0192	0.0192	0.0192	0.0192	0.0192	0.0192	0.0192	0.0192	0.026	0.0192	0.0192	0.0192	0.019	0.0191	0.0192	0.0192	0.0192	0.0192	0.0191	0.0192	0.0192	0.0192	0.0192	0.0192	0.0175	0.019	0.0192
  P	0.0139	0.0139	0.0139	0.0139	0.0139	0.0158	0.0139	0.0139	0.0173	0.0139	0.0139	0.0183	0.0139	0.0139	0.0139	0	0.0139	0.0276	0.0139	0.0139	0.0233	0.0139	0.0139	0.0139	0.0139	0.0139	0.0139	0.0139	0.0177	0.0139	0.0139	0.0139	0.0139	0.0147	0.0139	0.0138	0.0229	0.0139	0.0139	0.0139	0.0139	0.0139	0.0139	0.0139	0.0139	0.0179	0.0138	0.0139	0.0139	0.0139	0.0138	0.0139	0.0139	0.0139	0.0139	0.0139	0.0138	0.0147	0.0139	0.0139	0.0423	0.0139	0.0334	0.0138	0.0139
  Q	0.0192	0.0192	0.0191	0.0192	0.0192	0.0192	0.0192	0.0192	0.0186	0.0192	0.0192	0.0187	0.0192	0.0192	0.0192	0.0192	0	0.019	0.0192	0.0192	0.019	0.0192	0.0192	0.0192	0.0192	0.0192	0.0192	0.0191	0.0191	0.0192	0.0192	0.0192	0.0192	0.0192	0.0191	0.0191	0.0284	0.0192	0.0192	0.0192	0.0192	0.0192	0.0192	0.0192	0.0192	0.0192	0.0477	0.0192	0.0192	0.0192	0.019	0.0191	0.0192	0.0192	0.0192	0.0192	0.0191	0.0192	0.0192	0.0192	0.0192	0.0192	0.0175	0.019	0.0192
  R	0.0111	0.0111	0.0116	0.0389	0.0111	0.0532	0.0154	0.0111	0.0137	0.0111	0.0112	0.0195	0.0111	0.0195	0.0111	0.0223	0.0111	0	0.0111	0.0112	0.0142	0.0273	0.0111	0.0111	0.0111	0.0111	0.0111	0.071	0.0112	0.0128	0.0111	0.0111	0.0111	0.0111	0.0111	0.0112	0.0729	0.0111	0.0111	0.0111	0.0111	0.0111	0.0111	0.0111	0.0111	0.0111	0.017	0.0111	0.0111	0.0113	0.0118	0.0841	0.0111	0.0112	0.0111	0.0111	0.0151	0.0111	0.0135	0.0111	0.0229	0.0111	0.0252	0.0111	0.0111
  S	0.0169	0.0169	0.0168	0.0169	0.0169	0.0169	0.0168	0.0169	0.0164	0.0169	0.0168	0.0165	0.0169	0.0169	0.0169	0.0169	0.0169	0.0167	0	0.0169	0.0167	0.0169	0.0169	0.0169	0.0168	0.0169	0.0169	0.0168	0.0168	0.0169	0.0169	0.0169	0.0169	0.0169	0.0168	0.0168	0.0167	0.0169	0.0169	0.0169	0.0169	0.0169	0.0169	0.0169	0.0169	0.0169	0.0168	0.0169	0.0169	0.0169	0.0167	0.0168	0.0169	0.0169	0.0169	0.0169	0.0168	0.0169	0.0169	0.0169	0.0169	0.0169	0.0233	0.0167	0.0169
