Map from character to field name
A:	Algeria
B:	Argentina
C:	Australia
D:	Austria
E:	Bangladesh
F:	Belgium
G:	Brazil
H:	Cambodia
I:	Canada
J:	Chad
K:	Chile
L:	China
M:	Czech Republic
N:	Denmark
O:	Egypt
P:	France
Q:	Georgia
R:	Germany
S:	Guam
T:	Guatemala
U:	Hong Kong
V:	Hungary
W:	Iceland
X:	India
Y:	Indonesia
Z:	Iran
[:	Ireland
\:	Italy
]:	Japan
^:	Kazakhstan
_:	Kuwait
`:	Laos
a:	Luxembourg
b:	Malaysia
c:	Mexico
d:	Mongolia
e:	Netherlands
f:	New Zealand
g:	Nicaragua
h:	Nigeria
i:	Norway
j:	Pakistan
k:	Peru
l:	Philippines
m:	Poland
n:	Romania
o:	Russia
p:	Saudi Arabia
q:	Singapore
r:	South Africa
s:	South Korea
t:	Spain
u:	Sri Lanka
v:	Sweden
w:	Switzerland
x:	Taiwan
y:	Thailand
z:	Turkey
{:	Ukraine
|:	United Arab Emirates
}:	United Kingdom
~:	Uruguay
:	Usa
:	Vietnam
:	Zambia
:	?


Substitution rate (mu): 15.465267

Equilibrium frequencies (pi_i):
  A: 0.0186
  B: 0.016
  C: 0.0079
  D: 0.0193
  E: 0.0185
  F: 0.0175
  G: 0.009
  H: 0.0187
  I: 0.0018
  J: 0.0176
  K: 0.0107
  L: 0.0061
  M: 0.0192
  N: 0.0172
  O: 0.0196
  P: 0.0149
  Q: 0.0192
  R: 0.0121
  S: 0.0176
  T: 0.0075
  U: 0.0067
  V: 0.0188
  W: 0.0195
  X: 0.0175
  Y: 0.0185
  Z: 0.0195
  [: 0.0183
  \: 0.0167
  ]: 0.0079
  ^: 0.0173
  _: 0.0192
  `: 0.0198
  a: 0.0197
  b: 0.0139
  c: 0.0122
  d: 0.0128
  e: 0.005
  f: 0.016
  g: 0.0163
  h: 0.0198
  i: 0.0194
  j: 0.0196
  k: 0.0152
  l: 0.0184
  m: 0.0197
  n: 0.0198
  o: 0.0091
  p: 0.0181
  q: 0.0133
  r: 0.016
  s: 0.0059
  t: 0.0179
  u: 0.0195
  v: 0.0182
  w: 0.0163
  x: 0.0128
  y: 0.015
  z: 0.0198
  {: 0.0193
  |: 0.0198
  }: 0.0103
  ~: 0.0178
  : 0.005
  : 0.0103
  : 0.0192

Symmetrized rates from j->i (W_ij):
	A	B	C	D	E	F	G	H	I	J	K	L	M	N	O	P	Q	R	S	T	U	V	W	X	Y	Z	[	\	]	^	_	`	a	b	c	d	e	f	g	h	i	j	k	l	m	n	o	p	q	r	s	t	u	v	w	x	y	z	{	|	}	~			
  A	0	0.9655	0.9646	0.966	0.9664	0.9647	0.9622	0.9659	0.9404	0.9658	0.969	0.9408	0.9659	0.9651	0.966	0.9655	0.9659	0.9529	0.9658	0.964	0.9586	0.966	0.966	0.9655	0.9662	0.9659	0.9659	0.9608	1.2223	0.9658	0.966	0.966	0.966	0.9655	0.9612	0.9579	0.9544	0.9655	0.9659	0.966	0.966	0.966	0.9655	0.9659	0.966	0.966	0.9579	0.9658	0.9657	0.9657	0.9608	0.9618	0.966	0.9657	0.9662	0.9673	0.9579	0.966	0.9658	0.966	0.963	0.9659	1.1069	0.9525	0.9655
  B	0.9655	0	0.9644	0.9655	0.9659	0.9644	0.9622	0.9654	0.9436	0.9653	0.9688	0.9428	0.9655	0.9648	0.9655	0.9651	0.9655	0.9544	0.9654	0.9637	0.9591	0.9656	0.9656	0.9651	0.9658	0.9654	0.9655	0.9611	0.9623	0.9654	0.9655	0.9656	0.9656	0.9651	0.9614	0.9585	0.9555	0.9651	0.9655	0.9656	0.9655	0.9655	0.9651	0.9655	0.9656	0.9656	0.9585	0.9654	0.9653	0.9653	0.9609	0.9619	0.9656	0.9653	0.9654	0.9668	0.9586	0.9656	0.9654	0.9656	0.9628	0.9654	1.785	0.9539	0.9651
  C	0.9646	0.9644	0	0.9642	1.1344	0.9667	0.9883	0.9644	1.2528	0.9645	1.128	1.9073	0.9649	0.9644	0.9644	1.0636	0.9649	0.9618	0.9643	0.9861	1.4912	1.0016	0.9644	0.9648	0.9659	0.9642	0.9643	0.9643	1.5528	0.9647	0.9933	0.9643	0.9642	1.0993	0.9642	1.7099	3.3398	0.9652	1.092	0.9642	0.9644	0.9642	0.9661	0.9644	0.9642	0.9642	1.3948	0.9643	1.4321	1.0065	1.0281	0.9628	0.9642	0.9648	0.9645	0.9679	0.9833	0.9642	0.9647	0.9642	0.9657	0.9644	8.221	1.1503	0.9646
  D	0.966	0.9655	0.9642	0	0.9665	0.965	0.962	0.966	0.9395	0.9658	0.969	1.0884	0.9661	0.9656	0.9661	0.9656	0.966	3.3422	0.9659	0.9638	0.9589	0.9663	0.9661	0.9656	0.9665	0.966	0.966	1.3554	0.962	0.966	0.9661	0.9661	0.9661	0.9655	0.961	0.9577	0.954	0.9655	0.966	0.9662	0.9661	0.9661	0.9655	0.966	0.9922	0.9661	0.9576	0.9659	0.9657	0.9658	0.9605	0.9621	0.9661	0.9658	1.1187	0.9673	0.9579	0.9662	0.966	0.9661	0.9746	0.9659	0.8933	0.9521	0.9656
  E	0.9664	0.9659	1.1344	0.9665	0	0.9667	0.9628	0.9665	0.9524	0.9662	0.9704	2.0401	0.967	0.9656	0.9668	0.9663	0.967	0.9548	0.9662	0.9645	0.961	0.9669	0.9668	0.9663	0.9674	0.9668	0.9663	0.9623	1.0654	0.9665	0.9665	0.9666	0.9666	0.9664	0.9618	1.9205	1.1977	0.9663	0.967	0.9665	0.9666	0.9665	0.9662	0.9664	0.9665	0.9665	2.8901	0.9662	0.9668	0.9662	1.2347	0.9623	0.9665	0.9665	0.9662	0.9731	0.9587	0.9665	0.9667	0.9665	0.9641	0.9663	0.9312	1.11	0.9663
  F	0.9647	0.9644	0.9667	0.965	0.9667	0	0.9617	0.9646	0.9449	0.9647	0.9695	0.9443	0.9648	0.988	0.9651	1.4426	0.965	4.3025	0.9646	0.9634	0.9941	1.7871	0.9651	0.9647	0.9659	0.9646	0.9647	1.4831	0.9635	0.9651	0.9647	0.9647	1.0605	0.9648	0.9606	1.9308	4.3865	0.9645	0.9649	0.9647	0.9647	0.9908	0.9645	0.9647	0.9647	0.9647	1.9196	0.9646	0.9649	0.9647	0.967	1.4432	0.9648	0.9646	0.9648	0.9671	0.958	0.9648	0.9648	0.9647	0.9632	0.9647	1.3411	0.9531	0.9644
  G	0.9622	0.9622	0.9883	0.962	0.9628	0.9617	0	0.962	0.9567	0.9621	1.1156	0.9537	0.962	0.9619	0.9619	0.9625	0.9619	0.9571	0.9621	0.9726	0.9607	1.0364	0.9619	0.9621	0.963	0.9619	0.9621	0.96	0.9627	0.9961	0.962	0.9619	0.9619	0.9626	0.9711	0.9593	0.9968	0.9623	0.9633	0.9619	0.9619	0.9619	1.0281	0.9621	0.9619	0.9619	0.96	0.9621	1.3384	0.9624	0.9641	0.9602	0.9619	0.9622	0.9628	0.965	0.959	0.9619	0.9619	1.4421	1.0168	1.1218	6.3486	0.9568	0.9618
  H	0.9659	0.9654	0.9644	0.966	0.9665	0.9646	0.962	0	0.9408	0.9657	0.969	1.607	0.9659	0.965	0.9659	0.9654	0.9658	0.9527	0.9657	0.9638	0.9586	0.9659	0.966	0.9655	0.9665	0.9658	0.9658	0.9607	1.2316	0.9658	0.9659	0.9659	0.966	0.9654	0.9611	0.9578	0.9542	0.9654	0.9658	0.966	0.9659	0.9659	0.9654	0.9658	0.966	0.966	0.9576	0.9657	0.9655	0.9656	0.9619	0.9617	0.966	0.9656	0.9657	0.9672	0.9577	0.966	0.9658	0.966	0.9629	0.9658	0.8953	1.9053	0.9654
  I	0.9404	0.9436	1.2528	0.9395	0.9524	0.9449	0.9567	0.9408	0	0.9412	1.3957	2.285	0.9401	0.942	0.9389	1.3739	0.9402	0.9761	0.9412	1.4345	0.9713	0.9418	0.939	0.9429	0.9742	0.9389	0.9405	0.9455	1.445	0.9442	0.9396	0.9385	0.9386	0.9519	2.8281	0.9879	1.3468	0.9677	0.9469	0.939	0.9392	0.9387	1.1743	0.9405	0.9386	0.9383	1.109	0.9407	0.9517	0.9458	1.5614	0.9417	0.9388	0.9412	0.9435	0.9596	0.957	0.9384	0.9406	0.9384	0.9624	0.9411	72.6109	1.9123	0.9402
  J	0.9658	0.9653	0.9645	0.9658	0.9662	0.9647	0.9621	0.9657	0.9412	0	0.9688	0.9407	0.9658	0.965	0.9659	0.9653	0.9658	0.9534	0.9657	0.9638	0.9587	0.9658	0.9659	0.9654	0.9661	0.9657	0.9658	0.9609	0.9625	0.9657	0.9658	0.9659	0.9659	0.9653	0.9612	0.958	0.9544	0.9653	0.9658	0.9659	0.9658	0.9658	0.9653	0.9657	0.9659	0.9659	0.958	0.9656	0.9655	0.9656	0.9606	0.9619	0.9659	0.9656	0.9656	0.967	0.9581	0.9659	0.9657	0.9659	0.9628	0.9657	1.334	0.9529	0.9654
  K	0.969	0.9688	1.128	0.969	0.9704	0.9695	1.1156	0.969	1.3957	0.9688	0	0.9858	0.9692	0.9685	0.9691	0.9698	0.9693	0.9629	0.9688	0.9693	0.9678	0.9695	0.969	0.969	1.0006	0.9689	0.9689	1.3662	0.9711	0.9695	0.969	0.969	0.969	0.9691	0.9689	0.9676	1.1441	0.9693	0.9697	1.4504	0.969	0.969	0.9691	0.9689	0.969	0.969	0.9685	0.9689	0.9699	0.9691	1.0938	0.9669	0.969	0.9694	0.969	1.029	0.9652	0.969	0.9691	0.969	1.2309	0.9689	4.4867	0.9644	1.3693
  L	0.9408	0.9428	1.9073	1.0884	2.0401	0.9443	0.9537	1.607	2.285	0.9407	0.9858	0	0.9392	0.9438	0.9389	1.7124	0.9392	1.3863	0.9407	1.2302	12.3493	0.9405	0.9401	1.1537	1.6087	1.0167	0.9399	1.5826	4.7967	2.5401	0.9392	0.938	0.9382	0.9907	0.9495	6.9599	5.5282	1.3577	0.9454	0.9382	0.9385	0.9385	0.9441	0.9895	0.9856	0.9379	7.1457	0.9402	1.4182	0.9432	8.867	0.9399	0.9389	0.9402	1.2249	4.5631	1.6734	0.9381	0.9491	0.938	2.084	0.9405	17.2743	12.9393	0.9394
  M	0.9659	0.9655	0.9649	0.9661	0.967	0.9648	0.962	0.9659	0.9401	0.9658	0.9692	0.9392	0	0.9653	0.9661	0.9655	0.966	0.9526	0.9658	0.9638	0.9587	0.966	0.9662	0.9656	0.9666	0.9659	0.9659	0.9607	0.9623	0.9659	0.966	0.9661	0.9661	0.9655	0.961	0.9582	2.2899	0.9655	0.9659	0.9661	0.9661	0.9661	0.9655	0.9659	0.9661	0.9661	1.057	0.9658	0.9657	0.9657	0.9604	0.9617	0.9661	0.9658	0.9658	0.9674	0.9577	0.9661	0.9661	0.9661	0.9629	0.9659	0.8938	0.952	0.9656
  N	0.9651	0.9648	0.9644	0.9656	0.9656	0.988	0.9619	0.965	0.942	0.965	0.9685	0.9438	0.9653	0	0.9652	0.9652	0.9653	1.5526	0.965	0.9635	1.1626	0.9655	0.9652	0.9648	0.9655	0.965	0.9651	0.9618	0.9622	0.9651	0.9652	0.9651	0.9652	0.9652	0.9609	0.9583	1.1157	0.9649	0.9652	0.9652	0.9652	0.9651	0.9648	0.9651	0.9652	0.9652	1.4302	0.965	0.9651	0.965	0.9607	0.9628	0.9652	0.965	0.9651	0.9667	0.958	0.9652	0.9651	0.9652	0.9628	0.965	1.3413	0.9533	0.9648
  O	0.966	0.9655	0.9644	0.9661	0.9668	0.9651	0.9619	0.9659	0.9389	0.9659	0.9691	0.9389	0.9661	0.9652	0	0.9655	0.9661	0.9524	0.9659	0.9638	0.9583	0.9661	0.9662	0.9657	0.9664	0.966	0.966	0.9607	0.9712	0.966	0.9661	0.9661	0.9662	0.9655	0.961	1.1785	1.1296	0.9656	0.966	0.9662	0.9661	0.9661	0.9656	0.966	0.9661	0.9661	1.5704	0.9659	0.9657	0.9658	0.9601	0.9617	0.9662	0.9658	0.9659	0.9674	0.9576	0.9662	0.966	0.9661	0.9628	0.9659	0.8917	0.9518	0.9656
  P	0.9655	0.9651	1.0636	0.9656	0.9663	1.4426	0.9625	0.9654	1.3739	0.9653	0.9698	1.7124	0.9655	0.9652	0.9655	0	0.9655	2.3932	0.9653	0.9639	1.0989	0.967	0.9655	0.9652	0.9664	0.9654	0.9654	0.962	0.9636	0.9657	0.9655	0.9655	0.9655	1.0431	0.9617	0.9599	1.0155	0.9652	0.9655	0.9655	0.9655	0.9655	0.9651	0.9654	0.9658	1.4471	0.96	0.9654	0.9654	0.9986	0.9625	0.9624	0.9655	0.9653	1.2557	0.9673	0.9595	1.2084	0.9654	0.9655	3.0451	0.9654	2.1639	0.956	0.9652
  Q	0.9659	0.9655	0.9649	0.966	0.967	0.965	0.9619	0.9658	0.9402	0.9658	0.9693	0.9392	0.966	0.9653	0.9661	0.9655	0	0.9526	0.9658	0.9638	0.9587	0.966	0.9661	0.9656	0.9666	0.9659	0.9659	0.9606	0.9623	0.9659	0.966	0.966	0.966	0.9654	0.961	0.9582	2.3764	0.9655	0.9659	0.9661	0.966	0.966	0.9655	0.9659	0.966	0.966	0.958	0.9658	0.9656	0.9657	0.9604	0.9617	0.9661	0.9657	0.9658	0.9673	0.9576	0.9661	0.9659	0.966	0.9629	0.9658	0.8938	0.952	0.9655
  R	0.9529	0.9544	0.9618	3.3422	0.9548	4.3025	0.9571	0.9527	0.9761	0.9534	0.9629	1.3863	0.9526	1.5526	0.9524	2.3932	0.9526	0	0.9535	0.9593	1.0959	1.7512	0.9525	0.9536	0.9545	0.9522	0.9531	4.343	0.9594	0.954	0.9525	0.9521	0.9523	0.9562	0.9561	0.9564	6.2337	0.955	0.9545	0.9522	0.9524	0.9523	0.955	0.9531	0.9524	0.9521	1.0017	0.9531	0.9565	0.9545	1.7862	7.2883	0.9523	0.9531	1.1004	0.959	1.0292	0.9522	0.9526	0.9521	1.7467	0.9534	2.327	0.9508	0.9525
  S	0.9658	0.9654	0.9643	0.9659	0.9662	0.9646	0.9621	0.9657	0.9412	0.9657	0.9688	0.9407	0.9658	0.965	0.9659	0.9653	0.9658	0.9535	0	0.9638	0.9587	0.9659	0.9659	0.9654	0.9661	0.9658	0.9658	0.9609	0.9622	0.9657	0.9659	0.9659	0.9659	0.9653	0.9613	0.9581	0.9544	0.9654	0.9658	0.9659	0.9659	0.9659	0.9654	0.9658	0.9659	0.9659	0.958	0.9657	0.9655	0.9656	0.9605	0.9619	0.9659	0.9656	0.9657	0.9671	0.9582	0.966	0.9658	0.9659	0.9628	0.9657	1.3348	0.953	0.9654
  T	0.964	0.9637	0.9861	0.9638	0.9645	0.9634	0.9726	0.9638	1.4345	0.9638	0.9693	1.2302	0.9638	0.9635	0.9638	0.9639	0.9638	0.9593	0.9638	0	0.9618	0.9639	0.9638	0.9637	0.9648	0.9637	0.9638	0.962	0.9636	0.9639	0.9638	0.9638	0.9638	0.9639	1.0095	0.9612	0.9766	0.9638	0.9653	0.9638	0.9638	0.9638	1.3039	0.9638	0.9638	0.9638	0.9615	0.9638	1.0902	0.9639	0.965	0.9622	0.9638	0.9637	0.9639	0.966	0.961	0.9638	0.9638	0.9638	0.9632	0.9639	7.8669	0.9589	0.9636
  U	0.9586	0.9591	1.4912	0.9589	0.961	0.9941	0.9607	0.9586	0.9713	0.9587	0.9678	12.3493	0.9587	1.1626	0.9583	1.0989	0.9587	1.0959	0.9587	0.9618	0	0.959	0.9584	0.959	0.9621	0.9582	0.9585	1.2041	2.1545	0.9597	0.9584	0.9581	0.9582	2.5625	0.9591	0.9615	5.6725	1.0289	0.9597	0.9581	0.9583	0.9581	0.9594	0.9785	0.9584	0.9581	1.4461	0.9586	0.9612	0.9598	0.9669	0.9592	0.991	0.9587	0.9595	1.4427	0.9774	0.9582	0.9586	0.9581	1.1199	0.9587	6.9904	2.3198	0.9584
  V	0.966	0.9656	1.0016	0.9663	0.9669	1.7871	1.0364	0.9659	0.9418	0.9658	0.9695	0.9405	0.966	0.9655	0.9661	0.967	0.966	1.7512	0.9659	0.9639	0.959	0	0.9661	0.9656	0.9666	0.966	0.966	0.9856	0.9624	0.9659	0.9661	0.9661	0.9662	0.9655	0.9612	0.958	1.4334	0.9655	0.9662	0.9661	0.9661	0.9661	0.9657	0.966	0.9661	0.9661	0.9579	0.9659	1.156	0.9658	0.9621	0.965	0.9661	0.9658	0.9659	0.9675	0.958	0.9662	0.966	0.9661	0.9631	0.9659	1.1541	0.9523	0.9656
  W	0.966	0.9656	0.9644	0.9661	0.9668	0.9651	0.9619	0.966	0.939	0.9659	0.969	0.9401	0.9662	0.9652	0.9662	0.9655	0.9661	0.9525	0.9659	0.9638	0.9584	0.9661	0	0.9657	0.9664	0.966	0.966	0.9607	0.9621	0.966	0.9661	0.9661	0.9662	0.9655	0.961	0.9593	1.2339	0.9656	0.966	0.9662	0.9661	0.9661	0.9656	0.966	0.9662	0.9662	1.1859	0.9659	0.9657	0.9658	0.9601	0.9617	0.9662	0.9659	0.9659	0.9674	0.9576	0.9662	0.966	0.9662	0.9628	0.9659	0.8922	0.9519	0.9657
  X	0.9655	0.9651	0.9648	0.9656	0.9663	0.9647	0.9621	0.9655	0.9429	0.9654	0.969	1.1537	0.9656	0.9648	0.9657	0.9652	0.9656	0.9536	0.9654	0.9637	0.959	0.9656	0.9657	0	0.9661	0.9655	0.9655	0.9609	0.9634	0.9655	0.9656	0.9656	0.9657	0.9652	0.9611	0.997	1.4095	0.9652	0.9656	0.9656	0.9656	0.9656	0.9652	0.9655	0.9656	0.9656	1.9244	0.9654	0.9654	0.9654	0.9609	0.9617	0.9656	0.9654	0.9654	0.9671	0.9581	0.9657	0.9671	0.9656	0.9629	0.9655	1.3393	1.189	0.9652
  Y	0.9662	0.9658	0.9659	0.9665	0.9674	0.9659	0.963	0.9665	0.9742	0.9661	1.0006	1.6087	0.9666	0.9655	0.9664	0.9664	0.9666	0.9545	0.9661	0.9648	0.9621	0.9666	0.9664	0.9661	0	0.9663	0.9662	0.9621	0.9645	0.9679	0.9664	0.9664	0.9664	0.966	0.9625	0.9635	1.0111	0.9662	0.9667	0.9666	0.9664	0.9664	0.966	0.9663	0.9664	0.9664	0.9627	0.9661	0.9666	0.9661	1.1165	0.9622	0.9664	0.9663	0.9662	0.9698	0.9588	0.9664	0.9664	0.9664	0.9642	0.9662	0.9483	0.9603	0.9662
  Z	0.9659	0.9654	0.9642	0.966	0.9668	0.9646	0.9619	0.9658	0.9389	0.9657	0.9689	1.0167	0.9659	0.965	0.966	0.9654	0.9659	0.9522	0.9658	0.9637	0.9582	0.966	0.966	0.9655	0.9663	0	0.9659	0.9605	0.9619	0.9658	0.966	0.966	0.966	0.9654	0.9609	1.0656	0.9534	0.9654	0.9659	0.966	0.966	0.966	0.9654	0.9658	0.966	0.966	1.2453	0.9658	0.9656	0.9657	0.96	0.9616	0.966	0.9657	0.9658	0.9672	0.9574	0.966	0.9658	0.966	0.9627	0.9658	0.8914	0.9517	0.9654
  [	0.9659	0.9655	0.9643	0.966	0.9663	0.9647	0.9621	0.9658	0.9405	0.9658	0.9689	0.9399	0.9659	0.9651	0.966	0.9654	0.9659	0.9531	0.9658	0.9638	0.9585	0.966	0.966	0.9655	0.9662	0.9659	0	0.9608	0.9622	0.9658	0.966	0.966	0.966	0.9654	0.9612	0.9579	0.9541	0.9655	0.9659	0.966	0.966	0.966	0.9655	0.9659	0.966	0.966	0.9578	1.3186	0.9656	0.9657	0.9604	0.9619	0.966	0.9666	0.9658	0.9672	0.958	0.9661	0.9658	0.966	0.9629	0.9658	1.1878	0.9525	0.9655
  \	0.9608	0.9611	0.9643	1.3554	0.9623	1.4831	0.96	0.9607	0.9455	0.9609	1.3662	1.5826	0.9607	0.9618	0.9607	0.962	0.9606	4.343	0.9609	0.962	1.2041	0.9856	0.9607	0.9609	0.9621	0.9605	0.9608	0	0.9611	0.9613	0.9607	0.9605	0.9606	0.9617	0.9583	0.9561	3.8592	0.9617	0.9614	0.9606	0.9606	0.9606	0.9613	0.9608	1.0083	0.9605	0.9594	0.9608	0.962	0.9613	0.9624	1.4651	0.9606	0.9607	1.5538	0.9642	0.9611	0.9606	0.9606	0.9605	1.6567	0.9609	1.3603	0.9514	1.0117
  ]	1.2223	0.9623	1.5528	0.962	1.0654	0.9635	0.9627	1.2316	1.445	0.9625	0.9711	4.7967	0.9623	0.9622	0.9712	0.9636	0.9623	0.9594	0.9622	0.9636	2.1545	0.9624	0.9621	0.9634	0.9645	0.9619	0.9622	0.9611	0	0.9627	0.962	1.4419	0.9619	1.0252	0.9614	2.9189	2.3597	1.1968	0.9629	0.9619	0.9621	0.962	0.9627	0.9622	0.962	0.9619	1.4406	0.9621	0.9635	0.9625	1.7782	0.9605	0.962	0.9623	0.9638	1.5958	0.9614	0.9619	0.9668	0.9619	1.4445	0.9624	6.9763	2.024	0.9621
  ^	0.9658	0.9654	0.9647	0.966	0.9665	0.9651	0.9961	0.9658	0.9442	0.9657	0.9695	2.5401	0.9659	0.9651	0.966	0.9657	0.9659	0.954	0.9657	0.9639	0.9597	0.9659	0.966	0.9655	0.9679	0.9658	0.9658	0.9613	0.9627	0	0.9659	0.9659	0.9659	0.9654	0.9614	1.4616	1.1332	0.9654	0.9658	0.9659	0.9659	0.9659	0.9654	0.9658	0.966	0.9659	1.4413	0.9657	0.9656	0.9656	1.0459	0.962	0.9659	0.9657	0.9658	0.9745	0.9585	0.966	0.9658	0.9659	1.346	0.9657	1.0544	0.9546	0.9655
  _	0.966	0.9655	0.9933	0.9661	0.9665	0.9647	0.962	0.9659	0.9396	0.9658	0.969	0.9392	0.966	0.9652	0.9661	0.9655	0.966	0.9525	0.9659	0.9638	0.9584	0.9661	0.9661	0.9656	0.9664	0.966	0.966	0.9607	0.962	0.9659	0	0.9661	0.9661	0.9865	0.961	0.9576	1.1744	0.9655	0.966	0.9662	0.9661	0.9661	0.9655	0.966	0.9661	0.9661	0.9575	0.9659	0.9657	0.9658	0.9602	0.9618	0.9662	0.9658	0.9659	0.9673	0.9576	0.9662	0.966	0.9661	0.9628	0.9659	0.9477	1.1232	0.9656
  `	0.966	0.9656	0.9643	0.9661	0.9666	0.9647	0.9619	0.9659	0.9385	0.9659	0.969	0.938	0.9661	0.9651	0.9661	0.9655	0.966	0.9521	0.9659	0.9638	0.9581	0.9661	0.9661	0.9656	0.9664	0.966	0.966	0.9605	1.4419	0.9659	0.9661	0	0.9662	0.9655	0.9609	0.9574	0.9532	0.9655	0.966	0.9662	0.9661	0.9661	0.9656	0.966	0.9662	0.9662	0.9572	0.9659	0.9657	0.9658	0.9599	0.9617	0.9662	0.9658	0.9659	0.9673	0.9574	0.9662	0.966	0.9662	0.9627	0.9659	0.8907	0.9516	0.9656
  a	0.966	0.9656	0.9642	0.9661	0.9666	1.0605	0.9619	0.966	0.9386	0.9659	0.969	0.9382	0.9661	0.9652	0.9662	0.9655	0.966	0.9523	0.9659	0.9638	0.9582	0.9662	0.9662	0.9657	0.9664	0.966	0.966	0.9606	0.9619	0.9659	0.9661	0.9662	0	0.9655	0.961	0.9578	0.9535	0.9655	0.966	0.9662	0.9661	0.9661	0.9656	0.966	0.9662	0.9662	1.3771	0.9659	0.9657	0.9658	0.9599	0.9617	0.9662	0.9658	0.9659	0.9673	0.9575	0.9662	0.966	0.9662	0.9627	0.9659	0.891	0.9517	0.9656
  b	0.9655	0.9651	1.0993	0.9655	0.9664	0.9648	0.9626	0.9654	0.9519	0.9653	0.9691	0.9907	0.9655	0.9652	0.9655	1.0431	0.9654	0.9562	0.9653	0.9639	2.5625	0.9655	0.9655	0.9652	0.966	0.9654	0.9654	0.9617	1.0252	0.9654	0.9865	0.9655	0.9655	0	0.9619	0.9597	2.1066	1.1917	0.9655	0.9655	0.9655	0.9655	0.9651	0.9654	0.9655	0.9655	0.9596	0.9653	0.9653	1.3735	0.962	0.9623	1.091	0.9653	0.9653	0.9668	0.9595	0.9655	0.9654	0.9655	0.9636	0.9654	2.6526	1.6305	0.9652
  c	0.9612	0.9614	0.9642	0.961	0.9618	0.9606	0.9711	0.9611	2.8281	0.9612	0.9689	0.9495	0.961	0.9609	0.961	0.9617	0.961	0.9561	0.9613	1.0095	0.9591	0.9612	0.961	0.9611	0.9625	0.9609	0.9612	0.9583	0.9614	0.9614	0.961	0.9609	0.961	0.9619	0	0.9575	0.9821	0.9614	0.9617	0.961	0.961	0.961	1.039	0.9612	0.961	0.9609	0.9582	0.9612	0.9974	0.9616	1.4677	0.9586	0.961	0.9611	0.9616	0.9641	0.9568	0.961	0.961	0.9609	0.961	0.9613	3.007	0.9542	0.9608
  d	0.9579	0.9585	1.7099	0.9577	1.9205	1.9308	0.9593	0.9578	0.9879	0.958	0.9676	6.9599	0.9582	0.9583	1.1785	0.9599	0.9582	0.9564	0.9581	0.9612	0.9615	0.958	0.9593	0.997	0.9635	1.0656	0.9579	0.9561	2.9189	1.4616	0.9576	0.9574	0.9578	0.9597	0.9575	0	3.6647	0.9589	0.9589	0.9574	0.9576	1.4196	0.9589	0.9579	0.9575	0.9573	10.4209	0.9578	0.9602	0.9587	2.4662	0.9554	0.9575	0.958	0.9588	2.2882	1.9001	0.9574	1.0094	0.9573	0.9613	0.958	0.9746	1.4993	0.9575
  e	0.9544	0.9555	3.3398	0.954	1.1977	4.3865	0.9968	0.9542	1.3468	0.9544	1.1441	5.5282	2.2899	1.1157	1.1296	1.0155	2.3764	6.2337	0.9544	0.9766	5.6725	1.4334	1.2339	1.4095	1.0111	0.9534	0.9541	3.8592	2.3597	1.1332	1.1744	0.9532	0.9535	2.1066	0.9821	3.6647	0	1.7585	0.9586	0.9532	1.4273	0.9534	1.1688	1.1133	0.9534	0.9531	8.764	0.9543	1.0039	0.99	1.4061	0.9578	1.0923	1.904	0.9559	1.1086	1.6204	0.9532	1.8307	0.9531	2.5034	0.9544	15.4795	2.8282	1.9023
  f	0.9655	0.9651	0.9652	0.9655	0.9663	0.9645	0.9623	0.9654	0.9677	0.9653	0.9693	1.3577	0.9655	0.9649	0.9656	0.9652	0.9655	0.955	0.9654	0.9638	1.0289	0.9655	0.9656	0.9652	0.9662	0.9654	0.9655	0.9617	1.1968	0.9654	0.9655	0.9655	0.9655	1.1917	0.9614	0.9589	1.7585	0	0.9655	0.9656	0.9655	0.9655	0.9651	0.9654	0.9656	0.9655	0.9598	0.9654	0.9653	0.9653	0.9616	0.9619	1.0298	0.9653	0.9654	0.967	0.9586	0.9656	0.9654	0.9655	0.9636	0.9654	1.6514	1.0978	0.9651
  g	0.9659	0.9655	1.092	0.966	0.967	0.9649	0.9633	0.9658	0.9469	0.9658	0.9697	0.9454	0.9659	0.9652	0.966	0.9655	0.9659	0.9545	0.9658	0.9653	0.9597	0.9662	0.966	0.9656	0.9667	0.9659	0.9659	0.9614	0.9629	0.9658	0.966	0.966	0.966	0.9655	0.9617	0.9589	0.9586	0.9655	0	0.966	0.966	0.966	0.9656	0.9659	0.966	0.966	0.9587	0.9658	0.9662	0.9657	0.9624	0.9623	0.966	0.9657	0.9658	0.9675	0.9588	0.966	0.9659	0.966	0.9633	0.9658	1.6789	0.954	0.9656
  h	0.966	0.9656	0.9642	0.9662	0.9665	0.9647	0.9619	0.966	0.939	0.9659	1.4504	0.9382	0.9661	0.9652	0.9662	0.9655	0.9661	0.9522	0.9659	0.9638	0.9581	0.9661	0.9662	0.9656	0.9666	0.966	0.966	0.9606	0.9619	0.9659	0.9662	0.9662	0.9662	0.9655	0.961	0.9574	0.9532	0.9656	0.966	0	0.9661	0.9662	0.9656	0.966	0.9662	0.9662	0.9572	0.9659	0.9657	0.9658	0.9602	0.9617	0.9662	0.9658	0.9659	0.9676	0.9574	0.9662	0.966	0.9662	0.9627	0.966	0.8912	0.9516	0.9656
  i	0.966	0.9655	0.9644	0.9661	0.9666	0.9647	0.9619	0.9659	0.9392	0.9658	0.969	0.9385	0.9661	0.9652	0.9661	0.9655	0.966	0.9524	0.9659	0.9638	0.9583	0.9661	0.9661	0.9656	0.9664	0.966	0.966	0.9606	0.9621	0.9659	0.9661	0.9661	0.9661	0.9655	0.961	0.9576	1.4273	0.9655	0.966	0.9661	0	0.9661	0.9655	0.966	0.9661	0.9661	0.9577	0.9659	0.9657	0.9658	0.9601	0.9617	0.9661	0.9658	0.9658	0.9673	0.9575	0.9661	0.9659	0.9661	0.9628	0.9659	0.892	0.9518	0.9656
  j	0.966	0.9655	0.9642	0.9661	0.9665	0.9908	0.9619	0.9659	0.9387	0.9658	0.969	0.9385	0.9661	0.9651	0.9661	0.9655	0.966	0.9523	0.9659	0.9638	0.9581	0.9661	0.9661	0.9656	0.9664	0.966	0.966	0.9606	0.962	0.9659	0.9661	0.9661	0.9661	0.9655	0.961	1.4196	0.9534	0.9655	0.966	0.9662	0.9661	0	0.9655	0.966	0.9661	0.9661	0.958	0.9659	0.9657	0.9658	0.9645	0.9617	0.9661	0.9658	0.9659	0.9673	0.9575	0.9662	0.966	0.9661	0.9627	0.9659	0.891	0.9517	0.9656
  k	0.9655	0.9651	0.9661	0.9655	0.9662	0.9645	1.0281	0.9654	1.1743	0.9653	0.9691	0.9441	0.9655	0.9648	0.9656	0.9651	0.9655	0.955	0.9654	1.3039	0.9594	0.9657	0.9656	0.9652	0.966	0.9654	0.9655	0.9613	0.9627	0.9654	0.9655	0.9656	0.9656	0.9651	1.039	0.9589	1.1688	0.9651	0.9656	0.9656	0.9655	0.9655	0	0.9655	0.9656	0.9656	0.9589	0.9654	1.0576	0.9653	0.9614	0.9621	0.9656	0.9653	0.9654	0.9668	0.9589	0.9656	0.9654	0.9656	0.963	0.9655	1.9734	0.9544	0.9652
  l	0.9659	0.9655	0.9644	0.966	0.9664	0.9647	0.9621	0.9658	0.9405	0.9657	0.9689	0.9895	0.9659	0.9651	0.966	0.9654	0.9659	0.9531	0.9658	0.9638	0.9785	0.966	0.966	0.9655	0.9663	0.9658	0.9659	0.9608	0.9622	0.9658	0.966	0.966	0.966	0.9654	0.9612	0.9579	1.1133	0.9654	0.9659	0.966	0.966	0.966	0.9655	0	0.966	0.966	0.9578	0.9658	0.9656	0.9657	0.9604	0.9618	0.966	0.9657	0.9658	0.9672	0.964	0.966	0.9658	0.966	0.9629	0.9658	1.1192	0.9525	0.9655
  m	0.966	0.9656	0.9642	0.9922	0.9665	0.9647	0.9619	0.966	0.9386	0.9659	0.969	0.9856	0.9661	0.9652	0.9661	0.9658	0.966	0.9524	0.9659	0.9638	0.9584	0.9661	0.9662	0.9656	0.9664	0.966	0.966	1.0083	0.962	0.966	0.9661	0.9662	0.9662	0.9655	0.961	0.9575	0.9534	0.9656	0.966	0.9662	0.9661	0.9661	0.9656	0.966	0	0.9662	0.9573	0.966	0.9657	0.9658	0.96	0.9618	0.9662	0.9658	1.21	0.9674	0.9575	0.9663	0.966	0.9662	1.4449	0.9659	0.8913	0.9518	0.9656
  n	0.966	0.9656	0.9642	0.9661	0.9665	0.9647	0.9619	0.966	0.9383	0.9659	0.969	0.9379	0.9661	0.9652	0.9661	1.4471	0.966	0.9521	0.9659	0.9638	0.9581	0.9661	0.9662	0.9656	0.9664	0.966	0.966	0.9605	0.9619	0.9659	0.9661	0.9662	0.9662	0.9655	0.9609	0.9573	0.9531	0.9655	0.966	0.9662	0.9661	0.9661	0.9656	0.966	0.9662	0	0.9572	0.9659	0.9657	0.9658	0.9598	0.9616	0.9662	0.9658	0.9659	0.9673	0.9574	0.9662	0.966	0.9662	0.9628	0.9659	0.8903	0.9515	0.9656
  o	0.9579	0.9585	1.3948	0.9576	2.8901	1.9196	0.96	0.9576	1.109	0.958	0.9685	7.1457	1.057	1.4302	1.5704	0.96	0.958	1.0017	0.958	0.9615	1.4461	0.9579	1.1859	1.9244	0.9627	1.2453	0.9578	0.9594	1.4406	1.4413	0.9575	0.9572	1.3771	0.9596	0.9582	10.4209	8.764	0.9598	0.9587	0.9572	0.9577	0.958	0.9589	0.9578	0.9573	0.9572	0	0.9578	1.1585	0.9586	1.7891	0.9563	0.9574	0.9578	0.9586	1.9621	0.9571	0.9572	0.9628	0.9572	0.9621	0.958	4.3518	1.017	0.9575
  p	0.9658	0.9654	0.9643	0.9659	0.9662	0.9646	0.9621	0.9657	0.9407	0.9656	0.9689	0.9402	0.9658	0.965	0.9659	0.9654	0.9658	0.9531	0.9657	0.9638	0.9586	0.9659	0.9659	0.9654	0.9661	0.9658	1.3186	0.9608	0.9621	0.9657	0.9659	0.9659	0.9659	0.9653	0.9612	0.9578	0.9543	0.9654	0.9658	0.9659	0.9659	0.9659	0.9654	0.9658	0.966	0.9659	0.9578	0	0.9655	0.9656	0.9604	0.9618	0.9659	2.4158	0.9657	0.9671	0.9579	0.966	0.9657	0.9659	1.4425	0.9657	1.1876	0.9526	0.9654
  q	0.9657	0.9653	1.4321	0.9657	0.9668	0.9649	1.3384	0.9655	0.9517	0.9655	0.9699	1.4182	0.9657	0.9651	0.9657	0.9654	0.9656	0.9565	0.9655	1.0902	0.9612	1.156	0.9657	0.9654	0.9666	0.9656	0.9656	0.962	0.9635	0.9656	0.9657	0.9657	0.9657	0.9653	0.9974	0.9602	1.0039	0.9653	0.9662	0.9657	0.9657	0.9657	1.0576	0.9656	0.9657	0.9657	1.1585	0.9655	0	0.9655	0.964	0.9627	0.9657	0.9655	0.9655	0.9673	0.96	0.9657	0.9656	0.9657	0.9636	0.9656	2.7988	0.956	0.9653
  r	0.9657	0.9653	1.0065	0.9658	0.9662	0.9647	0.9624	0.9656	0.9458	0.9656	0.9691	0.9432	0.9657	0.965	0.9658	0.9986	0.9657	0.9545	0.9656	0.9639	0.9598	0.9658	0.9658	0.9654	0.9661	0.9657	0.9657	0.9613	0.9625	0.9656	0.9658	0.9658	0.9658	1.3735	0.9616	0.9587	0.99	0.9653	0.9657	0.9658	0.9658	0.9658	0.9653	0.9657	0.9658	0.9658	0.9586	0.9656	0.9655	0	0.9612	0.9622	0.9658	0.9655	0.9656	0.9671	0.9588	0.9658	0.9657	0.9658	0.963	0.9656	1.8849	0.954	1.4553
  s	0.9608	0.9609	1.0281	0.9605	1.2347	0.967	0.9641	0.9619	1.5614	0.9606	1.0938	8.867	0.9604	0.9607	0.9601	0.9625	0.9604	1.7862	0.9605	0.965	0.9669	0.9621	0.9601	0.9609	1.1165	0.96	0.9604	0.9624	1.7782	1.0459	0.9602	0.9599	0.9599	0.962	1.4677	2.4662	1.4061	0.9616	0.9624	0.9602	0.9601	0.9645	0.9614	0.9604	0.96	0.9598	1.7891	0.9604	0.964	0.9612	0	0.9632	0.96	0.9606	0.9612	3.1286	1.1249	0.9599	0.9603	0.9599	0.9645	0.9605	12.0833	1.2835	0.9606
  t	0.9618	0.9619	0.9628	0.9621	0.9623	1.4432	0.9602	0.9617	0.9417	0.9619	0.9669	0.9399	0.9617	0.9628	0.9617	0.9624	0.9617	7.2883	0.9619	0.9622	0.9592	0.965	0.9617	0.9617	0.9622	0.9616	0.9619	1.4651	0.9605	0.962	0.9618	0.9617	0.9617	0.9623	0.9586	0.9554	0.9578	0.9619	0.9623	0.9617	0.9617	0.9617	0.9621	0.9618	0.9618	0.9616	0.9563	0.9618	0.9627	0.9622	0.9632	0	0.9617	0.9617	0.9624	0.9644	0.9562	0.9617	0.9616	0.9617	1.4404	0.9619	1.3369	0.9506	0.9613
  u	0.966	0.9656	0.9642	0.9661	0.9665	0.9648	0.9619	0.966	0.9388	0.9659	0.969	0.9389	0.9661	0.9652	0.9662	0.9655	0.9661	0.9523	0.9659	0.9638	0.991	0.9661	0.9662	0.9656	0.9664	0.966	0.966	0.9606	0.962	0.9659	0.9662	0.9662	0.9662	1.091	0.961	0.9575	1.0923	1.0298	0.966	0.9662	0.9661	0.9661	0.9656	0.966	0.9662	0.9662	0.9574	0.9659	0.9657	0.9658	0.96	0.9617	0	0.9658	0.9659	0.9673	0.9575	0.9662	0.966	0.9662	0.9628	0.966	0.8941	1.1804	0.9656
  v	0.9657	0.9653	0.9648	0.9658	0.9665	0.9646	0.9622	0.9656	0.9412	0.9656	0.9694	0.9402	0.9658	0.965	0.9658	0.9653	0.9657	0.9531	0.9656	0.9637	0.9587	0.9658	0.9659	0.9654	0.9663	0.9657	0.9666	0.9607	0.9623	0.9657	0.9658	0.9658	0.9658	0.9653	0.9611	0.958	1.904	0.9653	0.9657	0.9658	0.9658	0.9658	0.9653	0.9657	0.9658	0.9658	0.9578	2.4158	0.9655	0.9655	0.9606	0.9617	0.9658	0	0.9656	0.9672	0.9579	0.9659	0.9657	0.9658	0.9645	0.9657	1.3328	0.9525	0.9653
  w	0.9662	0.9654	0.9645	1.1187	0.9662	0.9648	0.9628	0.9657	0.9435	0.9656	0.969	1.2249	0.9658	0.9651	0.9659	1.2557	0.9658	1.1004	0.9657	0.9639	0.9595	0.9659	0.9659	0.9654	0.9662	0.9658	0.9658	1.5538	0.9638	0.9658	0.9659	0.9659	0.9659	0.9653	0.9616	0.9588	0.9559	0.9654	0.9658	0.9659	0.9658	0.9659	0.9654	0.9658	1.21	0.9659	0.9586	0.9657	0.9655	0.9656	0.9612	0.9624	0.9659	0.9656	0	0.9671	0.9588	0.966	0.9657	0.9659	1.1404	0.9665	1.6775	0.9541	0.9655
  x	0.9673	0.9668	0.9679	0.9673	0.9731	0.9671	0.965	0.9672	0.9596	0.967	1.029	4.5631	0.9674	0.9667	0.9674	0.9673	0.9673	0.959	0.9671	0.966	1.4427	0.9675	0.9674	0.9671	0.9698	0.9672	0.9672	0.9642	1.5958	0.9745	0.9673	0.9673	0.9673	0.9668	0.9641	2.2882	1.1086	0.967	0.9675	0.9676	0.9673	0.9673	0.9668	0.9672	0.9674	0.9673	1.9621	0.9671	0.9673	0.9671	3.1286	0.9644	0.9673	0.9672	0.9671	0	0.9621	0.9673	0.9673	0.9673	0.9661	0.9671	2.313	0.9838	0.9672
  y	0.9579	0.9586	0.9833	0.9579	0.9587	0.958	0.959	0.9577	0.957	0.9581	0.9652	1.6734	0.9577	0.958	0.9576	0.9595	0.9576	1.0292	0.9582	0.961	0.9774	0.958	0.9576	0.9581	0.9588	0.9574	0.958	0.9611	0.9614	0.9585	0.9576	0.9574	0.9575	0.9595	0.9568	1.9001	1.6204	0.9586	0.9588	0.9574	0.9575	0.9575	0.9589	0.964	0.9575	0.9574	0.9571	0.9579	0.96	0.9588	1.1249	0.9562	0.9575	0.9579	0.9588	0.9621	0	0.9575	0.9576	0.9574	1.4306	0.9581	2.1321	0.9509	0.9573
  z	0.966	0.9656	0.9642	0.9662	0.9665	0.9648	0.9619	0.966	0.9384	0.9659	0.969	0.9381	0.9661	0.9652	0.9662	1.2084	0.9661	0.9522	0.966	0.9638	0.9582	0.9662	0.9662	0.9657	0.9664	0.966	0.9661	0.9606	0.9619	0.966	0.9662	0.9662	0.9662	0.9655	0.961	0.9574	0.9532	0.9656	0.966	0.9662	0.9661	0.9662	0.9656	0.966	0.9663	0.9662	0.9572	0.966	0.9657	0.9658	0.9599	0.9617	0.9662	0.9659	0.966	0.9673	0.9575	0	0.966	0.9662	1.3085	0.966	0.8906	0.9516	0.9656
  {	0.9658	0.9654	0.9647	0.966	0.9667	0.9648	0.9619	0.9658	0.9406	0.9657	0.9691	0.9491	0.9661	0.9651	0.966	0.9654	0.9659	0.9526	0.9658	0.9638	0.9586	0.966	0.966	0.9671	0.9664	0.9658	0.9658	0.9606	0.9668	0.9658	0.966	0.966	0.966	0.9654	0.961	1.0094	1.8307	0.9654	0.9659	0.966	0.9659	0.966	0.9654	0.9658	0.966	0.966	0.9628	0.9657	0.9656	0.9657	0.9603	0.9616	0.966	0.9657	0.9657	0.9673	0.9576	0.966	0	0.966	0.9628	0.9658	0.8962	0.9521	0.9655
  |	0.966	0.9656	0.9642	0.9661	0.9665	0.9647	1.4421	0.966	0.9384	0.9659	0.969	0.938	0.9661	0.9652	0.9661	0.9655	0.966	0.9521	0.9659	0.9638	0.9581	0.9661	0.9662	0.9656	0.9664	0.966	0.966	0.9605	0.9619	0.9659	0.9661	0.9662	0.9662	0.9655	0.9609	0.9573	0.9531	0.9655	0.966	0.9662	0.9661	0.9661	0.9656	0.966	0.9662	0.9662	0.9572	0.9659	0.9657	0.9658	0.9599	0.9617	0.9662	0.9658	0.9659	0.9673	0.9574	0.9662	0.966	0	0.9627	0.966	0.8907	0.9516	0.9656
  }	0.963	0.9628	0.9657	0.9746	0.9641	0.9632	1.0168	0.9629	0.9624	0.9628	1.2309	2.084	0.9629	0.9628	0.9628	3.0451	0.9629	1.7467	0.9628	0.9632	1.1199	0.9631	0.9628	0.9629	0.9642	0.9627	0.9629	1.6567	1.4445	1.346	0.9628	0.9627	0.9627	0.9636	0.961	0.9613	2.5034	0.9636	0.9633	0.9627	0.9628	0.9627	0.963	0.9629	1.4449	0.9628	0.9621	1.4425	0.9636	0.963	0.9645	1.4404	0.9628	0.9645	1.1404	0.9661	1.4306	1.3085	0.9628	0.9627	0	0.9629	4.8259	0.9595	0.9627
  ~	0.9659	0.9654	0.9644	0.9659	0.9663	0.9647	1.1218	0.9658	0.9411	0.9657	0.9689	0.9405	0.9659	0.965	0.9659	0.9654	0.9658	0.9534	0.9657	0.9639	0.9587	0.9659	0.9659	0.9655	0.9662	0.9658	0.9658	0.9609	0.9624	0.9657	0.9659	0.9659	0.9659	0.9654	0.9613	0.958	0.9544	0.9654	0.9658	0.966	0.9659	0.9659	0.9655	0.9658	0.9659	0.9659	0.958	0.9657	0.9656	0.9656	0.9605	0.9619	0.966	0.9657	0.9665	0.9671	0.9581	0.966	0.9658	0.966	0.9629	0	1.2797	0.9528	0.9654
  	1.1069	1.785	8.221	0.8933	0.9312	1.3411	6.3486	0.8953	72.6109	1.334	4.4867	17.2743	0.8938	1.3413	0.8917	2.1639	0.8938	2.327	1.3348	7.8669	6.9904	1.1541	0.8922	1.3393	0.9483	0.8914	1.1878	1.3603	6.9763	1.0544	0.9477	0.8907	0.891	2.6526	3.007	0.9746	15.4795	1.6514	1.6789	0.8912	0.892	0.891	1.9734	1.1192	0.8913	0.8903	4.3518	1.1876	2.7988	1.8849	12.0833	1.3369	0.8941	1.3328	1.6775	2.313	2.1321	0.8906	0.8962	0.8907	4.8259	1.2797	0	1.5885	0.9567
  	0.9525	0.9539	1.1503	0.9521	1.11	0.9531	0.9568	1.9053	1.9123	0.9529	0.9644	12.9393	0.952	0.9533	0.9518	0.956	0.952	0.9508	0.953	0.9589	2.3198	0.9523	0.9519	1.189	0.9603	0.9517	0.9525	0.9514	2.024	0.9546	1.1232	0.9516	0.9517	1.6305	0.9542	1.4993	2.8282	1.0978	0.954	0.9516	0.9518	0.9517	0.9544	0.9525	0.9518	0.9515	1.017	0.9526	0.956	0.954	1.2835	0.9506	1.1804	0.9525	0.9541	0.9838	0.9509	0.9516	0.9521	0.9516	0.9595	0.9528	1.5885	0	0.9518
  	0.9655	0.9651	0.9646	0.9656	0.9663	0.9644	0.9618	0.9654	0.9402	0.9654	1.3693	0.9394	0.9656	0.9648	0.9656	0.9652	0.9655	0.9525	0.9654	0.9636	0.9584	0.9656	0.9657	0.9652	0.9662	0.9654	0.9655	1.0117	0.9621	0.9655	0.9656	0.9656	0.9656	0.9652	0.9608	0.9575	1.9023	0.9651	0.9656	0.9656	0.9656	0.9656	0.9652	0.9655	0.9656	0.9656	0.9575	0.9654	0.9653	1.4553	0.9606	0.9613	0.9656	0.9653	0.9655	0.9672	0.9573	0.9656	0.9655	0.9656	0.9627	0.9654	0.9567	0.9518	0

Actual rates from j->i (Q_ij):
	A	B	C	D	E	F	G	H	I	J	K	L	M	N	O	P	Q	R	S	T	U	V	W	X	Y	Z	[	\	]	^	_	`	a	b	c	d	e	f	g	h	i	j	k	l	m	n	o	p	q	r	s	t	u	v	w	x	y	z	{	|	}	~			
  A	0	0.018	0.018	0.018	0.018	0.018	0.0179	0.018	0.0175	0.018	0.018	0.0175	0.018	0.018	0.018	0.018	0.018	0.0177	0.018	0.0179	0.0178	0.018	0.018	0.018	0.018	0.018	0.018	0.0179	0.0228	0.018	0.018	0.018	0.018	0.018	0.0179	0.0178	0.0178	0.018	0.018	0.018	0.018	0.018	0.018	0.018	0.018	0.018	0.0178	0.018	0.018	0.018	0.0179	0.0179	0.018	0.018	0.018	0.018	0.0178	0.018	0.018	0.018	0.0179	0.018	0.0206	0.0177	0.018
  B	0.0154	0	0.0154	0.0154	0.0154	0.0154	0.0154	0.0154	0.0151	0.0154	0.0155	0.015	0.0154	0.0154	0.0154	0.0154	0.0154	0.0152	0.0154	0.0154	0.0153	0.0154	0.0154	0.0154	0.0154	0.0154	0.0154	0.0153	0.0154	0.0154	0.0154	0.0154	0.0154	0.0154	0.0153	0.0153	0.0152	0.0154	0.0154	0.0154	0.0154	0.0154	0.0154	0.0154	0.0154	0.0154	0.0153	0.0154	0.0154	0.0154	0.0153	0.0153	0.0154	0.0154	0.0154	0.0154	0.0153	0.0154	0.0154	0.0154	0.0154	0.0154	0.0285	0.0152	0.0154
  C	0.0076	0.0076	0	0.0076	0.0089	0.0076	0.0078	0.0076	0.0099	0.0076	0.0089	0.015	0.0076	0.0076	0.0076	0.0084	0.0076	0.0076	0.0076	0.0078	0.0117	0.0079	0.0076	0.0076	0.0076	0.0076	0.0076	0.0076	0.0122	0.0076	0.0078	0.0076	0.0076	0.0087	0.0076	0.0135	0.0263	0.0076	0.0086	0.0076	0.0076	0.0076	0.0076	0.0076	0.0076	0.0076	0.011	0.0076	0.0113	0.0079	0.0081	0.0076	0.0076	0.0076	0.0076	0.0076	0.0077	0.0076	0.0076	0.0076	0.0076	0.0076	0.0647	0.0091	0.0076
  D	0.0186	0.0186	0.0186	0	0.0186	0.0186	0.0186	0.0186	0.0181	0.0186	0.0187	0.021	0.0186	0.0186	0.0186	0.0186	0.0186	0.0645	0.0186	0.0186	0.0185	0.0186	0.0186	0.0186	0.0186	0.0186	0.0186	0.0261	0.0186	0.0186	0.0186	0.0186	0.0186	0.0186	0.0185	0.0185	0.0184	0.0186	0.0186	0.0186	0.0186	0.0186	0.0186	0.0186	0.0191	0.0186	0.0185	0.0186	0.0186	0.0186	0.0185	0.0186	0.0186	0.0186	0.0216	0.0187	0.0185	0.0186	0.0186	0.0186	0.0188	0.0186	0.0172	0.0184	0.0186
  E	0.0179	0.0179	0.021	0.0179	0	0.0179	0.0178	0.0179	0.0176	0.0179	0.0179	0.0377	0.0179	0.0178	0.0179	0.0179	0.0179	0.0176	0.0179	0.0178	0.0178	0.0179	0.0179	0.0179	0.0179	0.0179	0.0179	0.0178	0.0197	0.0179	0.0179	0.0179	0.0179	0.0179	0.0178	0.0355	0.0221	0.0179	0.0179	0.0179	0.0179	0.0179	0.0179	0.0179	0.0179	0.0179	0.0534	0.0179	0.0179	0.0179	0.0228	0.0178	0.0179	0.0179	0.0179	0.018	0.0177	0.0179	0.0179	0.0179	0.0178	0.0179	0.0172	0.0205	0.0179
  F	0.0168	0.0168	0.0169	0.0168	0.0169	0	0.0168	0.0168	0.0165	0.0168	0.0169	0.0165	0.0168	0.0173	0.0169	0.0252	0.0168	0.0751	0.0168	0.0168	0.0174	0.0312	0.0169	0.0168	0.0169	0.0168	0.0168	0.0259	0.0168	0.0168	0.0168	0.0168	0.0185	0.0168	0.0168	0.0337	0.0766	0.0168	0.0168	0.0168	0.0168	0.0173	0.0168	0.0168	0.0168	0.0168	0.0335	0.0168	0.0168	0.0168	0.0169	0.0252	0.0168	0.0168	0.0168	0.0169	0.0167	0.0168	0.0168	0.0168	0.0168	0.0168	0.0234	0.0166	0.0168
  G	0.0087	0.0087	0.0089	0.0087	0.0087	0.0087	0	0.0087	0.0086	0.0087	0.0101	0.0086	0.0087	0.0087	0.0087	0.0087	0.0087	0.0086	0.0087	0.0088	0.0087	0.0094	0.0087	0.0087	0.0087	0.0087	0.0087	0.0087	0.0087	0.009	0.0087	0.0087	0.0087	0.0087	0.0088	0.0087	0.009	0.0087	0.0087	0.0087	0.0087	0.0087	0.0093	0.0087	0.0087	0.0087	0.0087	0.0087	0.0121	0.0087	0.0087	0.0087	0.0087	0.0087	0.0087	0.0087	0.0087	0.0087	0.0087	0.013	0.0092	0.0101	0.0573	0.0086	0.0087
  H	0.0181	0.0181	0.0181	0.0181	0.0181	0.0181	0.018	0	0.0176	0.0181	0.0181	0.0301	0.0181	0.0181	0.0181	0.0181	0.0181	0.0178	0.0181	0.018	0.0179	0.0181	0.0181	0.0181	0.0181	0.0181	0.0181	0.018	0.0231	0.0181	0.0181	0.0181	0.0181	0.0181	0.018	0.0179	0.0179	0.0181	0.0181	0.0181	0.0181	0.0181	0.0181	0.0181	0.0181	0.0181	0.0179	0.0181	0.0181	0.0181	0.018	0.018	0.0181	0.0181	0.0181	0.0181	0.0179	0.0181	0.0181	0.0181	0.018	0.0181	0.0168	0.0357	0.0181
  I	0.0017	0.0017	0.0023	0.0017	0.0017	0.0017	0.0017	0.0017	0	0.0017	0.0025	0.0042	0.0017	0.0017	0.0017	0.0025	0.0017	0.0018	0.0017	0.0026	0.0018	0.0017	0.0017	0.0017	0.0018	0.0017	0.0017	0.0017	0.0026	0.0017	0.0017	0.0017	0.0017	0.0017	0.0052	0.0018	0.0025	0.0018	0.0017	0.0017	0.0017	0.0017	0.0021	0.0017	0.0017	0.0017	0.002	0.0017	0.0017	0.0017	0.0028	0.0017	0.0017	0.0017	0.0017	0.0017	0.0017	0.0017	0.0017	0.0017	0.0018	0.0017	0.1323	0.0035	0.0017
  J	0.017	0.017	0.0169	0.017	0.017	0.0169	0.0169	0.017	0.0165	0	0.017	0.0165	0.017	0.0169	0.017	0.017	0.017	0.0167	0.017	0.0169	0.0168	0.017	0.017	0.017	0.017	0.017	0.017	0.0169	0.0169	0.017	0.017	0.017	0.017	0.017	0.0169	0.0168	0.0168	0.017	0.017	0.017	0.017	0.017	0.017	0.017	0.017	0.017	0.0168	0.017	0.017	0.017	0.0169	0.0169	0.017	0.017	0.017	0.017	0.0168	0.017	0.017	0.017	0.0169	0.017	0.0234	0.0167	0.017
  K	0.0104	0.0104	0.0121	0.0104	0.0104	0.0104	0.012	0.0104	0.015	0.0104	0	0.0106	0.0104	0.0104	0.0104	0.0104	0.0104	0.0103	0.0104	0.0104	0.0104	0.0104	0.0104	0.0104	0.0107	0.0104	0.0104	0.0147	0.0104	0.0104	0.0104	0.0104	0.0104	0.0104	0.0104	0.0104	0.0123	0.0104	0.0104	0.0156	0.0104	0.0104	0.0104	0.0104	0.0104	0.0104	0.0104	0.0104	0.0104	0.0104	0.0117	0.0104	0.0104	0.0104	0.0104	0.0111	0.0104	0.0104	0.0104	0.0104	0.0132	0.0104	0.0482	0.0104	0.0147
  L	0.0057	0.0057	0.0116	0.0066	0.0124	0.0057	0.0058	0.0098	0.0139	0.0057	0.006	0	0.0057	0.0057	0.0057	0.0104	0.0057	0.0084	0.0057	0.0075	0.075	0.0057	0.0057	0.007	0.0098	0.0062	0.0057	0.0096	0.0291	0.0154	0.0057	0.0057	0.0057	0.006	0.0058	0.0422	0.0336	0.0082	0.0057	0.0057	0.0057	0.0057	0.0057	0.006	0.006	0.0057	0.0434	0.0057	0.0086	0.0057	0.0538	0.0057	0.0057	0.0057	0.0074	0.0277	0.0102	0.0057	0.0058	0.0057	0.0126	0.0057	0.1048	0.0785	0.0057
  M	0.0186	0.0186	0.0186	0.0186	0.0186	0.0186	0.0185	0.0186	0.0181	0.0186	0.0186	0.0181	0	0.0186	0.0186	0.0186	0.0186	0.0183	0.0186	0.0185	0.0184	0.0186	0.0186	0.0186	0.0186	0.0186	0.0186	0.0185	0.0185	0.0186	0.0186	0.0186	0.0186	0.0186	0.0185	0.0184	0.044	0.0186	0.0186	0.0186	0.0186	0.0186	0.0186	0.0186	0.0186	0.0186	0.0203	0.0186	0.0186	0.0186	0.0185	0.0185	0.0186	0.0186	0.0186	0.0186	0.0184	0.0186	0.0186	0.0186	0.0185	0.0186	0.0172	0.0183	0.0186
  N	0.0166	0.0165	0.0165	0.0166	0.0166	0.0169	0.0165	0.0166	0.0162	0.0166	0.0166	0.0162	0.0166	0	0.0166	0.0166	0.0166	0.0266	0.0166	0.0165	0.0199	0.0166	0.0166	0.0165	0.0166	0.0166	0.0166	0.0165	0.0165	0.0166	0.0166	0.0166	0.0166	0.0166	0.0165	0.0164	0.0191	0.0166	0.0166	0.0166	0.0166	0.0166	0.0165	0.0166	0.0166	0.0166	0.0245	0.0166	0.0166	0.0166	0.0165	0.0165	0.0166	0.0166	0.0166	0.0166	0.0164	0.0166	0.0166	0.0166	0.0165	0.0166	0.023	0.0164	0.0165
  O	0.019	0.0189	0.0189	0.019	0.019	0.0189	0.0189	0.019	0.0184	0.019	0.019	0.0184	0.019	0.0189	0	0.0189	0.019	0.0187	0.019	0.0189	0.0188	0.019	0.019	0.019	0.019	0.019	0.019	0.0189	0.0191	0.019	0.019	0.019	0.019	0.0189	0.0189	0.0231	0.0222	0.0189	0.019	0.019	0.019	0.019	0.0189	0.019	0.019	0.019	0.0308	0.019	0.019	0.019	0.0188	0.0189	0.019	0.019	0.019	0.019	0.0188	0.019	0.019	0.019	0.0189	0.019	0.0175	0.0187	0.0189
  P	0.0144	0.0144	0.0159	0.0144	0.0144	0.0215	0.0144	0.0144	0.0205	0.0144	0.0145	0.0256	0.0144	0.0144	0.0144	0	0.0144	0.0357	0.0144	0.0144	0.0164	0.0144	0.0144	0.0144	0.0144	0.0144	0.0144	0.0144	0.0144	0.0144	0.0144	0.0144	0.0144	0.0156	0.0144	0.0143	0.0152	0.0144	0.0144	0.0144	0.0144	0.0144	0.0144	0.0144	0.0144	0.0216	0.0143	0.0144	0.0144	0.0149	0.0144	0.0144	0.0144	0.0144	0.0187	0.0144	0.0143	0.018	0.0144	0.0144	0.0455	0.0144	0.0323	0.0143	0.0144
  Q	0.0185	0.0185	0.0185	0.0185	0.0186	0.0185	0.0185	0.0185	0.0181	0.0185	0.0186	0.018	0.0185	0.0185	0.0185	0.0185	0	0.0183	0.0185	0.0185	0.0184	0.0185	0.0185	0.0185	0.0186	0.0185	0.0185	0.0184	0.0185	0.0185	0.0185	0.0185	0.0185	0.0185	0.0185	0.0184	0.0456	0.0185	0.0185	0.0185	0.0185	0.0185	0.0185	0.0185	0.0185	0.0185	0.0184	0.0185	0.0185	0.0185	0.0184	0.0185	0.0185	0.0185	0.0185	0.0186	0.0184	0.0185	0.0185	0.0185	0.0185	0.0185	0.0172	0.0183	0.0185
  R	0.0116	0.0116	0.0117	0.0406	0.0116	0.0522	0.0116	0.0116	0.0118	0.0116	0.0117	0.0168	0.0116	0.0188	0.0116	0.0291	0.0116	0	0.0116	0.0116	0.0133	0.0213	0.0116	0.0116	0.0116	0.0116	0.0116	0.0527	0.0116	0.0116	0.0116	0.0116	0.0116	0.0116	0.0116	0.0116	0.0757	0.0116	0.0116	0.0116	0.0116	0.0116	0.0116	0.0116	0.0116	0.0116	0.0122	0.0116	0.0116	0.0116	0.0217	0.0885	0.0116	0.0116	0.0134	0.0116	0.0125	0.0116	0.0116	0.0116	0.0212	0.0116	0.0282	0.0115	0.0116
  S	0.017	0.0169	0.0169	0.017	0.017	0.0169	0.0169	0.017	0.0165	0.017	0.017	0.0165	0.017	0.0169	0.017	0.0169	0.017	0.0167	0	0.0169	0.0168	0.017	0.017	0.0169	0.017	0.017	0.017	0.0169	0.0169	0.017	0.017	0.017	0.017	0.0169	0.0169	0.0168	0.0168	0.0169	0.017	0.017	0.017	0.017	0.0169	0.017	0.017	0.017	0.0168	0.017	0.017	0.017	0.0169	0.0169	0.017	0.017	0.017	0.017	0.0168	0.017	0.017	0.017	0.0169	0.017	0.0234	0.0167	0.0169
  T	0.0072	0.0072	0.0074	0.0072	0.0072	0.0072	0.0073	0.0072	0.0107	0.0072	0.0073	0.0092	0.0072	0.0072	0.0072	0.0072	0.0072	0.0072	0.0072	0	0.0072	0.0072	0.0072	0.0072	0.0072	0.0072	0.0072	0.0072	0.0072	0.0072	0.0072	0.0072	0.0072	0.0072	0.0076	0.0072	0.0073	0.0072	0.0072	0.0072	0.0072	0.0072	0.0098	0.0072	0.0072	0.0072	0.0072	0.0072	0.0082	0.0072	0.0072	0.0072	0.0072	0.0072	0.0072	0.0072	0.0072	0.0072	0.0072	0.0072	0.0072	0.0072	0.0589	0.0072	0.0072
