Map from character to field name
A:	Algeria
B:	Argentina
C:	Australia
D:	Austria
E:	Bangladesh
F:	Belgium
G:	Brazil
H:	Cambodia
I:	Canada
J:	Chad
K:	Chile
L:	China
M:	Czech Republic
N:	Denmark
O:	Egypt
P:	France
Q:	Georgia
R:	Germany
S:	Guam
T:	Guatemala
U:	Hong Kong
V:	Hungary
W:	Iceland
X:	India
Y:	Indonesia
Z:	Iran
[:	Ireland
\:	Italy
]:	Japan
^:	Kazakhstan
_:	Kuwait
`:	Laos
a:	Luxembourg
b:	Malaysia
c:	Mexico
d:	Mongolia
e:	Netherlands
f:	New Zealand
g:	Nicaragua
h:	Nigeria
i:	Norway
j:	Pakistan
k:	Peru
l:	Philippines
m:	Poland
n:	Romania
o:	Russia
p:	Saudi Arabia
q:	Singapore
r:	South Africa
s:	South Korea
t:	Spain
u:	Sri Lanka
v:	Sweden
w:	Switzerland
x:	Taiwan
y:	Thailand
z:	Turkey
{:	Ukraine
|:	United Arab Emirates
}:	United Kingdom
~:	Uruguay
:	Usa
:	Vietnam
:	Zambia
:	?


Substitution rate (mu): 23.25236

Equilibrium frequencies (pi_i):
  A: 0.0181
  B: 0.0159
  C: 0.0101
  D: 0.0178
  E: 0.0174
  F: 0.0163
  G: 0.0086
  H: 0.0183
  I: 0.0018
  J: 0.0194
  K: 0.0096
  L: 0.008
  M: 0.0195
  N: 0.0186
  O: 0.0173
  P: 0.0173
  Q: 0.0197
  R: 0.0121
  S: 0.0173
  T: 0.0072
  U: 0.0057
  V: 0.0191
  W: 0.0192
  X: 0.0189
  Y: 0.019
  Z: 0.0193
  [: 0.0172
  \: 0.0153
  ]: 0.0095
  ^: 0.0162
  _: 0.0182
  `: 0.0196
  a: 0.0195
  b: 0.0169
  c: 0.0114
  d: 0.0097
  e: 0.0042
  f: 0.019
  g: 0.0197
  h: 0.0172
  i: 0.0193
  j: 0.0194
  k: 0.0174
  l: 0.0193
  m: 0.0197
  n: 0.0193
  o: 0.0095
  p: 0.0153
  q: 0.018
  r: 0.0158
  s: 0.0065
  t: 0.0174
  u: 0.0194
  v: 0.0178
  w: 0.0151
  x: 0.014
  y: 0.0108
  z: 0.0197
  {: 0.0192
  |: 0.0188
  }: 0.0108
  ~: 0.0173
  : 0.0052
  : 0.0107
  : 0.0192

Symmetrized rates from j->i (W_ij):
	A	B	C	D	E	F	G	H	I	J	K	L	M	N	O	P	Q	R	S	T	U	V	W	X	Y	Z	[	\	]	^	_	`	a	b	c	d	e	f	g	h	i	j	k	l	m	n	o	p	q	r	s	t	u	v	w	x	y	z	{	|	}	~			
  A	0	0.9611	0.9596	0.9611	0.9605	0.9603	0.96	0.9614	0.9358	0.9611	0.961	0.9408	0.9609	0.961	0.9607	0.9609	0.961	0.9486	0.9611	0.9612	0.954	0.9609	0.9611	0.961	0.9602	0.961	0.9611	0.9566	1.1986	0.961	0.9611	0.9611	0.9611	0.9611	0.9588	0.9569	0.9534	0.961	0.961	0.9611	0.961	0.961	0.9612	0.961	0.961	0.9611	0.9568	0.9611	0.9611	0.9612	0.955	0.9579	0.9611	0.9611	0.9613	0.961	0.955	0.961	0.9611	0.9611	0.9603	0.9611	1.1552	0.9534	0.9611
  B	0.9611	0	0.9594	0.9609	0.9603	0.9602	0.9596	0.9614	1.0749	0.9609	0.9606	0.9412	0.9607	0.9609	0.9605	0.9607	0.9608	0.9499	0.9608	0.9606	1.3614	0.9607	0.9609	0.9608	0.9601	0.9608	0.9609	0.957	0.9596	0.9608	0.9609	0.9608	0.9608	1.0242	0.9588	0.9568	0.9537	0.9608	0.9608	0.9609	0.9608	0.9608	0.9609	0.9608	0.9608	0.9609	0.9569	0.9608	0.9609	0.9746	0.9546	0.9581	0.9609	0.9608	0.9609	0.9604	0.9555	0.9608	0.9609	0.9609	0.9598	0.9608	1.6699	0.9542	0.9609
  C	0.9596	0.9594	0	0.9591	1.0324	0.9615	1.7514	0.9606	0.9719	1.0125	1.2872	3.4826	0.9589	1.2132	0.959	0.9596	0.9591	0.9558	0.959	0.9642	3.1358	1.4358	0.9587	0.9608	0.959	0.9589	0.959	1.0917	1.4902	0.9598	0.9591	0.9587	0.9587	1.2487	0.9611	0.9691	4.0793	0.9624	1.9133	0.959	0.9589	0.9587	1.2075	0.9589	0.9586	0.9588	1.1363	0.9593	1.7912	0.9596	2.3652	0.9572	0.9587	0.9594	0.9597	1.2908	0.9579	0.9586	0.9593	0.9588	0.9617	0.959	4.0556	1.4258	1.0811
  D	0.9611	0.9609	0.9591	0	0.9603	0.9607	0.9594	0.9613	0.933	0.9611	0.9604	1.2839	0.9608	0.9613	0.9605	0.961	0.9608	3.355	0.9609	0.9606	0.954	0.961	0.9611	0.9609	0.9601	0.9609	0.9609	1.2923	0.9594	0.961	0.9609	0.9609	0.9609	0.9609	0.9585	0.9566	0.9536	0.9609	0.9609	0.9609	0.9609	0.9609	0.961	0.9609	0.9638	0.961	0.9568	0.9608	0.9611	0.961	0.9539	0.958	0.9609	0.9609	0.961	0.9603	0.9554	0.9609	0.961	0.9609	1.2015	0.9609	0.8956	0.9533	0.961
  E	0.9605	0.9603	1.0324	0.9603	0	0.9603	0.9594	0.9608	0.9348	0.9603	0.961	2.3695	0.9602	0.9602	0.9603	0.9601	1.4351	0.9492	0.9603	0.9605	0.9555	0.9602	0.9604	1.173	0.9595	0.9604	0.9603	0.9565	1.0555	0.9605	0.9603	0.9602	0.9602	0.9605	0.9583	1.4407	1.9325	0.9603	0.9602	0.9603	0.9602	0.9602	0.9605	0.9602	0.9601	0.9603	3.3329	0.9602	0.9606	0.9605	0.9549	0.9573	0.9602	0.9603	0.9604	0.9603	0.9547	0.9601	0.9608	0.9602	0.9598	0.9603	1.0171	1.2275	0.9605
  F	0.9603	0.9602	0.9615	0.9607	0.9603	0	0.9597	0.9605	1.3543	0.9601	0.9609	1.4335	1.0816	0.9608	0.9605	2.327	0.9602	3.8803	0.9601	0.9607	0.9595	0.9937	0.961	0.9605	0.9597	0.9622	0.9601	1.3871	0.9606	0.9602	0.9601	0.96	0.9609	0.9603	0.9587	0.9602	4.0254	0.9602	0.96	0.9601	0.96	0.96	0.9605	0.96	0.96	0.9602	3.867	0.9601	0.9606	0.9604	1.0578	1.3875	0.96	0.9602	0.9605	0.96	0.973	0.96	0.9617	0.96	1.0449	0.9601	1.2989	0.9543	0.9605
  G	0.96	0.9596	1.7514	0.9594	0.9594	0.9597	0	0.9604	3.2151	0.9595	1.0026	1.569	0.9592	0.9601	0.9592	0.9596	0.9592	0.9545	0.9594	1.0027	1.9872	0.9592	0.9593	0.9593	0.9589	0.9592	0.9594	1.0188	1.4391	0.9597	0.9593	0.9592	0.9592	0.9595	0.9592	0.9597	0.9582	0.9592	0.9594	0.9594	0.9592	0.9592	0.9595	0.9592	0.9592	0.9593	1.0348	0.9595	1.2594	0.9596	0.9577	0.9579	0.9592	0.9594	0.9598	0.9618	0.9587	0.9592	0.9595	1.3073	0.9599	0.9609	5.7895	0.9634	0.9597
  H	0.9614	0.9614	0.9606	0.9613	0.9608	0.9605	0.9604	0	0.9492	0.9613	0.961	1.4349	0.9611	0.9614	0.9608	0.9612	0.9611	0.9488	0.9612	0.9612	1.3061	0.9611	0.9613	0.9611	0.9603	0.9612	0.9613	0.9569	0.961	0.9612	0.9612	0.9612	0.9612	0.9623	0.9592	1.4367	0.9568	0.9616	0.9612	0.9613	0.9612	0.9614	0.9613	0.9612	0.9612	0.9613	0.9575	0.9612	0.9615	0.9614	0.9552	0.958	0.9614	0.9612	0.9614	0.9615	0.9562	0.9612	0.9613	0.9612	0.9601	0.9612	0.9669	2.0686	0.9613
  I	0.9358	1.0749	0.9719	0.933	0.9348	1.3543	3.2151	0.9492	0	0.9306	1.4529	3.9565	0.9305	0.9327	0.9528	1.175	0.9303	0.9429	0.9339	1.4799	5.0113	0.9312	0.9308	0.9318	0.9314	0.9307	0.9338	1.4536	2.3759	0.9362	0.9325	0.9302	0.9304	0.935	2.5421	1.4646	1.0873	0.9315	0.93	0.9339	0.9307	0.9306	0.9485	0.9307	0.9301	0.9311	3.1468	0.9369	0.933	0.9363	1.9098	0.9333	0.9306	0.9331	0.9379	0.9556	3.6533	0.9301	0.932	0.9317	0.9455	0.934	72.0075	1.478	0.9313
  J	0.9611	0.9609	1.0125	0.9611	0.9603	0.9601	0.9595	0.9613	0.9306	0	1.0341	0.9365	0.9609	0.9705	0.9605	0.9607	0.9609	0.9478	0.961	0.9606	0.9527	0.9609	0.961	0.9609	0.96	0.9609	0.961	1.3723	0.959	0.9608	0.961	0.961	0.961	0.961	0.9583	0.9559	0.9518	0.9609	0.961	0.961	0.961	0.961	0.9611	0.961	0.961	0.9611	0.956	0.9609	0.9611	0.9611	0.9533	0.9577	0.961	0.961	0.9611	0.9603	0.9543	0.9609	0.9611	0.961	0.9597	0.961	0.9042	0.9523	1.0065
  K	0.961	0.9606	1.2872	0.9604	0.961	0.9609	1.0026	0.961	1.4529	1.0341	0	1.0194	0.9602	1.0681	0.9602	0.9606	0.9603	0.9548	0.9604	0.9623	0.9814	0.9604	0.9602	0.9604	0.9598	0.9601	0.9604	1.1638	1.0443	0.961	0.9603	0.9603	0.9602	0.9607	0.9601	0.9635	0.9668	0.9602	0.9606	0.9604	0.9601	0.9601	0.9606	0.9601	0.9601	0.9603	0.9817	0.9606	0.9611	0.9607	0.962	0.9586	0.9601	0.9604	1.1411	0.9629	1.4351	0.9601	0.9604	0.9603	1.4419	0.9604	4.9995	0.967	1.1219
  L	0.9408	0.9412	3.4826	1.2839	2.3695	1.4335	1.569	1.4349	3.9565	0.9365	1.0194	0	0.9364	0.941	0.9408	1.2562	0.9368	1.4139	0.9391	1.4017	13.2458	0.9372	0.9369	1.4151	0.9524	0.9374	0.9391	1.074	5.2876	3.5312	0.9381	0.9362	0.9363	0.9411	0.9674	11.4937	8.5511	0.9447	0.9374	0.9391	0.9365	0.939	0.9399	0.9365	0.9367	0.9366	7.3287	0.9416	2.2221	0.9419	5.7309	0.938	0.9364	1.0246	0.9422	2.4753	1.898	0.936	0.9566	0.9372	2.2649	0.9391	8.9144	11.3508	1.2069
  M	0.9609	0.9607	0.9589	0.9608	0.9602	1.0816	0.9592	0.9611	0.9305	0.9609	0.9602	0.9364	0	0.9607	0.9603	0.9606	0.9607	0.9477	0.9608	0.9605	0.9526	0.9607	0.9609	0.9607	0.9598	0.9607	0.9608	0.9561	0.959	0.9607	0.9608	0.9607	0.9608	0.9608	0.9582	0.956	1.1394	0.9607	0.9607	0.9608	0.9607	0.9608	0.9609	0.9608	0.9607	0.9608	1.6481	0.9607	0.9609	0.9609	0.9532	0.9574	0.9608	0.9608	0.9608	0.9601	0.9541	0.9607	0.9611	0.9608	0.9596	0.9608	0.8887	0.9522	0.9609
  N	0.961	0.9609	1.2132	0.9613	0.9602	0.9608	0.9601	0.9614	0.9327	0.9705	1.0681	0.941	0.9607	0	0.9604	0.9609	0.9608	1.788	0.9609	0.9606	1.2562	0.961	0.9611	0.9608	0.96	0.9608	0.9609	0.9936	0.9592	0.9608	0.9609	0.9609	0.9609	0.9612	0.9584	0.9561	0.9556	0.9609	0.9609	0.9609	0.9609	0.9609	0.961	0.9609	0.9608	0.9609	0.9564	0.9608	0.9611	0.961	0.9536	0.9588	0.9609	0.9609	0.961	0.9606	0.9552	0.9608	0.961	0.9609	0.9599	0.9609	0.9854	0.9683	0.9784
  O	0.9607	0.9605	0.959	0.9605	0.9603	0.9605	0.9592	0.9608	0.9528	0.9605	0.9602	0.9408	0.9603	0.9604	0	0.9603	0.9604	0.9487	0.9605	0.9605	0.9537	0.9603	0.9605	0.9609	0.9597	0.9607	0.9605	0.9563	0.9592	0.9604	0.9605	0.9604	0.9604	0.9605	0.9584	0.9564	1.4152	0.9604	0.9604	0.9605	0.9604	0.9604	0.9606	0.9604	0.9604	0.9605	0.9663	0.9604	0.9606	0.9606	0.954	0.9575	0.9604	0.9605	0.9606	0.96	0.9547	0.9604	0.9606	0.9605	0.9595	0.9605	1.3255	0.9531	0.9605
  P	0.9609	0.9607	0.9596	0.961	0.9601	2.327	0.9596	0.9612	1.175	0.9607	0.9606	1.2562	0.9606	0.9609	0.9603	0	0.9605	1.5032	0.9606	0.9607	1.7103	0.9606	0.9607	0.9605	0.9598	0.9606	0.9607	1.0747	0.961	0.9606	0.9606	0.9606	0.9606	0.9608	0.9587	0.9566	1.4324	0.9606	0.9606	0.9607	0.9606	0.9606	0.9608	0.9606	0.9606	1.2192	0.9621	0.9606	0.9609	0.9608	0.9543	0.9582	0.9606	0.9606	1.3028	0.9603	0.9555	0.9606	0.9608	0.9606	2.5616	0.9606	1.4728	0.9537	0.9607
  Q	0.961	0.9608	0.9591	0.9608	1.4351	0.9602	0.9592	0.9611	0.9303	0.9609	0.9603	0.9368	0.9607	0.9608	0.9604	0.9605	0	0.9474	0.9608	0.9606	0.9526	0.9607	0.9609	0.9608	0.9599	0.9608	0.9608	0.956	0.9591	0.9607	0.9608	0.9608	0.9608	0.9608	0.9582	0.9561	1.4156	0.9607	0.9608	0.9608	0.9608	0.9608	0.9609	0.9608	0.9608	0.9609	1.9575	0.9607	0.961	0.961	0.9532	0.9574	0.9608	0.9608	0.9609	0.9601	0.9541	0.9608	0.9611	0.9608	0.9596	0.9608	0.8882	0.9523	0.9609
  R	0.9486	0.9499	0.9558	3.355	0.9492	3.8803	0.9545	0.9488	0.9429	0.9478	0.9548	1.4139	0.9477	1.788	0.9487	1.5032	0.9474	0	0.9489	0.9561	1.6658	1.8578	1.3893	0.948	0.9476	0.9476	0.949	6.1009	0.9545	0.9502	0.9484	0.9473	0.9474	0.9497	0.9519	0.9523	6.3459	0.948	0.9472	0.949	0.9476	0.9475	0.9493	0.9476	0.9474	0.9477	1.3752	0.9503	0.949	0.9501	0.9526	7.2582	0.9476	0.9491	0.9506	0.9512	1.4145	0.9473	0.9484	0.9479	1.3456	0.9489	1.8369	0.9606	0.9483
  S	0.9611	0.9608	0.959	0.9609	0.9603	0.9601	0.9594	0.9612	0.9339	0.961	0.9604	0.9391	0.9608	0.9609	0.9605	0.9606	0.9608	0.9489	0	0.9606	0.9536	0.9608	0.9609	0.9608	0.9601	0.9608	0.9609	0.9566	0.9593	0.9608	0.9609	0.9609	0.9609	0.9609	0.9586	0.9564	0.9526	0.9608	0.9609	0.9609	0.9609	0.9609	0.961	0.9609	0.9609	0.961	0.9566	0.9608	0.961	0.9609	0.9541	0.9579	0.9609	0.9609	0.961	0.9603	0.955	0.9609	0.961	0.9609	0.9597	0.9609	1.3443	0.9533	0.9609
  T	0.9612	0.9606	0.9642	0.9606	0.9605	0.9607	1.0027	0.9612	1.4799	0.9606	0.9623	1.4017	0.9605	0.9606	0.9605	0.9607	0.9606	0.9561	0.9606	0	0.9604	0.9606	0.9606	0.9606	0.9603	0.9606	0.9606	0.9593	0.9617	0.9607	0.9606	0.9606	0.9606	0.9608	1.0846	0.9597	1.1307	0.9607	0.9606	0.9606	0.9606	0.9606	1.1354	0.9606	0.9606	0.9607	0.9599	0.9606	1.1386	0.9607	0.9583	0.9594	0.9606	0.9607	0.9608	0.9609	0.9584	0.9605	0.9608	0.9606	0.9605	0.9606	8.4765	0.9585	0.9607
  U	0.954	1.3614	3.1358	0.954	0.9555	0.9595	1.9872	1.3061	5.0113	0.9527	0.9814	13.2458	0.9526	1.2562	0.9537	1.7103	0.9526	1.6658	0.9536	0.9604	0	0.9533	0.9527	0.9531	0.9531	0.9527	0.9536	1.3217	1.6851	0.9545	0.9535	0.9525	0.9525	3.4004	1.9758	0.9618	9.0392	1.4606	0.9525	0.9536	0.9528	0.9527	0.9545	0.9527	0.9524	0.9528	0.9668	0.9546	1.3146	1.1285	1.0024	0.9534	1.4285	0.9538	0.955	1.0286	2.7931	0.9524	0.9533	0.9529	0.9628	0.9536	6.5387	4.394	0.954
  V	0.9609	0.9607	1.4358	0.961	0.9602	0.9937	0.9592	0.9611	0.9312	0.9609	0.9604	0.9372	0.9607	0.961	0.9603	0.9606	0.9607	1.8578	0.9608	0.9606	0.9533	0	0.9609	0.9607	0.9599	0.9607	0.9608	1.2584	0.9591	0.9607	0.9608	0.9608	0.9608	0.9608	0.9583	0.956	1.6978	0.9607	0.9632	0.9608	0.9608	0.9608	0.9615	0.9608	0.9607	0.9608	0.9565	0.9607	0.961	0.9609	0.9539	0.9598	0.9608	0.9608	0.9609	0.9601	0.9545	0.9607	0.9609	0.9608	0.9599	0.9608	0.8906	0.9524	0.9609
  W	0.9611	0.9609	0.9587	0.9611	0.9604	0.961	0.9593	0.9613	0.9308	0.961	0.9602	0.9369	0.9609	0.9611	0.9605	0.9607	0.9609	1.3893	0.9609	0.9606	0.9527	0.9609	0	0.9609	0.96	0.9609	0.9609	0.9565	0.959	0.9608	0.9609	0.9609	0.961	0.9609	0.9583	0.9562	0.9527	0.9608	0.9609	0.9609	0.9609	0.9609	0.961	0.9609	0.9609	0.961	1.0377	0.9608	0.961	0.961	0.9533	0.9581	0.961	0.9609	0.961	0.9602	0.9544	0.9609	0.9611	0.961	0.9597	0.9609	0.8897	0.9524	0.961
  X	0.961	0.9608	0.9608	0.9609	1.173	0.9605	0.9593	0.9611	0.9318	0.9609	0.9604	1.4151	0.9607	0.9608	0.9609	0.9605	0.9608	0.948	0.9608	0.9606	0.9531	0.9607	0.9609	0	0.9599	0.961	0.9608	0.9563	0.9594	0.9607	0.9608	0.9608	0.9608	0.9608	0.9583	1.1088	1.3295	0.9608	0.9608	0.9608	0.9608	0.9608	0.9609	0.9608	0.9608	0.9609	2.292	0.9607	0.9612	0.961	0.9536	0.9575	0.9608	0.9608	0.9609	0.9602	0.9544	0.9608	0.9611	0.9608	0.9597	0.9608	0.8954	0.9528	0.9609
  Y	0.9602	0.9601	0.959	0.9601	0.9595	0.9597	0.9589	0.9603	0.9314	0.96	0.9598	0.9524	0.9598	0.96	0.9597	0.9598	0.9599	0.9476	0.9601	0.9603	0.9531	0.9599	0.96	0.9599	0	0.96	0.9601	0.9558	0.9589	0.96	0.96	0.9599	0.9599	0.9603	0.9578	0.9562	1.1687	0.96	0.9599	0.9601	0.96	0.9599	0.9602	0.96	0.9599	0.96	0.9574	0.96	0.9602	0.9602	1.1103	0.9568	0.96	0.9601	0.9602	0.9596	0.9539	0.9599	0.9601	0.96	0.9593	0.9601	0.9678	0.9526	0.96
  Z	0.961	0.9608	0.9589	0.9609	0.9604	0.9622	0.9592	0.9612	0.9307	0.9609	0.9601	0.9374	0.9607	0.9608	0.9607	0.9606	0.9608	0.9476	0.9608	0.9606	0.9527	0.9607	0.9609	0.961	0.96	0	0.9609	0.9561	0.959	0.9607	0.9609	0.9608	0.9609	0.9608	0.9583	0.9559	1.4176	0.9608	0.9608	0.9609	0.9608	0.9608	0.961	0.9608	0.9608	0.9609	0.9623	0.9607	0.961	0.9609	0.9533	0.9575	0.9609	0.9608	0.9609	0.9601	0.9542	0.9608	0.961	0.9609	0.9596	0.9608	0.8894	0.9523	0.9609
  [	0.9611	0.9609	0.959	0.9609	0.9603	0.9601	0.9594	0.9613	0.9338	0.961	0.9604	0.9391	0.9608	0.9609	0.9605	0.9607	0.9608	0.949	0.9609	0.9606	0.9536	0.9608	0.9609	0.9608	0.9601	0.9609	0	0.9566	0.9593	0.9608	0.9609	0.9609	0.9609	0.9609	0.9586	0.9564	0.9526	0.9608	0.9609	0.9609	0.9609	0.9609	0.961	0.9609	0.9609	0.961	0.9565	0.9608	0.961	0.961	0.9541	0.9579	0.9609	0.9609	0.961	0.9603	0.955	0.9609	0.961	0.9609	0.9597	0.9609	1.3444	0.9533	0.9609
  \	0.9566	0.957	1.0917	1.2923	0.9565	1.3871	1.0188	0.9569	1.4536	1.3723	1.1638	1.074	0.9561	0.9936	0.9563	1.0747	0.956	6.1009	0.9566	0.9593	1.3217	1.2584	0.9565	0.9563	0.9558	0.9561	0.9566	0	0.9584	0.9571	0.9564	0.956	0.9561	0.9572	0.9565	0.9557	4.3487	0.9564	0.9561	0.9566	0.9562	0.9561	0.9571	0.9562	0.9591	0.9563	0.9572	0.9571	0.9583	0.9571	0.9543	1.0895	0.9561	1.1077	1.4363	0.9575	0.9546	0.9561	0.9565	0.9563	1.2736	0.9566	1.4212	0.9528	1.1196
  ]	1.1986	0.9596	1.4902	0.9594	1.0555	0.9606	1.4391	0.961	2.3759	0.959	1.0443	5.2876	0.959	0.9592	0.9592	0.961	0.9591	0.9545	0.9593	0.9617	1.6851	0.9591	0.959	0.9594	0.9589	0.959	0.9593	0.9584	0	0.993	0.9592	1.4383	0.959	0.9599	0.9596	3.5065	2.1287	0.9592	0.9591	0.9593	0.959	0.959	0.9596	0.959	0.9589	0.9591	1.7344	0.9596	0.9599	0.9599	1.8493	0.9575	0.9589	0.9594	0.96	2.5009	0.9586	0.9589	0.9598	0.9591	1.4422	0.9593	4.5377	2.1692	0.9595
  ^	0.961	0.9608	0.9598	0.961	0.9605	0.9602	0.9597	0.9612	0.9362	0.9608	0.961	3.5312	0.9607	0.9608	0.9604	0.9606	0.9607	0.9502	0.9608	0.9607	0.9545	0.9607	0.9608	0.9607	0.96	0.9607	0.9608	0.9571	0.993	0	0.9608	0.9608	0.9608	0.9608	0.9587	1.1667	0.9552	0.9607	0.9608	0.9608	0.9608	0.9608	0.9609	0.9608	0.9608	0.9608	1.0119	0.9607	0.9609	0.9609	0.9549	0.958	0.9608	0.9608	0.9609	0.9604	0.9554	0.9607	0.9609	0.9608	1.408	0.9608	1.0492	0.9574	0.9609
  _	0.9611	0.9609	0.9591	0.9609	0.9603	0.9601	0.9593	0.9612	0.9325	0.961	0.9603	0.9381	0.9608	0.9609	0.9605	0.9606	0.9608	0.9484	0.9609	0.9606	0.9535	0.9608	0.9609	0.9608	0.96	0.9609	0.9609	0.9564	0.9592	0.9608	0	0.9609	0.9609	0.9609	0.9585	0.9562	1.1867	0.9608	0.9609	0.9609	0.9609	0.9609	0.961	0.9609	0.9609	0.961	0.9563	0.9608	0.961	0.961	0.9538	0.9578	0.9609	0.9609	0.961	0.9602	0.9547	0.9609	0.961	0.9609	0.9597	0.9609	1.1255	0.953	0.9609
  `	0.9611	0.9608	0.9587	0.9609	0.9602	0.96	0.9592	0.9612	0.9302	0.961	0.9603	0.9362	0.9607	0.9609	0.9604	0.9606	0.9608	0.9473	0.9609	0.9606	0.9525	0.9608	0.9609	0.9608	0.9599	0.9608	0.9609	0.956	1.4383	0.9608	0.9609	0	0.9609	0.9609	0.9582	0.9558	0.9514	0.9608	0.9609	0.9609	0.9609	0.9609	0.961	0.9609	0.9609	0.961	0.9558	0.9608	0.961	0.961	0.9531	0.9575	0.9609	0.9609	0.9609	0.9602	0.9541	0.9608	0.961	0.9609	0.9595	0.9609	0.8885	0.9521	0.9609
  a	0.9611	0.9608	0.9587	0.9609	0.9602	0.9609	0.9592	0.9612	0.9304	0.961	0.9602	0.9363	0.9608	0.9609	0.9604	0.9606	0.9608	0.9474	0.9609	0.9606	0.9525	0.9608	0.961	0.9608	0.9599	0.9609	0.9609	0.9561	0.959	0.9608	0.9609	0.9609	0	0.9609	0.9582	0.9558	0.9515	0.9608	0.9609	0.9609	0.9609	0.9609	0.961	0.9609	0.9609	0.961	1.4336	0.9608	0.961	0.961	0.9532	0.9575	0.9609	0.9609	0.961	0.9601	0.9542	0.9609	0.961	0.9609	0.9595	0.9609	0.8887	0.9522	0.9609
  b	0.9611	1.0242	1.2487	0.9609	0.9605	0.9603	0.9595	0.9623	0.935	0.961	0.9607	0.9411	0.9608	0.9612	0.9605	0.9608	0.9608	0.9497	0.9609	0.9608	3.4004	0.9608	0.9609	0.9608	0.9603	0.9608	0.9609	0.9572	0.9599	0.9608	0.9609	0.9609	0.9609	0	0.959	0.9569	2.8206	0.9637	0.9609	0.9609	0.9609	0.9609	0.9612	0.9609	0.9609	0.961	0.957	0.9608	0.9613	1.3136	0.9547	0.958	0.9609	0.9609	0.961	0.9608	0.9555	0.9608	0.9611	0.9609	0.9601	0.9609	1.3578	1.2397	0.961
  c	0.9588	0.9588	0.9611	0.9585	0.9583	0.9587	0.9592	0.9592	2.5421	0.9583	0.9601	0.9674	0.9582	0.9584	0.9584	0.9587	0.9582	0.9519	0.9586	1.0846	1.9758	0.9583	0.9583	0.9583	0.9578	0.9583	0.9586	0.9565	0.9596	0.9587	0.9585	0.9582	0.9582	0.959	0	0.9574	1.2154	0.9584	0.9582	0.9586	0.9583	0.9583	1.0875	0.9583	0.9582	0.9584	0.9579	0.9588	1.0888	0.9588	0.9559	0.9566	0.9583	0.9585	0.959	0.959	1.1385	0.9582	0.9585	0.9584	0.9589	0.9586	3.3678	0.9555	0.9584
  d	0.9569	0.9568	0.9691	0.9566	1.4407	0.9602	0.9597	1.4367	1.4646	0.9559	0.9635	11.4937	0.956	0.9561	0.9564	0.9566	0.9561	0.9523	0.9564	0.9597	0.9618	0.956	0.9562	1.1088	0.9562	0.9559	0.9564	0.9557	3.5065	1.1667	0.9562	0.9558	0.9558	0.9569	0.9574	0	2.6334	0.9562	0.9557	0.9564	0.9559	1.0936	0.9566	0.9559	0.9557	0.9559	9.8382	0.9569	0.9568	1.027	3.1136	0.9547	0.9558	0.9564	0.9572	1.796	1.3029	0.9557	0.9578	0.956	0.9592	0.9564	1.6038	4.7269	0.9892
  e	0.9534	0.9537	4.0793	0.9536	1.9325	4.0254	0.9582	0.9568	1.0873	0.9518	0.9668	8.5511	1.1394	0.9556	1.4152	1.4324	1.4156	6.3459	0.9526	1.1307	9.0392	1.6978	0.9527	1.3295	1.1687	1.4176	0.9526	4.3487	2.1287	0.9552	1.1867	0.9514	0.9515	2.8206	1.2154	2.6334	0	2.2471	0.9532	0.9526	1.4272	0.9518	1.3838	1.4271	0.9514	0.9517	11.0484	0.9536	1.4423	0.9548	2.3148	0.9578	0.9516	1.7056	0.9541	1.2015	1.1038	0.9514	1.2515	0.9518	2.7005	0.9526	14.5753	3.3962	1.1613
  f	0.961	0.9608	0.9624	0.9609	0.9603	0.9602	0.9592	0.9616	0.9315	0.9609	0.9602	0.9447	0.9607	0.9609	0.9604	0.9606	0.9607	0.948	0.9608	0.9607	1.4606	0.9607	0.9608	0.9608	0.96	0.9608	0.9608	0.9564	0.9592	0.9607	0.9608	0.9608	0.9608	0.9637	0.9584	0.9562	2.2471	0	0.9608	0.9608	0.9608	0.9608	0.961	0.9608	0.9608	0.9609	0.9563	0.9607	0.9611	0.9609	0.954	0.9575	0.9608	0.9608	0.9609	0.9602	0.9545	0.9608	0.961	0.9608	1.178	0.9608	0.9095	1.3921	0.9609
  g	0.961	0.9608	1.9133	0.9609	0.9602	0.96	0.9594	0.9612	0.93	0.961	0.9606	0.9374	0.9607	0.9609	0.9604	0.9606	0.9608	0.9472	0.9609	0.9606	0.9525	0.9632	0.9609	0.9608	0.9599	0.9608	0.9609	0.9561	0.9591	0.9608	0.9609	0.9609	0.9609	0.9609	0.9582	0.9557	0.9532	0.9608	0	0.9609	0.9609	0.9609	0.9612	0.9609	0.9608	0.961	0.956	0.9608	0.9619	0.9609	0.9533	0.9575	0.9609	0.9608	0.9609	0.9601	0.9541	0.9608	0.961	0.9609	0.9595	0.9609	0.8897	0.9521	0.961
  h	0.9611	0.9609	0.959	0.9609	0.9603	0.9601	0.9594	0.9613	0.9339	0.961	0.9604	0.9391	0.9608	0.9609	0.9605	0.9607	0.9608	0.949	0.9609	0.9606	0.9536	0.9608	0.9609	0.9608	0.9601	0.9609	0.9609	0.9566	0.9593	0.9608	0.9609	0.9609	0.9609	0.9609	0.9586	0.9564	0.9526	0.9608	0.9609	0	0.9609	0.9609	0.961	0.9609	0.9609	0.961	0.9565	0.9608	0.961	0.961	0.9541	0.9579	0.9609	0.9609	0.961	0.9603	0.955	0.9609	0.961	0.9609	0.9597	0.9609	1.3446	0.9533	0.9609
  i	0.961	0.9608	0.9589	0.9609	0.9602	0.96	0.9592	0.9612	0.9307	0.961	0.9601	0.9365	0.9607	0.9609	0.9604	0.9606	0.9608	0.9476	0.9609	0.9606	0.9528	0.9608	0.9609	0.9608	0.96	0.9608	0.9609	0.9562	0.959	0.9608	0.9609	0.9609	0.9609	0.9609	0.9583	0.9559	1.4272	0.9608	0.9609	0.9609	0	0.9609	0.961	0.9609	0.9608	0.9609	0.9559	0.9608	0.961	0.9609	0.9533	0.9575	0.9609	0.9609	0.9609	0.9602	0.9543	0.9608	0.961	0.9609	0.9596	0.9609	0.8894	0.9523	0.9609
  j	0.961	0.9608	0.9587	0.9609	0.9602	0.96	0.9592	0.9614	0.9306	0.961	0.9601	0.939	0.9608	0.9609	0.9604	0.9606	0.9608	0.9475	0.9609	0.9606	0.9527	0.9608	0.9609	0.9608	0.9599	0.9608	0.9609	0.9561	0.959	0.9608	0.9609	0.9609	0.9609	0.9609	0.9583	1.0936	0.9518	0.9608	0.9609	0.9609	0.9609	0	0.961	0.9609	0.9609	0.961	0.956	0.9608	0.961	0.961	0.9532	0.9575	0.9609	0.9609	0.961	0.9602	0.9542	0.9609	0.961	0.9609	0.9595	0.9609	0.8891	1.3008	0.9609
  k	0.9612	0.9609	1.2075	0.961	0.9605	0.9605	0.9595	0.9613	0.9485	0.9611	0.9606	0.9399	0.9609	0.961	0.9606	0.9608	0.9609	0.9493	0.961	1.1354	0.9545	0.9615	0.961	0.9609	0.9602	0.961	0.961	0.9571	0.9596	0.9609	0.961	0.961	0.961	0.9612	1.0875	0.9566	1.3838	0.961	0.9612	0.961	0.961	0.961	0	0.961	0.9609	0.961	0.9572	0.9608	1.328	0.961	0.9544	0.958	0.961	0.961	0.961	0.9604	0.955	0.9609	0.9611	0.961	0.9599	0.961	1.3374	0.9535	0.9611
  l	0.961	0.9608	0.9589	0.9609	0.9602	0.96	0.9592	0.9612	0.9307	0.961	0.9601	0.9365	0.9608	0.9609	0.9604	0.9606	0.9608	0.9476	0.9609	0.9606	0.9527	0.9608	0.9609	0.9608	0.96	0.9608	0.9609	0.9562	0.959	0.9608	0.9609	0.9609	0.9609	0.9609	0.9583	0.9559	1.4271	0.9608	0.9609	0.9609	0.9609	0.9609	0.961	0	0.9609	0.961	0.9559	0.9608	0.961	0.961	0.9533	0.9575	0.9609	0.9609	0.9609	0.9602	0.9543	0.9608	0.961	0.9609	0.9596	0.9609	0.8894	0.9523	0.9609
  m	0.961	0.9608	0.9586	0.9638	0.9601	0.96	0.9592	0.9612	0.9301	0.961	0.9601	0.9367	0.9607	0.9608	0.9604	0.9606	0.9608	0.9474	0.9609	0.9606	0.9524	0.9607	0.9609	0.9608	0.9599	0.9608	0.9609	0.9591	0.9589	0.9608	0.9609	0.9609	0.9609	0.9609	0.9582	0.9557	0.9514	0.9608	0.9608	0.9609	0.9608	0.9609	0.9609	0.9609	0	0.9609	0.9558	0.9608	0.961	0.9609	0.9531	0.9575	0.9609	0.9608	0.9609	0.9601	0.9541	0.9608	0.961	0.9609	1.4713	0.9609	0.8881	0.9521	0.9609
  n	0.9611	0.9609	0.9588	0.961	0.9603	0.9602	0.9593	0.9613	0.9311	0.9611	0.9603	0.9366	0.9608	0.9609	0.9605	1.2192	0.9609	0.9477	0.961	0.9607	0.9528	0.9608	0.961	0.9609	0.96	0.9609	0.961	0.9563	0.9591	0.9608	0.961	0.961	0.961	0.961	0.9584	0.9559	0.9517	0.9609	0.961	0.961	0.9609	0.961	0.961	0.961	0.9609	0	0.956	0.9609	0.961	0.961	0.9534	0.9576	0.961	0.9609	1.2272	0.9602	0.9543	0.9609	0.961	0.961	0.9598	0.961	0.9587	0.9523	0.961
  o	0.9568	0.9569	1.1363	0.9568	3.3329	3.867	1.0348	0.9575	3.1468	0.956	0.9817	7.3287	1.6481	0.9564	0.9663	0.9621	1.9575	1.3752	0.9566	0.9599	0.9668	0.9565	1.0377	2.292	0.9574	0.9623	0.9565	0.9572	1.7344	1.0119	0.9563	0.9558	1.4336	0.957	0.9579	9.8382	11.0484	0.9563	0.956	0.9565	0.9559	0.956	0.9572	0.9559	0.9558	0.956	0	0.957	1.0192	1.3508	2.5183	0.9554	0.9559	0.9566	0.9572	1.9226	0.9573	0.9558	1.5568	0.9561	1.4403	0.9565	2.5554	2.3608	1.6644
  p	0.9611	0.9608	0.9593	0.9608	0.9602	0.9601	0.9595	0.9612	0.9369	0.9609	0.9606	0.9416	0.9607	0.9608	0.9604	0.9606	0.9607	0.9503	0.9608	0.9606	0.9546	0.9607	0.9608	0.9607	0.96	0.9607	0.9608	0.9571	0.9596	0.9607	0.9608	0.9608	0.9608	0.9608	0.9588	0.9569	0.9536	0.9607	0.9608	0.9608	0.9608	0.9608	0.9608	0.9608	0.9608	0.9609	0.957	0	0.9609	0.9608	0.9548	0.9581	0.9608	2.4066	0.9609	0.9603	0.9556	0.9607	0.9609	0.9608	1.4365	0.9608	1.8044	0.9542	0.9608
  q	0.9611	0.9609	1.7912	0.9611	0.9606	0.9606	1.2594	0.9615	0.933	0.9611	0.9611	2.2221	0.9609	0.9611	0.9606	0.9609	0.961	0.949	0.961	1.1386	1.3146	0.961	0.961	0.9612	0.9602	0.961	0.961	0.9583	0.9599	0.9609	0.961	0.961	0.961	0.9613	1.0888	0.9568	1.4423	0.9611	0.9619	0.961	0.961	0.961	1.328	0.961	0.961	0.961	1.0192	0.9609	0	0.9611	0.9893	0.9579	0.961	0.961	0.961	0.9605	0.9549	0.9609	0.9612	0.961	0.96	0.961	0.9185	0.9538	0.9612
  r	0.9612	0.9746	0.9596	0.961	0.9605	0.9604	0.9596	0.9614	0.9363	0.9611	0.9607	0.9419	0.9609	0.961	0.9606	0.9608	0.961	0.9501	0.9609	0.9607	1.1285	0.9609	0.961	0.961	0.9602	0.9609	0.961	0.9571	0.9599	0.9609	0.961	0.961	0.961	1.3136	0.9588	1.027	0.9548	0.9609	0.9609	0.961	0.9609	0.961	0.961	0.961	0.9609	0.961	1.3508	0.9608	0.9611	0	0.9548	0.9582	0.961	0.9609	0.961	0.9605	0.9556	0.9609	0.9611	0.961	0.9599	0.9609	1.8032	0.9544	1.1995
  s	0.955	0.9546	2.3652	0.9539	0.9549	1.0578	0.9577	0.9552	1.9098	0.9533	0.962	5.7309	0.9532	0.9536	0.954	0.9543	0.9532	0.9526	0.9541	0.9583	1.0024	0.9539	0.9533	0.9536	1.1103	0.9533	0.9541	0.9543	1.8493	0.9549	0.9538	0.9531	0.9532	0.9547	0.9559	3.1136	2.3148	0.954	0.9533	0.9541	0.9533	0.9532	0.9544	0.9533	0.9531	0.9534	2.5183	0.9548	0.9893	0.9548	0	0.9529	0.9532	0.954	0.9552	0.9889	0.9979	0.9531	0.954	0.9535	0.9571	0.9541	9.4306	2.258	0.9536
  t	0.9579	0.9581	0.9572	0.958	0.9573	1.3875	0.9579	0.958	0.9333	0.9577	0.9586	0.938	0.9574	0.9588	0.9575	0.9582	0.9574	7.2582	0.9579	0.9594	0.9534	0.9598	0.9581	0.9575	0.9568	0.9575	0.9579	1.0895	0.9575	0.958	0.9578	0.9575	0.9575	0.958	0.9566	0.9547	0.9578	0.9575	0.9575	0.9579	0.9575	0.9575	0.958	0.9575	0.9575	0.9576	0.9554	0.9581	0.9579	0.9582	0.9529	0	0.9576	0.9578	0.9584	0.9578	0.9544	0.9575	0.9577	0.9577	0.9585	0.9579	0.8952	0.9514	0.9576
  u	0.9611	0.9609	0.9587	0.9609	0.9602	0.96	0.9592	0.9614	0.9306	0.961	0.9601	0.9364	0.9608	0.9609	0.9604	0.9606	0.9608	0.9476	0.9609	0.9606	1.4285	0.9608	0.961	0.9608	0.96	0.9609	0.9609	0.9561	0.9589	0.9608	0.9609	0.9609	0.9609	0.9609	0.9583	0.9558	0.9516	0.9608	0.9609	0.9609	0.9609	0.9609	0.961	0.9609	0.9609	0.961	0.9559	0.9608	0.961	0.961	0.9532	0.9576	0	0.9609	0.961	0.9602	0.9543	0.9609	0.961	0.9609	0.9595	0.9609	0.8893	0.9528	0.9609
  v	0.9611	0.9608	0.9594	0.9609	0.9603	0.9602	0.9594	0.9612	0.9331	0.961	0.9604	1.0246	0.9608	0.9609	0.9605	0.9606	0.9608	0.9491	0.9609	0.9607	0.9538	0.9608	0.9609	0.9608	0.9601	0.9608	0.9609	1.1077	0.9594	0.9608	0.9609	0.9609	0.9609	0.9609	0.9585	0.9564	1.7056	0.9608	0.9608	0.9609	0.9609	0.9609	0.961	0.9609	0.9608	0.9609	0.9566	2.4066	0.961	0.9609	0.954	0.9578	0.9609	0	0.961	0.9603	0.9548	0.9608	0.961	0.9609	0.9641	0.9609	1.3462	0.9531	0.9609
  w	0.9613	0.9609	0.9597	0.961	0.9604	0.9605	0.9598	0.9614	0.9379	0.9611	1.1411	0.9422	0.9608	0.961	0.9606	1.3028	0.9609	0.9506	0.961	0.9608	0.955	0.9609	0.961	0.9609	0.9602	0.9609	0.961	1.4363	0.96	0.9609	0.961	0.9609	0.961	0.961	0.959	0.9572	0.9541	0.9609	0.9609	0.961	0.9609	0.961	0.961	0.9609	0.9609	1.2272	0.9572	0.9609	0.961	0.961	0.9552	0.9584	0.961	0.961	0	0.9605	0.9559	0.9609	0.9611	0.961	0.9603	0.961	2.0279	0.9544	0.9611
  x	0.961	0.9604	1.2908	0.9603	0.9603	0.96	0.9618	0.9615	0.9556	0.9603	0.9629	2.4753	0.9601	0.9606	0.96	0.9603	0.9601	0.9512	0.9603	0.9609	1.0286	0.9601	0.9602	0.9602	0.9596	0.9601	0.9603	0.9575	2.5009	0.9604	0.9602	0.9602	0.9601	0.9608	0.959	1.796	1.2015	0.9602	0.9601	0.9603	0.9602	0.9602	0.9604	0.9602	0.9601	0.9602	1.9226	0.9603	0.9605	0.9605	0.9889	0.9578	0.9602	0.9603	0.9605	0	0.9844	0.9601	0.9605	0.9602	0.96	0.9603	2.1901	2.5219	0.9605
  y	0.955	0.9555	0.9579	0.9554	0.9547	0.973	0.9587	0.9562	3.6533	0.9543	1.4351	1.898	0.9541	0.9552	0.9547	0.9555	0.9541	1.4145	0.955	0.9584	2.7931	0.9545	0.9544	0.9544	0.9539	0.9542	0.955	0.9546	0.9586	0.9554	0.9547	0.9541	0.9542	0.9555	1.1385	1.3029	1.1038	0.9545	0.9541	0.955	0.9543	0.9542	0.955	0.9543	0.9541	0.9543	0.9573	0.9556	0.9549	0.9556	0.9979	0.9544	0.9543	0.9548	0.9559	0.9844	0	0.9541	0.9544	0.9545	0.9855	0.955	3.0085	1.1424	0.9544
  z	0.961	0.9608	0.9586	0.9609	0.9601	0.96	0.9592	0.9612	0.9301	0.9609	0.9601	0.936	0.9607	0.9608	0.9604	0.9606	0.9608	0.9473	0.9609	0.9605	0.9524	0.9607	0.9609	0.9608	0.9599	0.9608	0.9609	0.9561	0.9589	0.9607	0.9609	0.9608	0.9609	0.9608	0.9582	0.9557	0.9514	0.9608	0.9608	0.9609	0.9608	0.9609	0.9609	0.9608	0.9608	0.9609	0.9558	0.9607	0.9609	0.9609	0.9531	0.9575	0.9609	0.9608	0.9609	0.9601	0.9541	0	0.9609	0.9609	1.4392	0.9609	0.8881	0.9521	0.9609
  {	0.9611	0.9609	0.9593	0.961	0.9608	0.9617	0.9595	0.9613	0.932	0.9611	0.9604	0.9566	0.9611	0.961	0.9606	0.9608	0.9611	0.9484	0.961	0.9608	0.9533	0.9609	0.9611	0.9611	0.9601	0.961	0.961	0.9565	0.9598	0.9609	0.961	0.961	0.961	0.9611	0.9585	0.9578	1.2515	0.961	0.961	0.961	0.961	0.961	0.9611	0.961	0.961	0.961	1.5568	0.9609	0.9612	0.9611	0.954	0.9577	0.961	0.961	0.9611	0.9605	0.9544	0.9609	0	0.961	0.9709	0.961	0.9356	0.953	0.9613
  |	0.9611	0.9609	0.9588	0.9609	0.9602	0.96	1.3073	0.9612	0.9317	0.961	0.9603	0.9372	0.9608	0.9609	0.9605	0.9606	0.9608	0.9479	0.9609	0.9606	0.9529	0.9608	0.961	0.9608	0.96	0.9609	0.9609	0.9563	0.9591	0.9608	0.9609	0.9609	0.9609	0.9609	0.9584	0.956	0.9518	0.9608	0.9609	0.9609	0.9609	0.9609	0.961	0.9609	0.9609	0.961	0.9561	0.9608	0.961	0.961	0.9535	0.9577	0.9609	0.9609	0.961	0.9602	0.9545	0.9609	0.961	0	0.9596	0.9609	1.0452	0.9526	0.9609
  }	0.9603	0.9598	0.9617	1.2015	0.9598	1.0449	0.9599	0.9601	0.9455	0.9597	1.4419	2.2649	0.9596	0.9599	0.9595	2.5616	0.9596	1.3456	0.9597	0.9605	0.9628	0.9599	0.9597	0.9597	0.9593	0.9596	0.9597	1.2736	1.4422	1.408	0.9597	0.9595	0.9595	0.9601	0.9589	0.9592	2.7005	1.178	0.9595	0.9597	0.9596	0.9595	0.9599	0.9596	1.4713	0.9598	1.4403	1.4365	0.96	0.9599	0.9571	0.9585	0.9595	0.9641	0.9603	0.96	0.9855	1.4392	0.9709	0.9596	0	0.9597	4.0629	0.9567	0.9599
  ~	0.9611	0.9608	0.959	0.9609	0.9603	0.9601	0.9609	0.9612	0.934	0.961	0.9604	0.9391	0.9608	0.9609	0.9605	0.9606	0.9608	0.9489	0.9609	0.9606	0.9536	0.9608	0.9609	0.9608	0.9601	0.9608	0.9609	0.9566	0.9593	0.9608	0.9609	0.9609	0.9609	0.9609	0.9586	0.9564	0.9526	0.9608	0.9609	0.9609	0.9609	0.9609	0.961	0.9609	0.9609	0.961	0.9565	0.9608	0.961	0.9609	0.9541	0.9579	0.9609	0.9609	0.961	0.9603	0.955	0.9609	0.961	0.9609	0.9597	0	1.3433	0.9533	0.9609
  	1.1552	1.6699	4.0556	0.8956	1.0171	1.2989	5.7895	0.9669	72.0075	0.9042	4.9995	8.9144	0.8887	0.9854	1.3255	1.4728	0.8882	1.8369	1.3443	8.4765	6.5387	0.8906	0.8897	0.8954	0.9678	0.8894	1.3444	1.4212	4.5377	1.0492	1.1255	0.8885	0.8887	1.3578	3.3678	1.6038	14.5753	0.9095	0.8897	1.3446	0.8894	0.8891	1.3374	0.8894	0.8881	0.9587	2.5554	1.8044	0.9185	1.8032	9.4306	0.8952	0.8893	1.3462	2.0279	2.1901	3.0085	0.8881	0.9356	1.0452	4.0629	1.3433	0	1.522	0.9311
  	0.9534	0.9542	1.4258	0.9533	1.2275	0.9543	0.9634	2.0686	1.478	0.9523	0.967	11.3508	0.9522	0.9683	0.9531	0.9537	0.9523	0.9606	0.9533	0.9585	4.394	0.9524	0.9524	0.9528	0.9526	0.9523	0.9533	0.9528	2.1692	0.9574	0.953	0.9521	0.9522	1.2397	0.9555	4.7269	3.3962	1.3921	0.9521	0.9533	0.9523	1.3008	0.9535	0.9523	0.9521	0.9523	2.3608	0.9542	0.9538	0.9544	2.258	0.9514	0.9528	0.9531	0.9544	2.5219	1.1424	0.9521	0.953	0.9526	0.9567	0.9533	1.522	0	0.9538
  	0.9611	0.9609	1.0811	0.961	0.9605	0.9605	0.9597	0.9613	0.9313	1.0065	1.1219	1.2069	0.9609	0.9784	0.9605	0.9607	0.9609	0.9483	0.9609	0.9607	0.954	0.9609	0.961	0.9609	0.96	0.9609	0.9609	1.1196	0.9595	0.9609	0.9609	0.9609	0.9609	0.961	0.9584	0.9892	1.1613	0.9609	0.961	0.9609	0.9609	0.9609	0.9611	0.9609	0.9609	0.961	1.6644	0.9608	0.9612	1.1995	0.9536	0.9576	0.9609	0.9609	0.9611	0.9605	0.9544	0.9609	0.9613	0.9609	0.9599	0.9609	0.9311	0.9538	0

Actual rates from j->i (Q_ij):
	A	B	C	D	E	F	G	H	I	J	K	L	M	N	O	P	Q	R	S	T	U	V	W	X	Y	Z	[	\	]	^	_	`	a	b	c	d	e	f	g	h	i	j	k	l	m	n	o	p	q	r	s	t	u	v	w	x	y	z	{	|	}	~			
  A	0	0.0174	0.0174	0.0174	0.0174	0.0174	0.0174	0.0174	0.017	0.0174	0.0174	0.0171	0.0174	0.0174	0.0174	0.0174	0.0174	0.0172	0.0174	0.0174	0.0173	0.0174	0.0174	0.0174	0.0174	0.0174	0.0174	0.0173	0.0217	0.0174	0.0174	0.0174	0.0174	0.0174	0.0174	0.0174	0.0173	0.0174	0.0174	0.0174	0.0174	0.0174	0.0174	0.0174	0.0174	0.0174	0.0174	0.0174	0.0174	0.0174	0.0173	0.0174	0.0174	0.0174	0.0174	0.0174	0.0173	0.0174	0.0174	0.0174	0.0174	0.0174	0.021	0.0173	0.0174
  B	0.0153	0	0.0152	0.0153	0.0153	0.0153	0.0152	0.0153	0.0171	0.0153	0.0153	0.015	0.0153	0.0153	0.0153	0.0153	0.0153	0.0151	0.0153	0.0153	0.0216	0.0153	0.0153	0.0153	0.0153	0.0153	0.0153	0.0152	0.0152	0.0153	0.0153	0.0153	0.0153	0.0163	0.0152	0.0152	0.0152	0.0153	0.0153	0.0153	0.0153	0.0153	0.0153	0.0153	0.0153	0.0153	0.0152	0.0153	0.0153	0.0155	0.0152	0.0152	0.0153	0.0153	0.0153	0.0153	0.0152	0.0153	0.0153	0.0153	0.0153	0.0153	0.0265	0.0152	0.0153
  C	0.0097	0.0097	0	0.0097	0.0104	0.0097	0.0177	0.0097	0.0098	0.0102	0.013	0.0352	0.0097	0.0123	0.0097	0.0097	0.0097	0.0097	0.0097	0.0097	0.0317	0.0145	0.0097	0.0097	0.0097	0.0097	0.0097	0.011	0.0151	0.0097	0.0097	0.0097	0.0097	0.0126	0.0097	0.0098	0.0412	0.0097	0.0193	0.0097	0.0097	0.0097	0.0122	0.0097	0.0097	0.0097	0.0115	0.0097	0.0181	0.0097	0.0239	0.0097	0.0097	0.0097	0.0097	0.013	0.0097	0.0097	0.0097	0.0097	0.0097	0.0097	0.041	0.0144	0.0109
  D	0.0171	0.0171	0.0171	0	0.0171	0.0171	0.0171	0.0171	0.0166	0.0171	0.0171	0.0229	0.0171	0.0171	0.0171	0.0171	0.0171	0.0597	0.0171	0.0171	0.017	0.0171	0.0171	0.0171	0.0171	0.0171	0.0171	0.023	0.0171	0.0171	0.0171	0.0171	0.0171	0.0171	0.0171	0.017	0.017	0.0171	0.0171	0.0171	0.0171	0.0171	0.0171	0.0171	0.0172	0.0171	0.017	0.0171	0.0171	0.0171	0.017	0.0171	0.0171	0.0171	0.0171	0.0171	0.017	0.0171	0.0171	0.0171	0.0214	0.0171	0.0159	0.017	0.0171
  E	0.0167	0.0167	0.0179	0.0167	0	0.0167	0.0167	0.0167	0.0162	0.0167	0.0167	0.0412	0.0167	0.0167	0.0167	0.0167	0.0249	0.0165	0.0167	0.0167	0.0166	0.0167	0.0167	0.0204	0.0167	0.0167	0.0167	0.0166	0.0183	0.0167	0.0167	0.0167	0.0167	0.0167	0.0167	0.025	0.0336	0.0167	0.0167	0.0167	0.0167	0.0167	0.0167	0.0167	0.0167	0.0167	0.0579	0.0167	0.0167	0.0167	0.0166	0.0166	0.0167	0.0167	0.0167	0.0167	0.0166	0.0167	0.0167	0.0167	0.0167	0.0167	0.0177	0.0213	0.0167
  F	0.0156	0.0156	0.0157	0.0157	0.0156	0	0.0156	0.0156	0.0221	0.0156	0.0157	0.0234	0.0176	0.0157	0.0156	0.0379	0.0156	0.0632	0.0156	0.0157	0.0156	0.0162	0.0157	0.0156	0.0156	0.0157	0.0156	0.0226	0.0156	0.0156	0.0156	0.0156	0.0157	0.0156	0.0156	0.0156	0.0656	0.0156	0.0156	0.0156	0.0156	0.0156	0.0156	0.0156	0.0156	0.0156	0.063	0.0156	0.0156	0.0156	0.0172	0.0226	0.0156	0.0156	0.0156	0.0156	0.0159	0.0156	0.0157	0.0156	0.017	0.0156	0.0212	0.0155	0.0156
  G	0.0083	0.0083	0.0151	0.0083	0.0083	0.0083	0	0.0083	0.0276	0.0083	0.0086	0.0135	0.0082	0.0083	0.0082	0.0083	0.0082	0.0082	0.0083	0.0086	0.0171	0.0082	0.0082	0.0083	0.0082	0.0082	0.0083	0.0088	0.0124	0.0083	0.0082	0.0082	0.0082	0.0083	0.0082	0.0083	0.0082	0.0082	0.0083	0.0083	0.0082	0.0082	0.0083	0.0082	0.0082	0.0082	0.0089	0.0083	0.0108	0.0083	0.0082	0.0082	0.0082	0.0083	0.0083	0.0083	0.0082	0.0082	0.0083	0.0112	0.0083	0.0083	0.0498	0.0083	0.0083
  H	0.0176	0.0176	0.0176	0.0176	0.0176	0.0176	0.0176	0	0.0174	0.0176	0.0176	0.0263	0.0176	0.0176	0.0176	0.0176	0.0176	0.0174	0.0176	0.0176	0.0239	0.0176	0.0176	0.0176	0.0176	0.0176	0.0176	0.0175	0.0176	0.0176	0.0176	0.0176	0.0176	0.0176	0.0176	0.0263	0.0175	0.0176	0.0176	0.0176	0.0176	0.0176	0.0176	0.0176	0.0176	0.0176	0.0175	0.0176	0.0176	0.0176	0.0175	0.0175	0.0176	0.0176	0.0176	0.0176	0.0175	0.0176	0.0176	0.0176	0.0176	0.0176	0.0177	0.0379	0.0176
  I	0.0017	0.002	0.0018	0.0017	0.0017	0.0025	0.0059	0.0017	0	0.0017	0.0026	0.0072	0.0017	0.0017	0.0017	0.0021	0.0017	0.0017	0.0017	0.0027	0.0091	0.0017	0.0017	0.0017	0.0017	0.0017	0.0017	0.0026	0.0043	0.0017	0.0017	0.0017	0.0017	0.0017	0.0046	0.0027	0.002	0.0017	0.0017	0.0017	0.0017	0.0017	0.0017	0.0017	0.0017	0.0017	0.0057	0.0017	0.0017	0.0017	0.0035	0.0017	0.0017	0.0017	0.0017	0.0017	0.0067	0.0017	0.0017	0.0017	0.0017	0.0017	0.1311	0.0027	0.0017
  J	0.0187	0.0187	0.0197	0.0187	0.0187	0.0187	0.0187	0.0187	0.0181	0	0.0201	0.0182	0.0187	0.0189	0.0187	0.0187	0.0187	0.0184	0.0187	0.0187	0.0185	0.0187	0.0187	0.0187	0.0187	0.0187	0.0187	0.0267	0.0186	0.0187	0.0187	0.0187	0.0187	0.0187	0.0186	0.0186	0.0185	0.0187	0.0187	0.0187	0.0187	0.0187	0.0187	0.0187	0.0187	0.0187	0.0186	0.0187	0.0187	0.0187	0.0185	0.0186	0.0187	0.0187	0.0187	0.0187	0.0186	0.0187	0.0187	0.0187	0.0187	0.0187	0.0176	0.0185	0.0196
  K	0.0092	0.0092	0.0124	0.0092	0.0092	0.0092	0.0096	0.0092	0.014	0.0099	0	0.0098	0.0092	0.0103	0.0092	0.0092	0.0092	0.0092	0.0092	0.0093	0.0094	0.0092	0.0092	0.0092	0.0092	0.0092	0.0092	0.0112	0.01	0.0092	0.0092	0.0092	0.0092	0.0092	0.0092	0.0093	0.0093	0.0092	0.0092	0.0092	0.0092	0.0092	0.0092	0.0092	0.0092	0.0092	0.0094	0.0092	0.0092	0.0092	0.0093	0.0092	0.0092	0.0092	0.011	0.0093	0.0138	0.0092	0.0092	0.0092	0.0139	0.0092	0.0481	0.0093	0.0108
  L	0.0075	0.0075	0.0277	0.0102	0.0189	0.0114	0.0125	0.0114	0.0315	0.0075	0.0081	0	0.0075	0.0075	0.0075	0.01	0.0075	0.0113	0.0075	0.0112	0.1055	0.0075	0.0075	0.0113	0.0076	0.0075	0.0075	0.0086	0.0421	0.0281	0.0075	0.0075	0.0075	0.0075	0.0077	0.0915	0.0681	0.0075	0.0075	0.0075	0.0075	0.0075	0.0075	0.0075	0.0075	0.0075	0.0583	0.0075	0.0177	0.0075	0.0456	0.0075	0.0075	0.0082	0.0075	0.0197	0.0151	0.0075	0.0076	0.0075	0.018	0.0075	0.071	0.0904	0.0096
  M	0.0188	0.0188	0.0187	0.0188	0.0188	0.0211	0.0187	0.0188	0.0182	0.0188	0.0188	0.0183	0	0.0188	0.0188	0.0188	0.0188	0.0185	0.0188	0.0188	0.0186	0.0188	0.0188	0.0188	0.0188	0.0188	0.0188	0.0187	0.0187	0.0188	0.0188	0.0188	0.0188	0.0188	0.0187	0.0187	0.0223	0.0188	0.0188	0.0188	0.0188	0.0188	0.0188	0.0188	0.0188	0.0188	0.0322	0.0188	0.0188	0.0188	0.0186	0.0187	0.0188	0.0188	0.0188	0.0188	0.0186	0.0188	0.0188	0.0188	0.0187	0.0188	0.0174	0.0186	0.0188
  N	0.0179	0.0178	0.0225	0.0179	0.0178	0.0178	0.0178	0.0179	0.0173	0.018	0.0198	0.0175	0.0178	0	0.0178	0.0178	0.0178	0.0332	0.0178	0.0178	0.0233	0.0179	0.0179	0.0178	0.0178	0.0178	0.0178	0.0185	0.0178	0.0178	0.0178	0.0178	0.0178	0.0179	0.0178	0.0178	0.0178	0.0178	0.0178	0.0178	0.0178	0.0178	0.0179	0.0178	0.0178	0.0179	0.0178	0.0178	0.0179	0.0179	0.0177	0.0178	0.0179	0.0178	0.0179	0.0178	0.0177	0.0178	0.0179	0.0178	0.0178	0.0178	0.0183	0.018	0.0182
  O	0.0166	0.0166	0.0166	0.0166	0.0166	0.0166	0.0166	0.0166	0.0165	0.0166	0.0166	0.0163	0.0166	0.0166	0	0.0166	0.0166	0.0164	0.0166	0.0166	0.0165	0.0166	0.0166	0.0166	0.0166	0.0166	0.0166	0.0165	0.0166	0.0166	0.0166	0.0166	0.0166	0.0166	0.0166	0.0165	0.0244	0.0166	0.0166	0.0166	0.0166	0.0166	0.0166	0.0166	0.0166	0.0166	0.0167	0.0166	0.0166	0.0166	0.0165	0.0165	0.0166	0.0166	0.0166	0.0166	0.0165	0.0166	0.0166	0.0166	0.0166	0.0166	0.0229	0.0165	0.0166
  P	0.0166	0.0166	0.0166	0.0166	0.0166	0.0403	0.0166	0.0166	0.0203	0.0166	0.0166	0.0217	0.0166	0.0166	0.0166	0	0.0166	0.026	0.0166	0.0166	0.0296	0.0166	0.0166	0.0166	0.0166	0.0166	0.0166	0.0186	0.0166	0.0166	0.0166	0.0166	0.0166	0.0166	0.0166	0.0166	0.0248	0.0166	0.0166	0.0166	0.0166	0.0166	0.0166	0.0166	0.0166	0.0211	0.0166	0.0166	0.0166	0.0166	0.0165	0.0166	0.0166	0.0166	0.0225	0.0166	0.0165	0.0166	0.0166	0.0166	0.0443	0.0166	0.0255	0.0165	0.0166
  Q	0.019	0.019	0.0189	0.019	0.0283	0.0189	0.0189	0.019	0.0183	0.019	0.0189	0.0185	0.0189	0.019	0.0189	0.0189	0	0.0187	0.019	0.0189	0.0188	0.0189	0.019	0.019	0.0189	0.019	0.019	0.0189	0.0189	0.0189	0.019	0.019	0.019	0.019	0.0189	0.0189	0.0279	0.019	0.019	0.019	0.019	0.019	0.019	0.019	0.019	0.019	0.0386	0.0189	0.019	0.019	0.0188	0.0189	0.019	0.019	0.019	0.0189	0.0188	0.019	0.019	0.019	0.0189	0.019	0.0175	0.0188	0.019
  R	0.0115	0.0115	0.0116	0.0406	0.0115	0.0469	0.0115	0.0115	0.0114	0.0115	0.0115	0.0171	0.0115	0.0216	0.0115	0.0182	0.0115	0	0.0115	0.0116	0.0201	0.0225	0.0168	0.0115	0.0115	0.0115	0.0115	0.0738	0.0115	0.0115	0.0115	0.0115	0.0115	0.0115	0.0115	0.0115	0.0767	0.0115	0.0115	0.0115	0.0115	0.0115	0.0115	0.0115	0.0115	0.0115	0.0166	0.0115	0.0115	0.0115	0.0115	0.0878	0.0115	0.0115	0.0115	0.0115	0.0171	0.0115	0.0115	0.0115	0.0163	0.0115	0.0222	0.0116	0.0115
  S	0.0166	0.0166	0.0165	0.0166	0.0166	0.0166	0.0165	0.0166	0.0161	0.0166	0.0166	0.0162	0.0166	0.0166	0.0166	0.0166	0.0166	0.0164	0	0.0166	0.0165	0.0166	0.0166	0.0166	0.0166	0.0166	0.0166	0.0165	0.0165	0.0166	0.0166	0.0166	0.0166	0.0166	0.0165	0.0165	0.0164	0.0166	0.0166	0.0166	0.0166	0.0166	0.0166	0.0166	0.0166	0.0166	0.0165	0.0166	0.0166	0.0166	0.0165	0.0165	0.0166	0.0166	0.0166	0.0166	0.0165	0.0166	0.0166	0.0166	0.0166	0.0166	0.0232	0.0164	0.0166
  T	0.0069	0.0069	0.0069	0.0069	0.0069	0.0069	0.0072	0.0069	0.0106	0.0069	0.0069	0.01	0.0069	0.0069	0.0069	0.0069	0.0069	0.0068	0.0069	0	0.0069	0.0069	0.0069	0.0069	0.0069	0.0069	0.0069	0.0069	0.0069	0.0069	0.0069	0.0069	0.0069	0.0069	0.0078	0.0069	0.0081	0.0069	0.0069	0.0069	0.0069	0.0069	0.0081	0.0069	0.0069	0.0069	0.0069	0.0069	0.0082	0.0069	0.0069	0.0069	0.0069	0.0069	0.0069	0.0069	0.0069	0.0069	0.0069	0.0069	0.0069	0.0069	0.0607	0.0069	0.0069
