Map from character to field name
A:	Canada
B:	China
C:	Singapore
D:	South Korea
E:	Thailand
F:	Usa
G:	?


Substitution rate (mu): 26.00827

Equilibrium frequencies (pi_i):
  A: 0.19
  B: 0.175
  C: 0.1579
  D: 0.1531
  E: 0.1577
  F: 0.1663

Symmetrized rates from j->i (W_ij):
	A	B	C	D	E	F
  A	0	0.9274	0.5745	0.5855	0.5745	2.2315
  B	0.9274	0	0.8434	1.0587	0.8495	5.7836
  C	0.5745	0.8434	0	0.5727	0.5762	0.5644
  D	0.5855	1.0587	0.5727	0	0.5727	1.2597
  E	0.5745	0.8495	0.5762	0.5727	0	0.5645
  F	2.2315	5.7836	0.5644	1.2597	0.5645	0

Actual rates from j->i (Q_ij):
	A	B	C	D	E	F
  A	0	0.1762	0.1092	0.1112	0.1092	0.424
  B	0.1623	0	0.1476	0.1853	0.1487	1.0121
  C	0.0907	0.1331	0	0.0904	0.091	0.0891
  D	0.0896	0.1621	0.0877	0	0.0877	0.1928
  E	0.0906	0.134	0.0909	0.0903	0	0.089
  F	0.3711	0.9619	0.0939	0.2095	0.0939	0
