Map from character to field name
A:	Canada
B:	China
C:	Singapore
D:	South Korea
E:	Thailand
F:	Usa
G:	?


Substitution rate (mu): 29.105051

Equilibrium frequencies (pi_i):
  A: 0.1808
  B: 0.1782
  C: 0.1587
  D: 0.1584
  E: 0.1586
  F: 0.1653

Symmetrized rates from j->i (W_ij):
	A	B	C	D	E	F
  A	0	1.0304	0.5423	0.5402	0.5423	2.1253
  B	1.0304	0	0.796	1.1862	0.8027	5.8183
  C	0.5423	0.796	0	0.5408	0.544	0.5327
  D	0.5402	1.1862	0.5408	0	0.5408	1.444
  E	0.5423	0.8027	0.544	0.5408	0	0.5328
  F	2.1253	5.8183	0.5327	1.444	0.5328	0

Actual rates from j->i (Q_ij):
	A	B	C	D	E	F
  A	0	0.1863	0.098	0.0977	0.098	0.3842
  B	0.1836	0	0.1418	0.2114	0.1431	1.0369
  C	0.0861	0.1263	0	0.0858	0.0864	0.0846
  D	0.0856	0.1879	0.0857	0	0.0857	0.2287
  E	0.086	0.1273	0.0863	0.0857	0	0.0845
  F	0.3513	0.9618	0.0881	0.2387	0.0881	0
