Map from character to field name
A:	Algeria
B:	Argentina
C:	Australia
D:	Austria
E:	Bangladesh
F:	Belgium
G:	Brazil
H:	Cambodia
I:	Canada
J:	Chad
K:	Chile
L:	China
M:	Czech Republic
N:	Denmark
O:	Egypt
P:	France
Q:	Georgia
R:	Germany
S:	Guam
T:	Guatemala
U:	Hong Kong
V:	Hungary
W:	Iceland
X:	India
Y:	Indonesia
Z:	Iran
[:	Ireland
\:	Italy
]:	Japan
^:	Kazakhstan
_:	Kuwait
`:	Laos
a:	Luxembourg
b:	Malaysia
c:	Mexico
d:	Mongolia
e:	Netherlands
f:	New Zealand
g:	Nicaragua
h:	Nigeria
i:	Norway
j:	Pakistan
k:	Peru
l:	Philippines
m:	Poland
n:	Romania
o:	Russia
p:	Saudi Arabia
q:	Singapore
r:	South Africa
s:	South Korea
t:	Spain
u:	Sri Lanka
v:	Sweden
w:	Switzerland
x:	Taiwan
y:	Thailand
z:	Turkey
{:	Ukraine
|:	United Arab Emirates
}:	United Kingdom
~:	Uruguay
:	Usa
:	Vietnam
:	Zambia
:	?


Substitution rate (mu): 26.56125

Equilibrium frequencies (pi_i):
  A: 0.0184
  B: 0.0155
  C: 0.0072
  D: 0.0194
  E: 0.0203
  F: 0.0171
  G: 0.008
  H: 0.0193
  I: 0.0017
  J: 0.0195
  K: 0.0102
  L: 0.0053
  M: 0.0198
  N: 0.0175
  O: 0.0201
  P: 0.014
  Q: 0.0195
  R: 0.0138
  S: 0.0175
  T: 0.0081
  U: 0.0059
  V: 0.0187
  W: 0.0199
  X: 0.0179
  Y: 0.0195
  Z: 0.0201
  [: 0.0192
  \: 0.0144
  ]: 0.0067
  ^: 0.0172
  _: 0.0191
  `: 0.019
  a: 0.02
  b: 0.0156
  c: 0.0114
  d: 0.012
  e: 0.0048
  f: 0.0176
  g: 0.0178
  h: 0.0188
  i: 0.0199
  j: 0.02
  k: 0.0191
  l: 0.0199
  m: 0.0202
  n: 0.0175
  o: 0.0105
  p: 0.0142
  q: 0.0153
  r: 0.0152
  s: 0.0065
  t: 0.0179
  u: 0.02
  v: 0.0153
  w: 0.0161
  x: 0.0129
  y: 0.0118
  z: 0.0202
  {: 0.0194
  |: 0.0188
  }: 0.0093
  ~: 0.0175
  : 0.0045
  : 0.0109
  : 0.0194

Symmetrized rates from j->i (W_ij):
	A	B	C	D	E	F	G	H	I	J	K	L	M	N	O	P	Q	R	S	T	U	V	W	X	Y	Z	[	\	]	^	_	`	a	b	c	d	e	f	g	h	i	j	k	l	m	n	o	p	q	r	s	t	u	v	w	x	y	z	{	|	}	~			
  A	0	0.9659	0.9645	0.9659	0.9656	0.9653	0.9648	0.9659	0.9441	0.966	0.9644	0.9451	0.9659	0.966	0.966	0.9659	0.9659	0.957	0.966	0.9657	0.9606	0.9659	0.9659	0.9659	0.965	0.9659	0.9659	0.9626	1.1648	0.9659	0.9659	0.966	0.9659	0.9659	0.9641	0.9619	0.9598	0.9661	0.966	0.966	0.9659	0.9659	0.966	0.9659	0.9659	0.966	0.9612	0.9659	0.966	0.966	0.9609	0.9637	0.966	0.9659	0.966	0.9655	0.9606	0.9659	0.9659	0.966	0.9652	0.966	1.1875	0.9591	0.9659
  B	0.9659	0	0.9644	0.9658	0.9655	0.9653	0.9649	0.9657	1.4889	0.9659	0.9646	0.9473	0.9657	0.9659	0.9658	0.9658	0.9658	0.9583	0.9658	0.9656	0.9614	0.9657	0.9658	0.9658	0.965	0.9658	0.9658	0.963	0.9636	0.9658	0.9658	0.9658	0.9658	0.9658	0.9643	0.9623	0.9603	0.9684	0.9658	0.9658	0.9658	0.9657	0.9658	0.9658	0.9658	0.9658	0.9616	0.9657	0.9659	0.9658	0.9612	0.9639	0.9658	0.9658	0.9659	0.9654	0.9613	0.9658	0.9657	0.9658	0.9683	0.9658	1.7537	0.9599	0.9658
  C	0.9645	0.9644	0	0.964	0.967	0.9651	1.0243	0.9642	0.9594	0.9925	1.0408	2.938	0.964	0.9643	0.9641	0.9655	0.9643	0.9618	0.9642	0.9652	1.6215	0.9642	0.964	1.2113	0.9639	0.964	0.964	0.9907	1.5114	0.9649	0.9641	0.9641	0.964	0.9658	0.9644	0.9675	2.5637	1.2036	0.9644	0.9641	0.964	0.9639	0.9641	0.9639	0.9639	0.9642	2.2048	0.9645	1.057	0.9651	1.0657	0.9634	1.1237	0.9647	0.9645	0.9684	0.9632	0.9639	0.9642	0.9641	0.9657	0.9642	8.3391	0.966	0.9831
  D	0.9659	0.9658	0.964	0	0.9655	0.9654	0.9645	0.9658	0.9416	0.966	0.9642	0.9423	0.9658	0.9663	0.9659	0.9659	0.9658	3.3602	0.9659	0.9655	0.9605	0.9659	0.9658	0.9658	0.9649	0.9658	0.9659	1.4437	0.9629	0.9658	0.9658	0.9659	0.9658	0.9658	0.964	0.9614	0.9589	0.966	0.9658	0.9659	0.9658	0.9658	0.9659	0.9658	0.9658	0.9659	0.9606	0.9658	0.9659	0.9659	0.9599	0.9639	0.9659	0.9658	0.9659	0.9652	0.9601	0.9658	0.9658	0.9659	0.9654	0.9659	0.8997	0.9584	0.9659
  E	0.9656	0.9655	0.967	0.9655	0	0.9864	0.9644	0.9656	0.9406	0.9656	0.9639	0.9986	0.9656	0.9656	1.2224	0.9656	0.9659	0.9562	0.9656	0.9654	0.9602	0.9656	0.9655	0.966	0.9646	0.9658	0.9656	0.962	0.9936	0.9658	0.9656	0.9655	0.9657	0.9657	0.9637	3.0719	1.502	0.9659	0.9656	0.9656	0.9656	0.9655	0.9656	0.9655	0.9655	0.9656	4.3559	0.9655	0.9659	0.9657	1.0963	0.9631	0.9657	0.9656	0.9656	0.9895	0.9597	0.9655	0.9656	0.9656	0.9649	0.9656	0.8975	1.1307	0.9656
  F	0.9653	0.9653	0.9651	0.9654	0.9864	0	0.9677	0.9652	1.0721	0.9653	0.9643	1.2412	0.9654	0.9663	0.9656	1.6427	0.9657	5.5491	0.9653	0.9656	0.9656	1.1123	0.9657	0.9658	0.9645	0.9653	0.9652	0.9669	0.9648	0.9655	0.9653	0.9652	0.9652	0.9657	1.1443	0.9636	4.6215	0.9659	0.9653	0.9653	0.9653	0.9652	0.9655	0.9652	0.9652	0.9653	3.2766	0.9654	0.966	0.9656	0.9642	1.0614	0.9655	0.9654	0.9655	0.9654	1.0184	0.9652	0.9655	0.9653	1.2365	0.9653	1.2219	0.962	0.9654
  G	0.9648	0.9649	1.0243	0.9645	0.9644	0.9677	0	0.9645	2.4164	0.9648	0.9654	0.9988	0.9645	0.9651	0.9645	0.9654	0.9646	0.9699	0.9647	0.999	1.4993	1.0133	0.9645	0.9647	0.9642	0.9645	0.9645	0.9639	0.9676	0.9648	0.9646	0.9646	0.9645	0.965	0.9891	0.9634	1.0214	0.9651	0.9877	0.9646	0.9645	0.9644	0.9647	0.9645	0.9645	0.9647	1.371	0.9649	1.4072	0.965	1.0113	1.3782	0.9645	0.9649	0.9649	0.9664	1.9323	0.9645	0.9645	1.2341	0.9677	0.9681	6.5982	0.9624	0.9647
  H	0.9659	0.9657	0.9642	0.9658	0.9656	0.9652	0.9645	0	0.9446	0.9659	0.9642	1.3211	0.9658	0.9659	0.9659	0.9657	0.9658	0.9564	0.9658	0.9655	0.9603	0.9658	0.9658	0.9659	0.965	0.9658	0.9658	0.9623	1.1204	0.9658	0.9658	0.9658	0.9658	0.9658	0.9638	1.4433	0.9592	0.9661	0.9658	0.9658	0.9658	0.9658	0.9658	0.9658	0.9658	0.9658	0.9611	0.9657	0.9659	0.9659	1.0971	0.9635	0.9659	0.9658	0.9659	0.9654	0.9602	0.9658	0.9658	0.9658	0.9648	0.9658	0.901	2.4081	0.9658
  I	0.9441	1.4889	0.9594	0.9416	0.9406	1.0721	2.4164	0.9446	0	0.9418	1.4374	2.7325	0.9411	0.9447	0.9408	1.263	0.9415	1.197	0.944	1.0176	2.8749	0.9426	0.941	0.9436	0.9415	0.9407	0.9419	1.0204	1.8098	0.9447	0.942	0.9424	0.9409	0.9479	3.2338	0.9511	0.9638	0.9519	0.9438	0.9426	0.941	0.9408	1.3892	0.941	0.9407	0.944	1.5687	0.9482	0.9471	0.9472	2.9893	1.4837	0.9409	0.9472	0.9462	1.065	2.3868	0.9406	0.9416	0.9427	0.9734	0.9445	83.1076	2.2547	0.942
  J	0.966	0.9659	0.9925	0.966	0.9656	0.9653	0.9648	0.9659	0.9418	0	1.2164	0.9424	0.9659	0.966	0.966	0.9659	0.9659	0.9567	0.966	0.9656	0.9602	0.9659	0.966	0.966	0.965	0.966	0.966	1.1014	0.963	0.9659	0.966	0.966	0.966	0.9659	0.9639	0.9615	0.9593	0.9662	0.966	0.966	0.966	0.9659	0.966	0.966	0.9659	0.966	0.9606	0.9659	0.966	0.966	0.9601	0.9636	0.9661	0.9659	0.9661	0.9653	0.9602	0.966	0.9659	0.966	0.965	0.966	0.995	0.9585	1.036
  K	0.9644	0.9646	1.0408	0.9642	0.9639	0.9643	0.9654	0.9642	1.4374	1.2164	0	0.9545	0.9641	0.9647	0.9642	0.9648	0.9641	0.9604	0.9644	0.9652	0.9834	0.9642	0.9641	0.9643	0.9637	0.9641	0.9642	1.2127	0.9643	0.9645	0.9642	0.9642	0.9641	0.9646	1.0257	0.9626	0.9625	0.9646	0.9644	1.2314	0.9641	0.9641	0.9643	0.9641	0.9641	0.9644	0.9624	0.9647	0.9647	0.9647	1.0093	0.9633	0.9642	0.9646	0.9647	0.9649	0.9623	0.9641	0.9641	0.9643	1.447	0.9644	4.4233	0.9613	1.1478
  L	0.9451	0.9473	2.938	0.9423	0.9986	1.2412	0.9988	1.3211	2.7325	0.9424	0.9545	0	0.9422	0.9463	0.9427	0.9502	1.1954	0.9594	0.9446	0.9687	13.4107	0.9492	0.9419	1.5818	1.2811	0.9416	0.9426	1.2872	5.5535	2.5196	0.943	0.9432	0.9417	0.9498	0.954	9.6777	5.1625	1.3215	0.9511	0.9432	0.9419	0.945	0.943	0.9418	0.9414	0.9446	9.2834	0.9488	1.4681	1.0973	7.9568	0.9448	0.9421	1.3472	0.9568	4.2616	2.1374	0.9414	1.2824	0.9432	1.5497	0.9446	15.7492	12.2409	1.1088
  M	0.9659	0.9657	0.964	0.9658	0.9656	0.9654	0.9645	0.9658	0.9411	0.9659	0.9641	0.9422	0	0.9659	0.9659	0.9658	0.9658	0.9562	0.9658	0.9655	0.96	0.9658	0.9658	0.9659	0.9649	0.9658	0.9658	0.9622	0.9629	0.9658	0.9658	0.9658	0.9658	0.9658	0.9638	0.9614	2.3969	0.9661	0.9658	0.9659	0.9658	0.9658	0.9659	0.9658	0.9658	0.9658	0.9606	0.9657	0.966	0.9659	0.9598	0.9634	0.966	0.9658	0.9659	0.9652	0.96	0.9658	0.9658	0.9659	0.9649	0.9658	0.8985	0.9584	0.9658
  N	0.966	0.9659	0.9643	0.9663	0.9656	0.9663	0.9651	0.9659	0.9447	0.966	0.9647	0.9463	0.9659	0	0.966	0.9663	0.9659	1.604	0.9659	0.9656	0.9879	0.9661	0.9659	0.9659	0.9651	0.9659	0.9659	0.9635	0.9634	0.966	0.9659	0.9659	0.9659	0.966	0.9663	0.962	0.9615	0.9662	0.9659	0.966	0.9659	0.9659	0.966	0.9659	0.966	0.9659	0.9612	0.9659	0.966	0.966	0.9606	1.3848	0.966	0.9659	0.966	0.9654	0.9613	0.966	0.9659	0.966	0.9976	0.9659	1.3689	0.9594	0.9659
  O	0.966	0.9658	0.9641	0.9659	1.2224	0.9656	0.9645	0.9659	0.9408	0.966	0.9642	0.9427	0.9659	0.966	0	0.9658	0.9661	0.9562	0.9659	0.9655	0.9599	0.9659	0.9659	0.966	0.965	1.2205	0.9659	0.9622	0.9632	0.966	0.9659	0.9659	0.966	0.9659	0.9638	0.9627	0.987	0.9661	0.9659	0.966	0.9659	0.9659	0.966	0.9659	0.9659	0.9659	1.801	0.9658	0.966	0.966	0.9598	0.9635	0.966	0.9658	0.966	1.0318	0.96	0.9659	0.9659	0.966	0.9648	0.9659	0.8976	0.9584	0.9659
  P	0.9659	0.9658	0.9655	0.9659	0.9656	1.6427	0.9654	0.9657	1.263	0.9659	0.9648	0.9502	0.9658	0.9663	0.9658	0	0.9657	2.3175	0.9658	0.9657	1.1714	0.9659	0.9657	0.9658	0.9651	0.9657	0.9657	1.1812	0.9641	0.9659	0.9658	0.9658	0.9657	0.9678	0.9852	0.9627	1.2871	0.966	0.9658	0.9658	0.9657	0.9657	0.9658	0.9657	0.9657	0.9658	0.9658	0.9658	0.966	0.9659	0.9618	0.965	0.9658	0.9658	1.3172	0.9656	0.9619	0.9657	0.9657	0.9658	2.9	0.9658	2.6873	0.9608	0.9659
  Q	0.9659	0.9658	0.9643	0.9658	0.9659	0.9657	0.9646	0.9658	0.9415	0.9659	0.9641	1.1954	0.9658	0.9659	0.9661	0.9657	0	0.9565	0.9659	0.9655	0.9603	0.9658	0.9658	0.966	0.9649	0.9659	0.9658	0.9623	0.9632	0.9659	0.9659	0.9658	0.9659	0.9658	0.9638	0.9651	1.6105	0.9662	0.9659	0.9659	0.9659	0.9658	0.9659	0.9658	0.9658	0.9658	2.0775	0.9658	0.966	0.9659	0.9601	0.9635	0.966	0.9658	0.9659	0.9654	0.9601	0.9658	0.9658	0.9659	0.9649	0.9659	0.8996	0.9587	0.9658
  R	0.957	0.9583	0.9618	3.3602	0.9562	5.5491	0.9699	0.9564	1.197	0.9567	0.9604	0.9594	0.9562	1.604	0.9562	2.3175	0.9565	0	0.9573	0.962	1.6063	2.0709	0.9562	0.9574	0.9557	0.956	0.9565	4.5636	0.9613	0.9579	0.9566	0.9566	0.9561	0.9588	1.1266	0.9575	6.6267	0.9579	0.9572	0.9567	0.9562	0.9561	0.9568	0.9561	0.9561	0.9573	1.0453	0.959	0.959	0.9587	0.9592	7.6029	0.9564	0.9587	0.9583	0.9593	0.9581	0.9561	0.9566	0.9567	1.7933	0.9573	1.554	0.9561	0.957
  S	0.966	0.9658	0.9642	0.9659	0.9656	0.9653	0.9647	0.9658	0.944	0.966	0.9644	0.9446	0.9658	0.9659	0.9659	0.9658	0.9659	0.9573	0	0.9655	0.9607	0.9658	0.9659	0.9659	0.965	0.9659	0.9659	0.9627	0.9633	0.9659	0.9659	0.9659	0.9659	0.9658	0.964	0.9619	0.9595	0.9661	0.9659	0.9659	0.9659	0.9658	0.9659	0.9659	0.9659	0.9659	0.9617	0.9658	0.9659	0.9659	0.9605	0.9637	0.9659	0.9658	0.9659	0.9653	0.9607	0.9659	0.9658	0.9659	0.965	0.9659	1.3589	0.9592	0.9659
  T	0.9657	0.9656	0.9652	0.9655	0.9654	0.9656	0.999	0.9655	1.0176	0.9656	0.9652	0.9687	0.9655	0.9656	0.9655	0.9657	0.9655	0.962	0.9655	0	0.9642	0.9678	0.9655	0.9656	0.9651	0.9655	0.9655	0.9644	0.9649	0.9656	0.9655	0.9655	0.9655	0.9657	1.1656	0.9639	1.1225	0.9657	0.9672	0.9656	0.9655	0.9655	1.2238	0.9655	0.9655	0.9655	0.9638	0.9656	1.4943	0.9657	0.9808	0.9646	0.9655	0.9656	0.9657	0.9661	0.9633	0.9655	0.9655	0.9656	0.9657	0.9655	6.8168	0.9627	0.9656
  U	0.9606	0.9614	1.6215	0.9605	0.9602	0.9656	1.4993	0.9603	2.8749	0.9602	0.9834	13.4107	0.96	0.9879	0.9599	1.1714	0.9603	1.6063	0.9607	0.9642	0	0.9774	0.9599	0.9623	0.9602	0.9598	0.9601	1.329	0.9671	0.9611	0.9603	0.9602	0.9599	2.454	2.0089	0.9628	4.1965	1.318	0.9611	0.9603	0.9599	0.9599	0.9605	0.9599	0.9599	0.9607	1.0865	0.9618	0.983	0.9973	0.9674	1.081	0.9609	0.9621	0.9614	1.0158	0.9668	0.9599	0.9609	0.9604	1.13	0.9607	8.8799	2.2795	0.9604
  V	0.9659	0.9657	0.9642	0.9659	0.9656	1.1123	1.0133	0.9658	0.9426	0.9659	0.9642	0.9492	0.9658	0.9661	0.9659	0.9659	0.9658	2.0709	0.9658	0.9678	0.9774	0	0.9658	0.9659	0.9649	0.9658	0.9658	0.9626	0.9631	0.9658	0.9658	0.9658	0.9658	0.9659	0.964	0.9617	1.8902	0.9661	0.9677	0.9658	0.9658	0.9658	0.9659	0.9658	0.9658	0.9658	0.9611	0.9657	1.0344	0.9659	0.9894	0.9639	0.9659	0.9658	0.9659	0.9652	0.9603	0.9658	0.9658	0.9658	0.9653	0.9658	1.0695	0.9588	0.9658
  W	0.9659	0.9658	0.964	0.9658	0.9655	0.9657	0.9645	0.9658	0.941	0.966	0.9641	0.9419	0.9658	0.9659	0.9659	0.9657	0.9658	0.9562	0.9659	0.9655	0.9599	0.9658	0	0.9659	0.9649	0.9658	0.9659	0.9622	0.9629	0.9658	0.9659	0.9659	0.9659	0.9658	0.9637	0.9614	1.4376	0.9661	0.9659	0.9659	0.9659	0.9658	0.9659	0.9658	0.9658	0.9659	0.9605	0.9658	0.966	0.9659	0.9597	0.9634	0.966	0.9658	0.9659	0.9652	0.96	0.9659	0.9658	0.9659	0.9648	0.9659	0.8981	0.9583	0.9658
  X	0.9659	0.9658	1.2113	0.9658	0.966	0.9658	0.9647	0.9659	0.9436	0.966	0.9643	1.5818	0.9659	0.9659	0.966	0.9658	0.966	0.9574	0.9659	0.9656	0.9623	0.9659	0.9659	0	0.9651	0.9659	0.9659	0.9628	0.9641	0.966	0.9659	0.9659	0.9659	0.9659	0.964	1.1135	1.1437	0.9664	0.9659	0.9659	0.9659	0.9658	0.9659	0.9658	0.9658	0.9659	1.3694	0.9658	0.9661	0.9659	0.9612	0.9637	0.966	0.9659	0.9659	0.9657	0.9607	0.9658	0.9659	0.9659	0.9651	0.9659	1.1389	1.0537	0.9659
  Y	0.965	0.965	0.9639	0.9649	0.9646	0.9645	0.9642	0.965	0.9415	0.965	0.9637	1.2811	0.9649	0.9651	0.965	0.9651	0.9649	0.9557	0.965	0.9651	0.9602	0.9649	0.9649	0.9651	0	0.9649	0.965	0.9617	0.9631	0.9651	0.965	0.965	0.9649	0.9651	0.9632	0.963	0.9589	0.9653	0.965	0.965	0.9649	0.9649	0.965	0.9649	0.9649	0.965	0.9606	0.9651	0.9653	0.9652	1.0956	0.9626	0.965	0.9651	0.9651	0.9649	0.9597	0.9649	0.9649	0.965	0.9644	0.965	0.9006	0.9592	0.9649
  Z	0.9659	0.9658	0.964	0.9658	0.9658	0.9653	0.9645	0.9658	0.9407	0.966	0.9641	0.9416	0.9658	0.9659	1.2205	0.9657	0.9659	0.956	0.9659	0.9655	0.9598	0.9658	0.9658	0.9659	0.9649	0	0.9659	0.9622	0.9629	0.9659	0.9659	0.9659	0.9659	0.9658	0.9637	0.9615	0.9644	0.9661	0.9659	0.9659	0.9659	0.9658	0.9659	0.9658	0.9658	0.9659	1.1958	0.9658	0.9659	0.9659	0.9596	0.9634	0.9659	0.9658	0.9659	0.9652	0.9599	0.9659	0.9658	0.9659	0.9648	0.9659	0.8973	0.9582	0.9658
  [	0.9659	0.9658	0.964	0.9659	0.9656	0.9652	0.9645	0.9658	0.9419	0.966	0.9642	0.9426	0.9658	0.9659	0.9659	0.9657	0.9658	0.9565	0.9659	0.9655	0.9601	0.9658	0.9659	0.9659	0.965	0.9659	0	0.9624	0.963	0.9658	0.9659	0.9659	0.9659	0.9658	0.9638	0.9615	0.9589	0.9661	0.9659	0.9659	0.9659	0.9658	0.9659	0.9659	0.9658	0.9659	0.9606	1.2706	0.9659	0.9659	0.9599	0.9635	0.9659	0.9658	0.9659	0.9652	0.9602	0.9659	0.9658	0.9659	0.9651	0.9659	1.0669	0.9586	0.9658
  \	0.9626	0.963	0.9907	1.4437	0.962	0.9669	0.9639	0.9623	1.0204	1.1014	1.2127	1.2872	0.9622	0.9635	0.9622	1.1812	0.9623	4.5636	0.9627	0.9644	1.329	0.9626	0.9622	0.9628	0.9617	0.9622	0.9624	0	0.9631	0.9628	0.9624	0.9624	0.9622	0.9663	0.9629	0.9609	2.9515	0.9631	0.9627	0.9625	0.9622	0.9621	0.9625	0.9622	0.9621	0.9627	0.9609	0.9633	0.9634	0.9633	1.1188	1.2496	0.9623	0.9631	1.5584	0.9634	0.9737	0.9622	0.9624	0.9625	1.087	0.9627	2.3084	0.9591	1.161
  ]	1.1648	0.9636	1.5114	0.9629	0.9936	0.9648	0.9676	1.1204	1.8098	0.963	0.9643	5.5535	0.9629	0.9634	0.9632	0.9641	0.9632	0.9613	0.9633	0.9649	0.9671	0.9631	0.9629	0.9641	0.9631	0.9629	0.963	0.9631	0	0.9666	0.963	1.2514	0.9629	0.9638	0.9751	3.8061	1.7624	0.9641	0.9633	0.9631	0.9629	0.9629	0.9631	0.9628	0.9628	0.9632	3.1069	0.9638	0.9639	0.9692	2.8314	0.9625	0.9629	0.9639	0.9637	1.91	1.4424	0.9628	1.02	0.9631	1.5296	0.9633	7.5734	2.3376	0.9632
  ^	0.9659	0.9658	0.9649	0.9658	0.9658	0.9655	0.9648	0.9658	0.9447	0.9659	0.9645	2.5196	0.9658	0.966	0.966	0.9659	0.9659	0.9579	0.9659	0.9656	0.9611	0.9658	0.9658	0.966	0.9651	0.9659	0.9658	0.9628	0.9666	0	0.9658	0.9658	0.9658	0.9658	0.9641	1.6122	0.9614	0.9663	0.9658	0.9659	0.9658	0.9658	0.9659	0.9658	0.9658	0.9659	1.6479	0.9658	0.9659	0.9659	0.9609	0.9638	0.9659	0.9659	0.9659	0.9656	0.961	0.9658	0.9658	0.9659	1.2982	0.9659	1.0974	0.9595	0.9658
  _	0.9659	0.9658	0.9641	0.9658	0.9656	0.9653	0.9646	0.9658	0.942	0.966	0.9642	0.943	0.9658	0.9659	0.9659	0.9658	0.9659	0.9566	0.9659	0.9655	0.9603	0.9658	0.9659	0.9659	0.965	0.9659	0.9659	0.9624	0.963	0.9658	0	0.9659	0.9659	0.9659	0.9638	0.9616	1.2898	0.9661	0.9659	0.9659	0.9659	0.9658	0.9659	0.9659	0.9658	0.9659	0.9608	0.9658	0.966	0.9659	0.96	0.9635	0.966	0.9658	0.9659	0.9652	0.9602	0.9659	0.9658	0.9659	0.9649	0.9659	1.0434	0.9587	0.9658
  `	0.966	0.9658	0.9641	0.9659	0.9655	0.9652	0.9646	0.9658	0.9424	0.966	0.9642	0.9432	0.9658	0.9659	0.9659	0.9658	0.9658	0.9566	0.9659	0.9655	0.9602	0.9658	0.9659	0.9659	0.965	0.9659	0.9659	0.9624	1.2514	0.9658	0.9659	0	0.9659	0.9658	0.9639	0.9616	0.9591	0.9661	0.9659	0.9659	0.9659	0.9658	0.9659	0.9659	0.9658	0.9659	0.9608	0.9658	0.9659	0.9659	0.9602	0.9636	0.9659	0.9658	0.9659	0.9653	0.9603	0.9659	0.9658	0.9659	0.9649	0.9659	1.0897	0.9587	0.9658
  a	0.9659	0.9658	0.964	0.9658	0.9657	0.9652	0.9645	0.9658	0.9409	0.966	0.9641	0.9417	0.9658	0.9659	0.966	0.9657	0.9659	0.9561	0.9659	0.9655	0.9599	0.9658	0.9659	0.9659	0.9649	0.9659	0.9659	0.9622	0.9629	0.9658	0.9659	0.9659	0	0.9658	0.9637	0.9614	0.9586	0.9661	0.9659	0.9659	0.9659	0.9658	0.9659	0.9658	0.9658	0.9659	1.4407	0.9658	0.9659	0.9659	0.9597	0.9634	0.9659	0.9658	0.9659	0.9652	0.96	0.9659	0.9658	0.9659	0.9648	0.9659	0.8977	0.9582	0.9658
  b	0.9659	0.9658	0.9658	0.9658	0.9657	0.9657	0.965	0.9658	0.9479	0.9659	0.9646	0.9498	0.9658	0.966	0.9659	0.9678	0.9658	0.9588	0.9658	0.9657	2.454	0.9659	0.9658	0.9659	0.9651	0.9658	0.9658	0.9663	0.9638	0.9658	0.9659	0.9658	0.9658	0	0.9644	0.9624	2.8842	1.4495	0.9659	0.9658	0.9658	0.9658	0.9659	0.9658	0.9658	0.9658	0.9621	0.9658	0.9661	1.3535	0.9614	0.9641	0.9661	0.9658	0.9659	0.9656	0.9613	0.9658	0.9658	0.9658	0.9657	0.9658	1.9187	1.445	0.9659
  c	0.9641	0.9643	0.9644	0.964	0.9637	1.1443	0.9891	0.9638	3.2338	0.9639	1.0257	0.954	0.9638	0.9663	0.9638	0.9852	0.9638	1.1266	0.964	1.1656	2.0089	0.964	0.9637	0.964	0.9632	0.9637	0.9638	0.9629	0.9751	0.9641	0.9638	0.9639	0.9637	0.9644	0	0.9623	1.0088	0.9642	0.964	0.9639	0.9637	0.9637	1.2389	0.9637	0.9637	0.964	1.1563	0.9644	1.0683	0.9644	0.9622	0.9697	0.9638	0.9643	0.9643	0.9647	0.9615	0.9637	0.9638	0.9639	0.9798	0.964	3.0895	0.9607	0.9638
  d	0.9619	0.9623	0.9675	0.9614	3.0719	0.9636	0.9634	1.4433	0.9511	0.9615	0.9626	9.6777	0.9614	0.962	0.9627	0.9627	0.9651	0.9575	0.9619	0.9639	0.9628	0.9617	0.9614	1.1135	0.963	0.9615	0.9615	0.9609	3.8061	1.6122	0.9616	0.9616	0.9614	0.9624	0.9623	0	2.7591	0.9633	0.9619	0.9616	0.9614	1.406	0.9616	0.9614	0.9613	0.9619	8.4357	0.9626	0.9629	0.9653	3.182	0.9604	0.9615	0.9625	0.9623	1.8416	0.9606	0.9613	0.9681	0.9616	0.9643	0.9619	0.9283	0.9991	0.9619
  e	0.9598	0.9603	2.5637	0.9589	1.502	4.6215	1.0214	0.9592	0.9638	0.9593	0.9625	5.1625	2.3969	0.9615	0.987	1.2871	1.6105	6.6267	0.9595	1.1225	4.1965	1.8902	1.4376	1.1437	0.9589	0.9644	0.9589	2.9515	1.7624	0.9614	1.2898	0.9591	0.9586	2.8842	1.0088	2.7591	0	1.318	1.174	0.9591	1.4386	0.991	1.4711	1.4378	0.9586	0.9595	9.7009	0.9609	2.1538	1.2743	2.5027	0.9609	1.2547	1.4408	0.9606	0.984	1.2415	0.9585	1.4573	0.9591	2.8115	0.9595	15.506	2.7097	1.5533
  f	0.9661	0.9684	1.2036	0.966	0.9659	0.9659	0.9651	0.9661	0.9519	0.9662	0.9646	1.3215	0.9661	0.9662	0.9661	0.966	0.9662	0.9579	0.9661	0.9657	1.318	0.9661	0.9661	0.9664	0.9653	0.9661	0.9661	0.9631	0.9641	0.9663	0.9661	0.9661	0.9661	1.4495	0.9642	0.9633	1.318	0	0.9661	0.9661	0.9661	0.966	0.9661	0.9661	0.966	0.9661	0.9637	0.9659	0.9665	0.9662	0.9615	0.964	1.2766	0.9661	0.9661	0.966	0.9611	0.9661	0.9661	0.9661	0.9695	0.9661	1.356	0.9608	0.9661
  g	0.966	0.9658	0.9644	0.9658	0.9656	0.9653	0.9877	0.9658	0.9438	0.966	0.9644	0.9511	0.9658	0.9659	0.9659	0.9658	0.9659	0.9572	0.9659	0.9672	0.9611	0.9677	0.9659	0.9659	0.965	0.9659	0.9659	0.9627	0.9633	0.9658	0.9659	0.9659	0.9659	0.9659	0.964	0.9619	1.174	0.9661	0	0.9659	0.9659	0.9658	0.9659	0.9658	0.9658	0.9659	0.9611	0.9658	0.996	0.9659	1.2399	0.9637	0.9659	0.9658	0.9659	0.9653	0.9607	0.9659	0.9658	0.9659	0.965	0.9659	1.2999	0.9592	0.9659
  h	0.966	0.9658	0.9641	0.9659	0.9656	0.9653	0.9646	0.9658	0.9426	0.966	1.2314	0.9432	0.9659	0.966	0.966	0.9658	0.9659	0.9567	0.9659	0.9656	0.9603	0.9658	0.9659	0.9659	0.965	0.9659	0.9659	0.9625	0.9631	0.9659	0.9659	0.9659	0.9659	0.9658	0.9639	0.9616	0.9591	0.9661	0.9659	0	0.9659	0.9658	0.9659	0.9659	0.9659	0.9659	0.9608	0.9658	0.966	0.9659	0.9601	0.9636	0.966	0.9658	0.9659	0.9653	0.9604	0.9659	0.9658	0.9659	0.9651	0.9659	1.127	0.9587	0.9659
  i	0.9659	0.9658	0.964	0.9658	0.9656	0.9653	0.9645	0.9658	0.941	0.966	0.9641	0.9419	0.9658	0.9659	0.9659	0.9657	0.9659	0.9562	0.9659	0.9655	0.9599	0.9658	0.9659	0.9659	0.9649	0.9659	0.9659	0.9622	0.9629	0.9658	0.9659	0.9659	0.9659	0.9658	0.9637	0.9614	1.4386	0.9661	0.9659	0.9659	0	0.9658	0.9659	0.9658	0.9658	0.9659	0.9605	0.9658	0.966	0.9659	0.9597	0.9634	0.966	0.9658	0.9659	0.9652	0.96	0.9659	0.9658	0.9659	0.9648	0.9659	0.8981	0.9583	0.9658
  j	0.9659	0.9657	0.9639	0.9658	0.9655	0.9652	0.9644	0.9658	0.9408	0.9659	0.9641	0.945	0.9658	0.9659	0.9659	0.9657	0.9658	0.9561	0.9658	0.9655	0.9599	0.9658	0.9658	0.9658	0.9649	0.9658	0.9658	0.9621	0.9629	0.9658	0.9658	0.9658	0.9658	0.9658	0.9637	1.406	0.991	0.966	0.9658	0.9658	0.9658	0	0.9658	0.9658	0.9658	0.9658	0.9612	0.9657	0.9659	0.9658	0.9597	0.9634	0.9659	0.9657	0.9659	0.9652	0.9599	0.9658	0.9657	0.9658	0.9648	0.9658	0.8976	0.9582	0.9658
  k	0.966	0.9658	0.9641	0.9659	0.9656	0.9655	0.9647	0.9658	1.3892	0.966	0.9643	0.943	0.9659	0.966	0.966	0.9658	0.9659	0.9568	0.9659	1.2238	0.9605	0.9659	0.9659	0.9659	0.965	0.9659	0.9659	0.9625	0.9631	0.9659	0.9659	0.9659	0.9659	0.9659	1.2389	0.9616	1.4711	0.9661	0.9659	0.9659	0.9659	0.9658	0	0.9659	0.9659	0.9659	0.961	0.9658	1.0998	0.9659	0.9601	0.9636	0.966	0.9658	0.9659	0.9653	0.9603	0.9659	0.9658	0.9659	0.965	0.9659	0.961	0.9589	0.9659
  l	0.9659	0.9658	0.9639	0.9658	0.9655	0.9652	0.9645	0.9658	0.941	0.966	0.9641	0.9418	0.9658	0.9659	0.9659	0.9657	0.9658	0.9561	0.9659	0.9655	0.9599	0.9658	0.9658	0.9658	0.9649	0.9658	0.9659	0.9622	0.9628	0.9658	0.9659	0.9659	0.9658	0.9658	0.9637	0.9614	1.4378	0.9661	0.9658	0.9659	0.9658	0.9658	0.9659	0	0.9658	0.9659	0.9605	0.9658	0.966	0.9659	0.9597	0.9634	0.9659	0.9658	0.9659	0.9652	0.96	0.9658	0.9658	0.9659	0.9648	0.9659	0.8981	0.9583	0.9658
  m	0.9659	0.9658	0.9639	0.9658	0.9655	0.9652	0.9645	0.9658	0.9407	0.9659	0.9641	0.9414	0.9658	0.966	0.9659	0.9657	0.9658	0.9561	0.9659	0.9655	0.9599	0.9658	0.9658	0.9658	0.9649	0.9658	0.9658	0.9621	0.9628	0.9658	0.9658	0.9658	0.9658	0.9658	0.9637	0.9613	0.9586	0.966	0.9658	0.9659	0.9658	0.9658	0.9659	0.9658	0	0.9659	0.9603	0.9658	0.9659	0.9659	0.9596	0.9634	0.9659	0.9658	0.9659	0.9651	0.9599	0.9658	0.9657	0.9659	1.4503	0.9659	0.9006	0.9581	0.9658
  n	0.966	0.9658	0.9642	0.9659	0.9656	0.9653	0.9647	0.9658	0.944	0.966	0.9644	0.9446	0.9658	0.9659	0.9659	0.9658	0.9658	0.9573	0.9659	0.9655	0.9607	0.9658	0.9659	0.9659	0.965	0.9659	0.9659	0.9627	0.9632	0.9659	0.9659	0.9659	0.9659	0.9658	0.964	0.9619	0.9595	0.9661	0.9659	0.9659	0.9659	0.9658	0.9659	0.9659	0.9659	0	0.9611	0.9658	0.9659	0.9659	0.9605	0.9637	0.9659	0.9658	0.9659	0.9653	0.9607	0.9659	0.9658	0.9659	0.965	0.9659	1.3596	0.9592	0.9659
  o	0.9612	0.9616	2.2048	0.9606	4.3559	3.2766	1.371	0.9611	1.5687	0.9606	0.9624	9.2834	0.9606	0.9612	1.801	0.9658	2.0775	1.0453	0.9617	0.9638	1.0865	0.9611	0.9605	1.3694	0.9606	1.1958	0.9606	0.9609	3.1069	1.6479	0.9608	0.9608	1.4407	0.9621	1.1563	8.4357	9.7009	0.9637	0.9611	0.9608	0.9605	0.9612	0.961	0.9605	0.9603	0.9611	0	0.962	1.0163	0.9663	1.3161	0.9632	0.961	0.962	0.9616	2.0228	0.9604	0.9604	1.0282	0.9608	1.0131	0.9611	1.9341	1.4995	0.9611
  p	0.9659	0.9657	0.9645	0.9658	0.9655	0.9654	0.9649	0.9657	0.9482	0.9659	0.9647	0.9488	0.9657	0.9659	0.9658	0.9658	0.9658	0.959	0.9658	0.9656	0.9618	0.9657	0.9658	0.9658	0.9651	0.9658	1.2706	0.9633	0.9638	0.9658	0.9658	0.9658	0.9658	0.9658	0.9644	0.9626	0.9609	0.9659	0.9658	0.9658	0.9658	0.9657	0.9658	0.9658	0.9658	0.9658	0.962	0	0.9659	0.9658	0.9615	0.9641	0.9658	1.9294	0.9659	0.9655	0.9617	0.9658	0.9657	0.9658	1.1001	0.9658	2.192	0.9604	0.9658
  q	0.966	0.9659	1.057	0.9659	0.9659	0.966	1.4072	0.9659	0.9471	0.966	0.9647	1.4681	0.966	0.966	0.966	0.966	0.966	0.959	0.9659	1.4943	0.983	1.0344	0.966	0.9661	0.9653	0.9659	0.9659	0.9634	0.9639	0.9659	0.966	0.9659	0.9659	0.9661	1.0683	0.9629	2.1538	0.9665	0.996	0.966	0.966	0.9659	1.0998	0.966	0.9659	0.9659	1.0163	0.9659	0	0.9661	1.0437	0.9641	0.9661	0.9659	0.966	0.9656	0.9616	0.9659	0.966	0.966	0.9655	0.9659	1.8556	0.9604	0.966
  r	0.966	0.9658	0.9651	0.9659	0.9657	0.9656	0.965	0.9659	0.9472	0.966	0.9647	1.0973	0.9659	0.966	0.966	0.9659	0.9659	0.9587	0.9659	0.9657	0.9973	0.9659	0.9659	0.9659	0.9652	0.9659	0.9659	0.9633	0.9692	0.9659	0.9659	0.9659	0.9659	1.3535	0.9644	0.9653	1.2743	0.9662	0.9659	0.9659	0.9659	0.9658	0.9659	0.9659	0.9659	0.9659	0.9663	0.9658	0.9661	0	0.9638	0.9641	0.966	0.9659	0.966	0.9656	0.9615	0.9659	0.9659	0.9659	0.9654	0.9659	1.9923	0.9625	0.9659
  s	0.9609	0.9612	1.0657	0.9599	1.0963	0.9642	1.0113	1.0971	2.9893	0.9601	1.0093	7.9568	0.9598	0.9606	0.9598	0.9618	0.9601	0.9592	0.9605	0.9808	0.9674	0.9894	0.9597	0.9612	1.0956	0.9596	0.9599	1.1188	2.8314	0.9609	0.96	0.9602	0.9597	0.9614	0.9622	3.182	2.5027	0.9615	1.2399	0.9601	0.9597	0.9597	0.9601	0.9597	0.9596	0.9605	1.3161	0.9615	1.0437	0.9638	0	0.9597	0.9598	0.9617	0.9611	1.9336	1.5472	0.9596	0.9605	0.9601	0.9639	0.9605	8.7183	2.5209	1.1709
  t	0.9637	0.9639	0.9634	0.9639	0.9631	1.0614	1.3782	0.9635	1.4837	0.9636	0.9633	0.9448	0.9634	1.3848	0.9635	0.965	0.9635	7.6029	0.9637	0.9646	1.081	0.9639	0.9634	0.9637	0.9626	0.9634	0.9635	1.2496	0.9625	0.9638	0.9635	0.9636	0.9634	0.9641	0.9697	0.9604	0.9609	0.964	0.9637	0.9636	0.9634	0.9634	0.9636	0.9634	0.9634	0.9637	0.9632	0.9641	0.9641	0.9641	0.9597	0	0.9635	0.9639	0.964	0.9637	0.9595	0.9634	0.9634	0.9636	1.0263	0.9637	0.9327	0.9579	0.9635
  u	0.966	0.9658	1.1237	0.9659	0.9657	0.9655	0.9645	0.9659	0.9409	0.9661	0.9642	0.9421	0.966	0.966	0.966	0.9658	0.966	0.9564	0.9659	0.9655	0.9609	0.9659	0.966	0.966	0.965	0.9659	0.9659	0.9623	0.9629	0.9659	0.966	0.9659	0.9659	0.9661	0.9638	0.9615	1.2547	1.2766	0.9659	0.966	0.966	0.9659	0.966	0.9659	0.9659	0.9659	0.961	0.9658	0.9661	0.966	0.9598	0.9635	0	0.9659	0.966	0.9652	0.96	0.9659	0.9659	0.966	0.9649	0.9659	0.8986	0.9585	0.9659
  v	0.9659	0.9658	0.9647	0.9658	0.9656	0.9654	0.9649	0.9658	0.9472	0.9659	0.9646	1.3472	0.9658	0.9659	0.9658	0.9658	0.9658	0.9587	0.9658	0.9656	0.9621	0.9658	0.9658	0.9659	0.9651	0.9658	0.9658	0.9631	0.9639	0.9659	0.9658	0.9658	0.9658	0.9658	0.9643	0.9625	1.4408	0.9661	0.9658	0.9658	0.9658	0.9657	0.9658	0.9658	0.9658	0.9658	0.962	1.9294	0.9659	0.9659	0.9617	0.9639	0.9659	0	0.9659	0.9656	0.9614	0.9658	0.9658	0.9658	0.9653	0.9658	1.9144	0.9603	0.9658
  w	0.966	0.9659	0.9645	0.9659	0.9656	0.9655	0.9649	0.9659	0.9462	0.9661	0.9647	0.9568	0.9659	0.966	0.966	1.3172	0.9659	0.9583	0.9659	0.9657	0.9614	0.9659	0.9659	0.9659	0.9651	0.9659	0.9659	1.5584	0.9637	0.9659	0.9659	0.9659	0.9659	0.9659	0.9643	0.9623	0.9606	0.9661	0.9659	0.9659	0.9659	0.9659	0.9659	0.9659	0.9659	0.9659	0.9616	0.9659	0.966	0.966	0.9611	0.964	0.966	0.9659	0	0.9655	0.9613	0.9659	0.9658	0.9659	1.2698	0.9659	1.8033	0.9598	0.966
  x	0.9655	0.9654	0.9684	0.9652	0.9895	0.9654	0.9664	0.9654	1.065	0.9653	0.9649	4.2616	0.9652	0.9654	1.0318	0.9656	0.9654	0.9593	0.9653	0.9661	1.0158	0.9652	0.9652	0.9657	0.9649	0.9652	0.9652	0.9634	1.91	0.9656	0.9652	0.9653	0.9652	0.9656	0.9647	1.8416	0.984	0.966	0.9653	0.9653	0.9652	0.9652	0.9653	0.9652	0.9651	0.9653	2.0228	0.9655	0.9656	0.9656	1.9336	0.9637	0.9652	0.9656	0.9655	0	0.9623	0.9652	0.9653	0.9653	0.9657	0.9653	1.9822	1.3253	0.9653
  y	0.9606	0.9613	0.9632	0.9601	0.9597	1.0184	1.9323	0.9602	2.3868	0.9602	0.9623	2.1374	0.96	0.9613	0.96	0.9619	0.9601	0.9581	0.9607	0.9633	0.9668	0.9603	0.96	0.9607	0.9597	0.9599	0.9602	0.9737	1.4424	0.961	0.9602	0.9603	0.96	0.9613	0.9615	0.9606	1.2415	0.9611	0.9607	0.9604	0.96	0.9599	0.9603	0.96	0.9599	0.9607	0.9604	0.9617	0.9616	0.9615	1.5472	0.9595	0.96	0.9614	0.9613	0.9623	0	0.9599	0.9602	0.9604	1.9302	0.9607	2.849	0.9591	0.9603
  z	0.9659	0.9658	0.9639	0.9658	0.9655	0.9652	0.9645	0.9658	0.9406	0.966	0.9641	0.9414	0.9658	0.966	0.9659	0.9657	0.9658	0.9561	0.9659	0.9655	0.9599	0.9658	0.9659	0.9658	0.9649	0.9659	0.9659	0.9622	0.9628	0.9658	0.9659	0.9659	0.9659	0.9658	0.9637	0.9613	0.9585	0.9661	0.9659	0.9659	0.9659	0.9658	0.9659	0.9658	0.9658	0.9659	0.9604	0.9658	0.9659	0.9659	0.9596	0.9634	0.9659	0.9658	0.9659	0.9652	0.9599	0	0.9658	0.9659	1.4472	0.9659	0.8972	0.9582	0.9658
  {	0.9659	0.9657	0.9642	0.9658	0.9656	0.9655	0.9645	0.9658	0.9416	0.9659	0.9641	1.2824	0.9658	0.9659	0.9659	0.9657	0.9658	0.9566	0.9658	0.9655	0.9609	0.9658	0.9658	0.9659	0.9649	0.9658	0.9658	0.9624	1.02	0.9658	0.9658	0.9658	0.9658	0.9658	0.9638	0.9681	1.4573	0.9661	0.9658	0.9658	0.9658	0.9657	0.9658	0.9658	0.9657	0.9658	1.0282	0.9657	0.966	0.9659	0.9605	0.9634	0.9659	0.9658	0.9658	0.9653	0.9602	0.9658	0	0.9658	0.9653	0.9658	0.9019	0.9592	0.9658
  |	0.966	0.9658	0.9641	0.9659	0.9656	0.9653	1.2341	0.9658	0.9427	0.966	0.9643	0.9432	0.9659	0.966	0.966	0.9658	0.9659	0.9567	0.9659	0.9656	0.9604	0.9658	0.9659	0.9659	0.965	0.9659	0.9659	0.9625	0.9631	0.9659	0.9659	0.9659	0.9659	0.9658	0.9639	0.9616	0.9591	0.9661	0.9659	0.9659	0.9659	0.9658	0.9659	0.9659	0.9659	0.9659	0.9608	0.9658	0.966	0.9659	0.9601	0.9636	0.966	0.9658	0.9659	0.9653	0.9604	0.9659	0.9658	0	0.9649	0.9659	1.1265	0.9587	0.9659
  }	0.9652	0.9683	0.9657	0.9654	0.9649	1.2365	0.9677	0.9648	0.9734	0.965	1.447	1.5497	0.9649	0.9976	0.9648	2.9	0.9649	1.7933	0.965	0.9657	1.13	0.9653	0.9648	0.9651	0.9644	0.9648	0.9651	1.087	1.5296	1.2982	0.9649	0.9649	0.9648	0.9657	0.9798	0.9643	2.8115	0.9695	0.965	0.9651	0.9648	0.9648	0.965	0.9648	1.4503	0.965	1.0131	1.1001	0.9655	0.9654	0.9639	1.0263	0.9649	0.9653	1.2698	0.9657	1.9302	1.4472	0.9653	0.9649	0	0.965	5.1901	0.963	0.9651
  ~	0.966	0.9658	0.9642	0.9659	0.9656	0.9653	0.9681	0.9658	0.9445	0.966	0.9644	0.9446	0.9658	0.9659	0.9659	0.9658	0.9659	0.9573	0.9659	0.9655	0.9607	0.9658	0.9659	0.9659	0.965	0.9659	0.9659	0.9627	0.9633	0.9659	0.9659	0.9659	0.9659	0.9658	0.964	0.9619	0.9595	0.9661	0.9659	0.9659	0.9659	0.9658	0.9659	0.9659	0.9659	0.9659	0.9611	0.9658	0.9659	0.9659	0.9605	0.9637	0.9659	0.9658	0.9659	0.9653	0.9607	0.9659	0.9658	0.9659	0.965	0	1.3576	0.9592	0.9659
  	1.1875	1.7537	8.3391	0.8997	0.8975	1.2219	6.5982	0.901	83.1076	0.995	4.4233	15.7492	0.8985	1.3689	0.8976	2.6873	0.8996	1.554	1.3589	6.8168	8.8799	1.0695	0.8981	1.1389	0.9006	0.8973	1.0669	2.3084	7.5734	1.0974	1.0434	1.0897	0.8977	1.9187	3.0895	0.9283	15.506	1.356	1.2999	1.127	0.8981	0.8976	0.961	0.8981	0.9006	1.3596	1.9341	2.192	1.8556	1.9923	8.7183	0.9327	0.8986	1.9144	1.8033	1.9822	2.849	0.8972	0.9019	1.1265	5.1901	1.3576	0	1.6584	0.9656
  	0.9591	0.9599	0.966	0.9584	1.1307	0.962	0.9624	2.4081	2.2547	0.9585	0.9613	12.2409	0.9584	0.9594	0.9584	0.9608	0.9587	0.9561	0.9592	0.9627	2.2795	0.9588	0.9583	1.0537	0.9592	0.9582	0.9586	0.9591	2.3376	0.9595	0.9587	0.9587	0.9582	1.445	0.9607	0.9991	2.7097	0.9608	0.9592	0.9587	0.9583	0.9582	0.9589	0.9583	0.9581	0.9592	1.4995	0.9604	0.9604	0.9625	2.5209	0.9579	0.9585	0.9603	0.9598	1.3253	0.9591	0.9582	0.9592	0.9587	0.963	0.9592	1.6584	0	0.9589
  	0.9659	0.9658	0.9831	0.9659	0.9656	0.9654	0.9647	0.9658	0.942	1.036	1.1478	1.1088	0.9658	0.9659	0.9659	0.9659	0.9658	0.957	0.9659	0.9656	0.9604	0.9658	0.9658	0.9659	0.9649	0.9658	0.9658	1.161	0.9632	0.9658	0.9658	0.9658	0.9658	0.9659	0.9638	0.9619	1.5533	0.9661	0.9659	0.9659	0.9658	0.9658	0.9659	0.9658	0.9658	0.9659	0.9611	0.9658	0.966	0.9659	1.1709	0.9635	0.9659	0.9658	0.966	0.9653	0.9603	0.9658	0.9658	0.9659	0.9651	0.9659	0.9656	0.9589	0

Actual rates from j->i (Q_ij):
	A	B	C	D	E	F	G	H	I	J	K	L	M	N	O	P	Q	R	S	T	U	V	W	X	Y	Z	[	\	]	^	_	`	a	b	c	d	e	f	g	h	i	j	k	l	m	n	o	p	q	r	s	t	u	v	w	x	y	z	{	|	}	~			
  A	0	0.0178	0.0177	0.0178	0.0178	0.0178	0.0178	0.0178	0.0174	0.0178	0.0177	0.0174	0.0178	0.0178	0.0178	0.0178	0.0178	0.0176	0.0178	0.0178	0.0177	0.0178	0.0178	0.0178	0.0178	0.0178	0.0178	0.0177	0.0214	0.0178	0.0178	0.0178	0.0178	0.0178	0.0177	0.0177	0.0177	0.0178	0.0178	0.0178	0.0178	0.0178	0.0178	0.0178	0.0178	0.0178	0.0177	0.0178	0.0178	0.0178	0.0177	0.0177	0.0178	0.0178	0.0178	0.0178	0.0177	0.0178	0.0178	0.0178	0.0178	0.0178	0.0219	0.0176	0.0178
  B	0.0149	0	0.0149	0.0149	0.0149	0.0149	0.0149	0.0149	0.023	0.0149	0.0149	0.0146	0.0149	0.0149	0.0149	0.0149	0.0149	0.0148	0.0149	0.0149	0.0149	0.0149	0.0149	0.0149	0.0149	0.0149	0.0149	0.0149	0.0149	0.0149	0.0149	0.0149	0.0149	0.0149	0.0149	0.0149	0.0148	0.015	0.0149	0.0149	0.0149	0.0149	0.0149	0.0149	0.0149	0.0149	0.0149	0.0149	0.0149	0.0149	0.0149	0.0149	0.0149	0.0149	0.0149	0.0149	0.0149	0.0149	0.0149	0.0149	0.015	0.0149	0.0271	0.0148	0.0149
  C	0.007	0.007	0	0.007	0.007	0.007	0.0074	0.007	0.007	0.0072	0.0075	0.0213	0.007	0.007	0.007	0.007	0.007	0.007	0.007	0.007	0.0117	0.007	0.007	0.0088	0.007	0.007	0.007	0.0072	0.0109	0.007	0.007	0.007	0.007	0.007	0.007	0.007	0.0186	0.0087	0.007	0.007	0.007	0.007	0.007	0.007	0.007	0.007	0.016	0.007	0.0077	0.007	0.0077	0.007	0.0081	0.007	0.007	0.007	0.007	0.007	0.007	0.007	0.007	0.007	0.0604	0.007	0.0071
  D	0.0188	0.0188	0.0187	0	0.0188	0.0188	0.0187	0.0188	0.0183	0.0188	0.0187	0.0183	0.0188	0.0188	0.0188	0.0188	0.0188	0.0653	0.0188	0.0188	0.0187	0.0188	0.0188	0.0188	0.0188	0.0188	0.0188	0.0281	0.0187	0.0188	0.0188	0.0188	0.0188	0.0188	0.0187	0.0187	0.0186	0.0188	0.0188	0.0188	0.0188	0.0188	0.0188	0.0188	0.0188	0.0188	0.0187	0.0188	0.0188	0.0188	0.0187	0.0187	0.0188	0.0188	0.0188	0.0188	0.0187	0.0188	0.0188	0.0188	0.0188	0.0188	0.0175	0.0186	0.0188
  E	0.0196	0.0196	0.0197	0.0196	0	0.0201	0.0196	0.0196	0.0191	0.0196	0.0196	0.0203	0.0196	0.0196	0.0249	0.0196	0.0197	0.0195	0.0196	0.0196	0.0195	0.0196	0.0196	0.0197	0.0196	0.0197	0.0196	0.0196	0.0202	0.0197	0.0196	0.0196	0.0197	0.0197	0.0196	0.0625	0.0306	0.0197	0.0196	0.0196	0.0196	0.0196	0.0196	0.0196	0.0196	0.0196	0.0886	0.0196	0.0197	0.0196	0.0223	0.0196	0.0196	0.0196	0.0196	0.0201	0.0195	0.0196	0.0196	0.0196	0.0196	0.0196	0.0183	0.023	0.0196
  F	0.0165	0.0165	0.0165	0.0165	0.0169	0	0.0166	0.0165	0.0184	0.0165	0.0165	0.0213	0.0165	0.0165	0.0165	0.0281	0.0165	0.095	0.0165	0.0165	0.0165	0.019	0.0165	0.0165	0.0165	0.0165	0.0165	0.0166	0.0165	0.0165	0.0165	0.0165	0.0165	0.0165	0.0196	0.0165	0.0791	0.0165	0.0165	0.0165	0.0165	0.0165	0.0165	0.0165	0.0165	0.0165	0.0561	0.0165	0.0165	0.0165	0.0165	0.0182	0.0165	0.0165	0.0165	0.0165	0.0174	0.0165	0.0165	0.0165	0.0212	0.0165	0.0209	0.0165	0.0165
  G	0.0078	0.0078	0.0082	0.0078	0.0077	0.0078	0	0.0078	0.0194	0.0078	0.0078	0.008	0.0078	0.0078	0.0078	0.0078	0.0078	0.0078	0.0078	0.008	0.012	0.0081	0.0078	0.0078	0.0077	0.0078	0.0078	0.0077	0.0078	0.0078	0.0078	0.0078	0.0078	0.0078	0.0079	0.0077	0.0082	0.0078	0.0079	0.0078	0.0078	0.0077	0.0078	0.0078	0.0078	0.0078	0.011	0.0078	0.0113	0.0078	0.0081	0.0111	0.0078	0.0078	0.0078	0.0078	0.0155	0.0078	0.0078	0.0099	0.0078	0.0078	0.053	0.0077	0.0078
  H	0.0186	0.0186	0.0186	0.0186	0.0186	0.0186	0.0186	0	0.0182	0.0186	0.0186	0.0255	0.0186	0.0186	0.0186	0.0186	0.0186	0.0184	0.0186	0.0186	0.0185	0.0186	0.0186	0.0186	0.0186	0.0186	0.0186	0.0186	0.0216	0.0186	0.0186	0.0186	0.0186	0.0186	0.0186	0.0278	0.0185	0.0186	0.0186	0.0186	0.0186	0.0186	0.0186	0.0186	0.0186	0.0186	0.0185	0.0186	0.0186	0.0186	0.0212	0.0186	0.0186	0.0186	0.0186	0.0186	0.0185	0.0186	0.0186	0.0186	0.0186	0.0186	0.0174	0.0464	0.0186
  I	0.0016	0.0025	0.0016	0.0016	0.0016	0.0018	0.0041	0.0016	0	0.0016	0.0024	0.0047	0.0016	0.0016	0.0016	0.0021	0.0016	0.002	0.0016	0.0017	0.0049	0.0016	0.0016	0.0016	0.0016	0.0016	0.0016	0.0017	0.0031	0.0016	0.0016	0.0016	0.0016	0.0016	0.0055	0.0016	0.0016	0.0016	0.0016	0.0016	0.0016	0.0016	0.0024	0.0016	0.0016	0.0016	0.0027	0.0016	0.0016	0.0016	0.0051	0.0025	0.0016	0.0016	0.0016	0.0018	0.0041	0.0016	0.0016	0.0016	0.0017	0.0016	0.1415	0.0038	0.0016
  J	0.0189	0.0188	0.0194	0.0189	0.0188	0.0188	0.0188	0.0189	0.0184	0	0.0237	0.0184	0.0189	0.0189	0.0189	0.0189	0.0189	0.0187	0.0189	0.0188	0.0187	0.0189	0.0189	0.0189	0.0188	0.0189	0.0189	0.0215	0.0188	0.0189	0.0189	0.0189	0.0189	0.0189	0.0188	0.0188	0.0187	0.0189	0.0189	0.0189	0.0189	0.0189	0.0189	0.0189	0.0189	0.0189	0.0187	0.0188	0.0189	0.0189	0.0187	0.0188	0.0189	0.0189	0.0189	0.0188	0.0187	0.0189	0.0188	0.0189	0.0188	0.0189	0.0194	0.0187	0.0202
  K	0.0098	0.0098	0.0106	0.0098	0.0098	0.0098	0.0098	0.0098	0.0146	0.0124	0	0.0097	0.0098	0.0098	0.0098	0.0098	0.0098	0.0098	0.0098	0.0098	0.01	0.0098	0.0098	0.0098	0.0098	0.0098	0.0098	0.0123	0.0098	0.0098	0.0098	0.0098	0.0098	0.0098	0.0104	0.0098	0.0098	0.0098	0.0098	0.0125	0.0098	0.0098	0.0098	0.0098	0.0098	0.0098	0.0098	0.0098	0.0098	0.0098	0.0103	0.0098	0.0098	0.0098	0.0098	0.0098	0.0098	0.0098	0.0098	0.0098	0.0147	0.0098	0.0449	0.0098	0.0117
  L	0.0051	0.0051	0.0157	0.005	0.0053	0.0066	0.0053	0.0071	0.0146	0.005	0.0051	0	0.005	0.0051	0.005	0.0051	0.0064	0.0051	0.0051	0.0052	0.0717	0.0051	0.005	0.0085	0.0069	0.005	0.005	0.0069	0.0297	0.0135	0.005	0.005	0.005	0.0051	0.0051	0.0518	0.0276	0.0071	0.0051	0.005	0.005	0.0051	0.005	0.005	0.005	0.0051	0.0497	0.0051	0.0079	0.0059	0.0426	0.0051	0.005	0.0072	0.0051	0.0228	0.0114	0.005	0.0069	0.005	0.0083	0.0051	0.0843	0.0655	0.0059
  M	0.0191	0.0191	0.0191	0.0191	0.0191	0.0191	0.0191	0.0191	0.0186	0.0191	0.0191	0.0187	0	0.0191	0.0191	0.0191	0.0191	0.0189	0.0191	0.0191	0.019	0.0191	0.0191	0.0191	0.0191	0.0191	0.0191	0.0191	0.0191	0.0191	0.0191	0.0191	0.0191	0.0191	0.0191	0.019	0.0475	0.0191	0.0191	0.0191	0.0191	0.0191	0.0191	0.0191	0.0191	0.0191	0.019	0.0191	0.0191	0.0191	0.019	0.0191	0.0191	0.0191	0.0191	0.0191	0.019	0.0191	0.0191	0.0191	0.0191	0.0191	0.0178	0.019	0.0191
  N	0.0169	0.0169	0.0169	0.0169	0.0169	0.0169	0.0169	0.0169	0.0165	0.0169	0.0169	0.0165	0.0169	0	0.0169	0.0169	0.0169	0.0281	0.0169	0.0169	0.0173	0.0169	0.0169	0.0169	0.0169	0.0169	0.0169	0.0169	0.0168	0.0169	0.0169	0.0169	0.0169	0.0169	0.0169	0.0168	0.0168	0.0169	0.0169	0.0169	0.0169	0.0169	0.0169	0.0169	0.0169	0.0169	0.0168	0.0169	0.0169	0.0169	0.0168	0.0242	0.0169	0.0169	0.0169	0.0169	0.0168	0.0169	0.0169	0.0169	0.0174	0.0169	0.0239	0.0168	0.0169
  O	0.0194	0.0194	0.0194	0.0194	0.0245	0.0194	0.0194	0.0194	0.0189	0.0194	0.0194	0.0189	0.0194	0.0194	0	0.0194	0.0194	0.0192	0.0194	0.0194	0.0193	0.0194	0.0194	0.0194	0.0194	0.0245	0.0194	0.0193	0.0193	0.0194	0.0194	0.0194	0.0194	0.0194	0.0193	0.0193	0.0198	0.0194	0.0194	0.0194	0.0194	0.0194	0.0194	0.0194	0.0194	0.0194	0.0362	0.0194	0.0194	0.0194	0.0193	0.0193	0.0194	0.0194	0.0194	0.0207	0.0193	0.0194	0.0194	0.0194	0.0194	0.0194	0.018	0.0192	0.0194
  P	0.0135	0.0135	0.0135	0.0135	0.0135	0.0229	0.0135	0.0135	0.0176	0.0135	0.0135	0.0133	0.0135	0.0135	0.0135	0	0.0135	0.0323	0.0135	0.0135	0.0163	0.0135	0.0135	0.0135	0.0135	0.0135	0.0135	0.0165	0.0135	0.0135	0.0135	0.0135	0.0135	0.0135	0.0137	0.0134	0.018	0.0135	0.0135	0.0135	0.0135	0.0135	0.0135	0.0135	0.0135	0.0135	0.0135	0.0135	0.0135	0.0135	0.0134	0.0135	0.0135	0.0135	0.0184	0.0135	0.0134	0.0135	0.0135	0.0135	0.0405	0.0135	0.0375	0.0134	0.0135
  Q	0.0189	0.0188	0.0188	0.0188	0.0189	0.0188	0.0188	0.0188	0.0184	0.0189	0.0188	0.0233	0.0188	0.0189	0.0189	0.0188	0	0.0187	0.0188	0.0188	0.0187	0.0188	0.0188	0.0189	0.0188	0.0189	0.0188	0.0188	0.0188	0.0189	0.0188	0.0188	0.0188	0.0188	0.0188	0.0188	0.0314	0.0189	0.0188	0.0188	0.0188	0.0188	0.0189	0.0188	0.0188	0.0188	0.0405	0.0188	0.0189	0.0189	0.0187	0.0188	0.0189	0.0188	0.0189	0.0188	0.0187	0.0188	0.0188	0.0188	0.0188	0.0188	0.0176	0.0187	0.0188
  R	0.0132	0.0132	0.0133	0.0464	0.0132	0.0766	0.0134	0.0132	0.0165	0.0132	0.0133	0.0132	0.0132	0.0222	0.0132	0.032	0.0132	0	0.0132	0.0133	0.0222	0.0286	0.0132	0.0132	0.0132	0.0132	0.0132	0.063	0.0133	0.0132	0.0132	0.0132	0.0132	0.0132	0.0156	0.0132	0.0915	0.0132	0.0132	0.0132	0.0132	0.0132	0.0132	0.0132	0.0132	0.0132	0.0144	0.0132	0.0132	0.0132	0.0132	0.105	0.0132	0.0132	0.0132	0.0132	0.0132	0.0132	0.0132	0.0132	0.0248	0.0132	0.0215	0.0132	0.0132
  S	0.0169	0.0169	0.0169	0.0169	0.0169	0.0169	0.0169	0.0169	0.0166	0.0169	0.0169	0.0166	0.0169	0.0169	0.0169	0.0169	0.0169	0.0168	0	0.0169	0.0168	0.0169	0.0169	0.0169	0.0169	0.0169	0.0169	0.0169	0.0169	0.0169	0.0169	0.0169	0.0169	0.0169	0.0169	0.0169	0.0168	0.0169	0.0169	0.0169	0.0169	0.0169	0.0169	0.0169	0.0169	0.0169	0.0169	0.0169	0.0169	0.0169	0.0168	0.0169	0.0169	0.0169	0.0169	0.0169	0.0168	0.0169	0.0169	0.0169	0.0169	0.0169	0.0238	0.0168	0.0169
