Map from character to field name
A:	Algeria
B:	Argentina
C:	Australia
D:	Austria
E:	Bangladesh
F:	Belgium
G:	Brazil
H:	Cambodia
I:	Canada
J:	Chad
K:	Chile
L:	China
M:	Czech Republic
N:	Denmark
O:	Egypt
P:	France
Q:	Georgia
R:	Germany
S:	Guam
T:	Guatemala
U:	Hong Kong
V:	Hungary
W:	Iceland
X:	India
Y:	Indonesia
Z:	Iran
[:	Ireland
\:	Italy
]:	Japan
^:	Kazakhstan
_:	Kuwait
`:	Laos
a:	Luxembourg
b:	Malaysia
c:	Mexico
d:	Mongolia
e:	Netherlands
f:	New Zealand
g:	Nicaragua
h:	Nigeria
i:	Norway
j:	Pakistan
k:	Peru
l:	Philippines
m:	Poland
n:	Romania
o:	Russia
p:	Saudi Arabia
q:	Singapore
r:	South Africa
s:	South Korea
t:	Spain
u:	Sri Lanka
v:	Sweden
w:	Switzerland
x:	Taiwan
y:	Thailand
z:	Turkey
{:	Ukraine
|:	United Arab Emirates
}:	United Kingdom
~:	Uruguay
:	Usa
:	Vietnam
:	Zambia
:	?


Substitution rate (mu): 19.81785

Equilibrium frequencies (pi_i):
  A: 0.0183
  B: 0.015
  C: 0.0076
  D: 0.0191
  E: 0.019
  F: 0.0166
  G: 0.0098
  H: 0.0179
  I: 0.0018
  J: 0.0191
  K: 0.0103
  L: 0.007
  M: 0.0192
  N: 0.0179
  O: 0.0194
  P: 0.016
  Q: 0.0191
  R: 0.0144
  S: 0.0171
  T: 0.0064
  U: 0.007
  V: 0.0196
  W: 0.0193
  X: 0.018
  Y: 0.0187
  Z: 0.0194
  [: 0.0171
  \: 0.0172
  ]: 0.009
  ^: 0.0156
  _: 0.0193
  `: 0.0186
  a: 0.0194
  b: 0.0167
  c: 0.0123
  d: 0.0089
  e: 0.0051
  f: 0.0164
  g: 0.0195
  h: 0.0171
  i: 0.0193
  j: 0.0194
  k: 0.0181
  l: 0.0193
  m: 0.0196
  n: 0.0171
  o: 0.0102
  p: 0.0184
  q: 0.0169
  r: 0.0156
  s: 0.0073
  t: 0.0183
  u: 0.0193
  v: 0.0136
  w: 0.0159
  x: 0.0146
  y: 0.014
  z: 0.0196
  {: 0.0172
  |: 0.0196
  }: 0.0092
  ~: 0.0175
  : 0.0047
  : 0.0112
  : 0.0186

Symmetrized rates from j->i (W_ij):
	A	B	C	D	E	F	G	H	I	J	K	L	M	N	O	P	Q	R	S	T	U	V	W	X	Y	Z	[	\	]	^	_	`	a	b	c	d	e	f	g	h	i	j	k	l	m	n	o	p	q	r	s	t	u	v	w	x	y	z	{	|	}	~			
  A	0	0.9632	0.9602	0.9633	0.9626	0.9622	0.9654	0.9632	0.9339	0.9633	0.9613	0.9338	0.9632	0.9632	0.9632	0.963	0.9632	0.9523	0.9633	0.963	0.9565	0.9634	0.9632	0.9631	0.962	0.9632	0.9633	0.9585	1.1181	0.9628	0.9633	0.9632	0.9633	0.9633	0.9605	0.9554	0.9539	0.9635	0.9633	0.9633	0.9632	0.9632	0.9632	0.9633	0.9632	0.9633	0.9561	0.9632	0.9633	0.9632	0.9555	0.9595	0.9633	0.9632	1.1006	0.9634	0.9572	0.9633	0.9631	0.9633	0.962	0.9686	1.0916	0.9544	0.963
  B	0.9632	0	0.9608	0.963	0.9625	0.9882	0.9896	0.963	1.3792	0.9631	0.9616	0.9381	0.963	0.963	0.963	0.9676	0.963	0.9543	0.9631	0.9628	0.9577	0.9632	0.963	0.9629	0.962	0.963	0.9631	0.9591	0.9604	0.9627	0.9631	0.963	0.9631	0.963	0.9609	0.9566	0.9559	0.9634	0.9631	0.9631	0.963	0.963	0.9631	0.963	0.963	0.9631	0.9572	0.963	0.9632	0.963	0.9565	0.96	0.9631	0.963	0.9632	0.963	0.9584	0.9631	0.9629	0.9631	0.9619	0.9631	1.7975	0.9557	0.9629
  C	0.9602	0.9608	0	0.9597	0.9598	0.9609	1.6473	0.96	1.2436	0.9685	1.0159	3.4232	0.9597	0.9601	0.9596	1.3857	0.9597	0.957	0.9602	1.3026	3.9054	1.3052	0.9596	1.1312	0.9597	0.9596	0.9602	1.0313	1.4465	0.9608	0.9608	0.9598	0.9596	1.0386	0.9608	1.1664	3.6311	1.0934	1.7479	0.9602	0.9596	0.9596	1.279	0.9596	0.9595	0.9602	1.5364	0.9599	2.2739	0.9884	2.2195	0.9587	0.9598	0.9612	0.9608	0.9819	0.9594	0.9596	0.9606	0.9596	0.9628	0.9603	6.644	0.9618	0.9826
  D	0.9633	0.963	0.9597	0	0.9624	0.9625	0.9615	0.963	0.9314	0.9632	0.961	0.9323	0.9631	0.9634	0.9631	0.9629	0.963	3.3439	0.9631	0.9627	0.9561	0.9633	0.9631	0.963	0.9618	0.963	0.9631	1.4136	0.9596	0.9627	0.9631	0.963	0.9631	0.9631	0.9603	0.9549	0.9532	0.9633	0.9632	0.9631	0.9631	0.9631	0.9631	0.9631	0.9631	0.9631	0.9555	0.9631	0.9632	0.9631	0.9547	0.9596	0.9632	0.963	0.9655	0.9629	0.9571	0.9632	0.963	0.9631	1.0206	0.9632	0.8814	0.9538	0.9629
  E	0.9626	0.9625	0.9598	0.9624	0	0.9615	0.9612	0.9624	0.9316	0.9625	0.9606	1.4412	0.9624	0.9624	0.9624	0.9622	0.9626	0.9513	0.9625	0.9625	0.9559	0.9625	0.9624	0.9623	0.9615	0.9624	0.9625	0.9575	0.9599	0.9621	0.9624	0.9624	0.9624	0.9625	0.9598	3.4436	0.9789	0.9628	0.9625	0.9625	0.9624	0.9625	0.9624	0.9624	0.9624	0.9625	4.2052	0.9624	0.9627	0.9625	0.9549	0.9585	0.9625	0.9625	0.9627	0.9628	0.9566	0.9624	0.9624	0.9624	0.9612	0.9625	0.8812	0.9548	0.9622
  F	0.9622	0.9882	0.9609	0.9625	0.9615	0	1.0607	0.962	1.2921	0.9621	1.0644	0.9674	0.962	1.406	0.9619	1.5232	0.9621	5.3126	0.9621	0.9629	0.9971	1.508	0.962	0.9619	0.9609	0.9619	0.9621	1.3534	0.9638	0.9619	0.962	0.9619	0.962	0.9712	0.9605	1.0139	5.9182	0.9625	0.9621	0.9621	0.962	0.9621	0.9623	0.962	0.9619	0.9621	1.8265	0.962	0.9626	0.9623	1.1929	1.2467	0.9621	0.9623	0.9624	0.9644	1.6334	0.962	0.963	0.962	1.0359	0.9622	1.2113	0.9553	0.962
  G	0.9654	0.9896	1.6473	0.9615	0.9612	1.0607	0	0.9615	2.7625	0.9686	2.1317	1.1588	0.9613	0.9802	0.9613	0.9695	0.9613	1.2361	0.9616	1.0626	0.9616	1.0452	0.9613	0.9615	0.9608	0.9613	0.9616	0.9834	1.0624	0.9616	0.9613	0.9614	0.9613	0.9617	0.9763	0.9588	0.9594	0.9626	0.9981	0.9616	0.9613	0.9613	0.9616	0.9613	0.9613	0.9616	1.4193	0.9614	1.3679	0.9617	0.9592	0.9597	0.9613	0.9619	0.9986	0.9623	1.4664	0.9613	0.9615	1.4421	0.9619	1.0395	4.6008	0.9579	0.9795
  H	0.9632	0.963	0.96	0.963	0.9624	0.962	0.9615	0	1.399	0.9631	0.9611	1.4008	0.963	0.963	0.963	0.9629	0.963	0.9523	0.9631	0.9628	0.9564	0.9632	0.963	0.9629	0.9623	0.963	0.9631	0.9583	0.9599	0.9626	0.9631	0.963	0.9631	0.963	0.9604	1.4333	0.9537	0.9633	0.9631	0.9631	0.963	0.963	0.963	0.963	0.963	0.9631	0.9561	0.963	0.9631	0.963	0.9552	0.9594	0.9631	0.9629	0.9632	0.9629	0.9572	0.9631	0.9629	0.9631	0.9615	0.9631	0.8862	1.926	0.9628
  I	0.9339	1.3792	1.2436	0.9314	0.9316	1.2921	2.7625	1.399	0	0.9316	1.8003	1.9463	0.9312	1.1095	0.9308	1.4091	0.9314	0.9406	0.9346	1.0699	3.0609	0.9308	0.931	0.9333	0.932	0.9309	0.9346	0.935	2.314	0.9379	0.931	0.9321	0.9309	0.936	3.9832	0.9479	1.6014	0.9386	0.9308	0.9346	0.931	0.931	1.7611	0.931	0.9305	0.9346	1.6984	0.9326	1.164	0.9372	2.1936	0.9326	0.9311	0.9404	0.9371	0.9438	4.0512	0.9306	0.9399	0.9306	0.9493	0.9347	74.2012	2.266	0.9327
  J	0.9633	0.9631	0.9685	0.9632	0.9625	0.9621	0.9686	0.9631	0.9316	0	0.9976	0.9315	0.9631	0.9631	0.9631	0.9629	0.9631	0.9519	0.9632	0.9628	0.956	0.9633	0.9631	0.963	0.9619	0.9631	0.9632	1.3571	0.9597	0.9627	0.9632	0.9631	0.9632	0.9632	0.9603	0.9549	0.9535	0.9634	0.9633	0.9632	0.9632	0.9631	0.9631	0.9632	0.9632	0.9632	0.9555	0.9632	0.9633	0.9631	0.9548	0.9593	0.9632	0.9631	0.9633	0.963	0.9569	0.9632	0.963	0.9632	0.9616	0.9632	0.9384	0.9538	1.015
  K	0.9613	0.9616	1.0159	0.961	0.9606	1.0644	2.1317	0.9611	1.8003	0.9976	0	0.963	0.9609	1.0008	0.9609	0.9616	0.9609	1.0379	0.9612	0.9632	1.0434	0.9611	0.9609	0.961	0.9603	0.9608	0.9612	1.1237	0.9611	0.9613	0.9609	0.9609	0.9609	0.9614	1.0011	0.9578	0.9593	0.9619	0.961	0.9614	0.9609	0.9609	0.9612	0.9609	0.9609	0.9612	0.9583	0.9611	0.9615	0.9615	0.9587	0.9592	0.9609	0.9617	0.9616	0.9618	0.971	0.9609	0.9612	0.9609	1.0472	0.9614	4.284	0.9571	1.0552
  L	0.9338	0.9381	3.4232	0.9323	1.4412	0.9674	1.1588	1.4008	1.9463	0.9315	0.963	0	0.9313	0.9476	0.9327	0.9372	0.9319	0.9486	0.9347	1.0707	13.4392	0.9319	0.9311	1.0266	1.3288	0.9309	0.9346	1.301	5.6017	2.3912	0.9311	1.3981	0.9309	0.9421	0.942	10.0254	5.123	1.0151	0.9746	0.9346	0.9311	0.9314	0.9334	0.9311	0.9306	0.9346	6.8445	0.9326	1.7351	0.9378	6.3655	0.9328	0.932	1.397	0.9384	2.7035	2.0563	0.9306	0.9365	0.9306	1.5495	0.9342	10.1507	10.2323	0.9328
  M	0.9632	0.963	0.9597	0.9631	0.9624	0.962	0.9613	0.963	0.9312	0.9631	0.9609	0.9313	0	0.963	0.963	0.9628	0.9631	0.9516	0.9631	0.9628	0.9559	0.9635	0.963	0.9629	0.9617	0.963	0.9631	0.958	0.9596	0.9626	0.9631	0.963	0.9631	0.963	0.9603	0.9549	2.383	0.9632	0.9632	0.9631	0.9633	0.963	0.9631	0.9631	0.963	0.9631	0.9555	0.963	0.9632	0.963	0.9546	0.9591	0.9631	0.9629	0.9632	0.9632	0.9568	0.9631	0.9629	0.9631	0.9615	0.9631	0.8802	0.9537	0.9628
  N	0.9632	0.963	0.9601	0.9634	0.9624	1.406	0.9802	0.963	1.1095	0.9631	1.0008	0.9476	0.963	0	0.963	0.9632	0.9629	1.8876	0.9631	0.9629	1.01	0.9634	0.963	0.9629	0.9619	0.9629	0.9631	0.959	0.96	0.9626	0.963	0.9629	0.963	0.963	0.9605	0.9555	0.9594	0.9632	0.9631	0.9631	0.963	0.963	0.963	0.963	0.963	0.963	0.9563	0.963	0.9631	0.963	0.9554	0.9626	0.9631	0.963	0.9632	0.963	1.1079	0.963	0.9629	0.963	0.9619	0.9631	1.0474	1.1836	0.9628
  O	0.9632	0.963	0.9596	0.9631	0.9624	0.9619	0.9613	0.963	0.9308	0.9631	0.9609	0.9327	0.963	0.963	0	0.9628	0.963	0.9515	0.9631	0.9627	0.9557	0.9632	0.963	0.9629	0.9618	0.963	0.9631	0.9579	0.9596	0.9626	0.9631	0.963	0.9631	0.963	0.9602	1.4074	0.9536	0.9632	0.9632	0.9631	0.9631	0.9631	0.9631	0.9631	0.9631	0.9631	1.4336	0.9631	0.9632	0.963	0.9546	0.9591	0.9631	0.963	0.9632	0.9629	0.9567	0.9631	0.9629	0.9631	0.9614	0.9631	0.8793	0.9765	0.9628
  P	0.963	0.9676	1.3857	0.9629	0.9622	1.5232	0.9695	0.9629	1.4091	0.9629	0.9616	0.9372	0.9628	0.9632	0.9628	0	0.9628	2.2576	0.9629	0.9628	1.2756	0.9633	0.9628	0.9628	0.9617	0.9628	0.9629	0.9593	0.9612	0.9627	0.9628	0.9628	0.9628	0.9806	0.9609	0.9562	1.4673	0.9635	0.963	0.9629	0.9628	0.9628	0.963	0.9628	0.9628	0.9638	0.9569	0.9629	0.9632	0.9629	0.9562	0.9601	0.9629	0.9628	0.9643	0.9631	0.9585	1.0698	0.9627	0.9628	3.3271	0.9629	1.811	0.9553	0.9627
  Q	0.9632	0.963	0.9597	0.963	0.9626	0.9621	0.9613	0.963	0.9314	0.9631	0.9609	0.9319	0.9631	0.9629	0.963	0.9628	0	0.9517	0.9631	0.9628	0.9559	0.9634	0.963	0.9629	0.9617	0.963	0.9631	0.958	0.9597	0.9626	0.9631	0.963	0.9631	0.963	0.9602	1.1413	1.9499	0.9632	0.9631	0.9631	0.963	0.9631	0.9631	0.963	0.963	0.9631	1.7384	0.963	0.9632	0.963	0.9548	0.9591	0.9631	0.9629	0.9632	0.9631	0.9569	0.9631	0.9629	0.9631	0.9615	0.9631	0.8807	0.9541	0.9628
  R	0.9523	0.9543	0.957	3.3439	0.9513	5.3126	1.2361	0.9523	0.9406	0.9519	1.0379	0.9486	0.9516	1.8876	0.9515	2.2576	0.9517	0	0.9529	0.9592	1.0597	1.9433	0.9515	0.9522	0.951	0.9514	0.9529	4.2668	0.9565	0.9535	0.9516	0.9519	0.9515	0.9535	0.9538	0.9872	5.9599	0.9536	0.9516	0.9529	0.9516	0.9516	0.9524	0.9516	0.9514	0.9529	1.3861	0.9521	0.9533	0.9538	0.9533	5.9148	0.9517	0.9549	0.9543	0.9561	1.2012	0.9515	0.9528	0.9514	1.6767	0.9527	1.48	0.9505	0.9522
  S	0.9633	0.9631	0.9602	0.9631	0.9625	0.9621	0.9616	0.9631	0.9346	0.9632	0.9612	0.9347	0.9631	0.9631	0.9631	0.9629	0.9631	0.9529	0	0.9628	0.9567	0.9632	0.9631	0.963	0.962	0.9631	0.9632	0.9586	0.96	0.9627	0.9632	0.9631	0.9632	0.9631	0.9606	0.9557	0.9541	0.9634	0.9632	0.9632	0.9631	0.9631	0.9631	0.9631	0.9631	0.9632	0.9566	0.9631	0.9632	0.9631	0.9556	0.9596	0.9632	0.963	0.9633	0.963	0.9575	0.9632	0.963	0.9632	0.9617	0.9632	1.3327	0.9547	0.9629
  T	0.963	0.9628	1.3026	0.9627	0.9625	0.9629	1.0626	0.9628	1.0699	0.9628	0.9632	1.0707	0.9628	0.9629	0.9627	0.9628	0.9628	0.9592	0.9628	0	0.9624	0.9628	0.9627	0.9628	0.9623	0.9627	0.9628	0.9614	0.9624	0.9628	0.9628	0.9627	0.9627	0.9629	1.2487	0.9605	1.0617	0.9638	1.0187	0.9628	0.9627	0.9627	1.0111	0.9627	0.9627	0.9628	0.961	0.9628	1.0384	0.9628	0.9604	0.9614	0.9628	0.9629	0.9629	0.9633	0.961	0.9627	0.9628	0.9627	0.9627	0.9629	9.9466	0.96	0.9628
  U	0.9565	0.9577	3.9054	0.9561	0.9559	0.9971	0.9616	0.9564	3.0609	0.956	1.0434	13.4392	0.9559	1.01	0.9557	1.2756	0.9559	1.0597	0.9567	0.9624	0	0.9569	0.9558	0.9566	0.9581	0.9557	0.9567	1.2901	1.8468	0.9582	0.956	0.9561	0.9558	3.6792	0.9829	0.9587	7.6257	1.4348	0.9736	0.9567	0.9558	0.9558	0.9701	0.9558	0.9557	0.9567	1.0053	0.9562	0.9586	1.0934	1.1813	1.3355	1.0214	0.9583	0.9575	1.6521	1.0412	0.9557	0.9568	0.9557	0.9669	0.9567	3.7632	1.8183	0.9562
  V	0.9634	0.9632	1.3052	0.9633	0.9625	1.508	1.0452	0.9632	0.9308	0.9633	0.9611	0.9319	0.9635	0.9634	0.9632	0.9633	0.9634	1.9433	0.9632	0.9628	0.9569	0	0.9633	0.9631	0.9619	0.9632	0.9632	0.9589	0.96	0.9627	0.9634	0.9631	0.9633	0.9636	0.9603	0.9556	1.3014	0.9637	0.9634	0.9632	0.9633	0.9633	0.9633	0.9633	0.9632	0.9632	0.9587	0.9632	1.2579	0.9633	0.9549	0.9596	0.9633	0.9632	0.9634	1.2155	0.9572	0.9633	0.9631	0.9633	0.9617	0.9633	0.88	0.9538	0.9631
  W	0.9632	0.963	0.9596	0.9631	0.9624	0.962	0.9613	0.963	0.931	0.9631	0.9609	0.9311	0.963	0.963	0.963	0.9628	0.963	0.9515	0.9631	0.9627	0.9558	0.9633	0	0.9629	0.9617	0.963	0.9631	0.958	0.9595	0.9626	0.9631	0.963	0.9631	0.9631	0.9602	0.9551	1.429	0.9632	0.9632	0.9631	0.9631	0.9631	0.9631	0.9631	0.9631	0.9631	0.9555	0.9631	0.9632	0.963	0.9546	0.9591	0.9631	0.963	0.9632	0.963	0.9568	0.9631	0.9629	0.9631	0.9614	0.9631	0.8797	0.9536	0.9628
  X	0.9631	0.9629	1.1312	0.963	0.9623	0.9619	0.9615	0.9629	0.9333	0.963	0.961	1.0266	0.9629	0.9629	0.9629	0.9628	0.9629	0.9522	0.963	0.9628	0.9566	0.9631	0.9629	0	0.9618	0.9629	0.963	0.9582	0.9599	0.9626	0.963	0.9629	0.963	0.963	0.9603	1.9104	0.9539	0.9633	0.9631	0.963	0.9629	0.9629	0.963	0.9629	0.9629	0.963	1.4341	0.9629	0.9737	0.963	0.9554	0.9592	0.963	0.9629	0.9631	0.9629	0.9571	0.963	0.9629	0.963	0.9615	0.963	1.1421	0.9549	0.9627
  Y	0.962	0.962	0.9597	0.9618	0.9615	0.9609	0.9608	0.9623	0.932	0.9619	0.9603	1.3288	0.9617	0.9619	0.9618	0.9617	0.9617	0.951	0.962	0.9623	0.9581	0.9619	0.9617	0.9618	0	0.9617	0.962	0.9571	0.9604	0.962	0.9618	0.9619	0.9618	0.962	0.9595	0.9604	0.9537	0.9622	0.9619	0.962	0.9618	0.9618	0.9618	0.9618	0.9617	0.9619	0.9575	0.9618	0.9623	0.962	0.9555	0.958	0.9619	0.9622	0.9621	0.9625	0.9564	0.9618	0.9618	0.9618	0.961	0.962	0.8827	1.4933	0.9616
  Z	0.9632	0.963	0.9596	0.963	0.9624	0.9619	0.9613	0.963	0.9309	0.9631	0.9608	0.9309	0.963	0.9629	0.963	0.9628	0.963	0.9514	0.9631	0.9627	0.9557	0.9632	0.963	0.9629	0.9617	0	0.9631	0.9579	0.9595	0.9626	0.9631	0.963	0.9631	0.963	0.9602	0.9548	0.9529	0.9632	0.9631	0.9631	0.963	0.963	0.963	0.963	0.963	0.9631	1.4331	0.963	0.9631	0.963	0.9545	0.959	0.9631	0.9629	0.9632	0.9628	0.9567	0.9631	0.9629	0.9631	0.9614	0.9631	0.8793	0.9536	0.9628
  [	0.9633	0.9631	0.9602	0.9631	0.9625	0.9621	0.9616	0.9631	0.9346	0.9632	0.9612	0.9346	0.9631	0.9631	0.9631	0.9629	0.9631	0.9529	0.9632	0.9628	0.9567	0.9632	0.9631	0.963	0.962	0.9631	0	0.9586	0.96	0.9627	0.9632	0.9631	0.9632	0.9631	0.9606	0.9557	0.9541	0.9634	0.9632	0.9632	0.9631	0.9631	0.9631	0.9631	0.9631	0.9632	0.9563	0.9631	0.9632	0.9631	0.9556	0.9596	0.9632	0.9634	0.9633	0.963	0.9575	0.9632	0.963	0.9632	0.9617	0.9632	1.3326	0.9547	0.9629
  \	0.9585	0.9591	1.0313	1.4136	0.9575	1.3534	0.9834	0.9583	0.935	1.3571	1.1237	1.301	0.958	0.959	0.9579	0.9593	0.958	4.2668	0.9586	0.9614	1.2901	0.9589	0.958	0.9582	0.9571	0.9579	0.9586	0	0.9704	0.9587	0.958	0.9581	0.958	1.1566	0.9575	1.256	3.864	0.9593	0.9581	0.9586	0.958	0.958	0.9584	0.958	0.9616	0.9586	0.9546	0.9583	0.9589	0.959	1.0315	1.4718	0.9581	0.9595	1.2761	0.9598	0.9549	0.958	0.9661	0.9579	1.6632	0.9586	1.254	0.9521	1.2026
  ]	1.1181	0.9604	1.4465	0.9596	0.9599	0.9638	1.0624	0.9599	2.314	0.9597	0.9611	5.6017	0.9596	0.96	0.9596	0.9612	0.9597	0.9565	0.96	0.9624	1.8468	0.96	0.9595	0.9599	0.9604	0.9595	0.96	0.9704	0	0.9948	0.9596	0.9596	0.9595	0.9632	0.9598	2.5031	1.5522	0.9614	0.9596	0.96	0.9595	0.9596	0.9598	0.9595	0.9595	0.96	2.2942	0.9598	0.9604	0.9604	1.721	0.9581	0.9596	0.9616	1.1048	2.9155	0.9584	0.9595	0.9601	0.9595	1.4766	0.9676	4.5093	1.7184	0.9601
  ^	0.9628	0.9627	0.9608	0.9627	0.9621	0.9619	0.9616	0.9626	0.9379	0.9627	0.9613	2.3912	0.9626	0.9626	0.9626	0.9627	0.9626	0.9535	0.9627	0.9628	0.9582	0.9627	0.9626	0.9626	0.962	0.9626	0.9627	0.9587	0.9948	0	0.9627	0.9626	0.9626	0.9627	0.9605	1.4131	0.9574	0.9632	0.9627	0.9627	0.9626	0.9626	0.9626	0.9626	0.9626	0.9627	0.9836	0.9627	0.9628	0.9627	0.9563	0.9595	0.9627	0.9627	0.9629	0.9628	0.9577	0.9627	0.9626	0.9626	1.8104	0.9628	1.4546	0.9556	0.9625
  _	0.9633	0.9631	0.9608	0.9631	0.9624	0.962	0.9613	0.9631	0.931	0.9632	0.9609	0.9311	0.9631	0.963	0.9631	0.9628	0.9631	0.9516	0.9632	0.9628	0.956	0.9634	0.9631	0.963	0.9618	0.9631	0.9632	0.958	0.9596	0.9627	0	0.963	0.9632	0.9631	0.9602	0.9548	1.4284	0.9633	0.9632	0.9632	0.9631	0.9631	0.9631	0.9631	0.9631	0.9631	0.9554	0.9631	0.9632	0.9631	0.9546	0.9592	0.9632	0.963	0.9633	0.963	0.9568	0.9632	0.963	0.9632	0.9615	0.9632	0.8799	0.9538	0.9629
  `	0.9632	0.963	0.9598	0.963	0.9624	0.9619	0.9614	0.963	0.9321	0.9631	0.9609	1.3981	0.963	0.9629	0.963	0.9628	0.963	0.9519	0.9631	0.9627	0.9561	0.9631	0.963	0.9629	0.9619	0.963	0.9631	0.9581	0.9596	0.9626	0.963	0	0.963	0.963	0.9603	0.9551	0.9533	0.9633	0.9631	0.9631	0.963	0.963	0.963	0.963	0.963	0.9631	0.9557	0.963	0.9631	0.963	0.9549	0.9592	0.9631	0.9629	0.9632	0.9628	0.957	0.9631	0.9629	0.963	0.9615	0.9631	0.8825	0.954	0.9628
  a	0.9633	0.9631	0.9596	0.9631	0.9624	0.962	0.9613	0.9631	0.9309	0.9632	0.9609	0.9309	0.9631	0.963	0.9631	0.9628	0.9631	0.9515	0.9632	0.9627	0.9558	0.9633	0.9631	0.963	0.9618	0.9631	0.9632	0.958	0.9595	0.9626	0.9632	0.963	0	0.9631	0.9602	0.9548	0.9529	0.9633	0.9632	0.9631	0.9631	0.9631	0.9631	0.9631	0.9631	0.9631	1.4335	0.9631	0.9632	0.9631	0.9546	0.9591	0.9632	0.963	0.9633	0.9629	0.9568	0.9632	0.963	0.9632	0.9615	0.9632	0.8794	0.9536	0.9629
  b	0.9633	0.963	1.0386	0.9631	0.9625	0.9712	0.9617	0.963	0.936	0.9632	0.9614	0.9421	0.963	0.963	0.963	0.9806	0.963	0.9535	0.9631	0.9629	3.6792	0.9636	0.9631	0.963	0.962	0.963	0.9631	1.1566	0.9632	0.9627	0.9631	0.963	0.9631	0	0.9607	0.9562	2.8452	0.9807	0.9633	0.9631	0.9631	0.9631	0.9632	0.9631	0.9631	0.9631	0.9567	0.9631	0.9633	1.338	0.9559	0.9602	0.9633	0.963	0.9632	0.9647	0.9578	0.9631	0.963	0.9631	0.9618	0.9632	1.4914	0.9556	0.963
  c	0.9605	0.9609	0.9608	0.9603	0.9598	0.9605	0.9763	0.9604	3.9832	0.9603	1.0011	0.942	0.9603	0.9605	0.9602	0.9609	0.9602	0.9538	0.9606	1.2487	0.9829	0.9603	0.9602	0.9603	0.9595	0.9602	0.9606	0.9575	0.9598	0.9605	0.9602	0.9603	0.9602	0.9607	0	0.9566	1.099	0.961	0.9603	0.9606	0.9602	0.9602	1.0193	0.9602	0.9602	0.9606	0.9571	0.9604	1.0595	0.9608	0.957	0.9579	0.9603	0.961	0.9608	0.9611	0.9929	0.9602	0.9605	0.9602	0.9608	0.9606	2.3139	0.9558	0.9603
  d	0.9554	0.9566	1.1664	0.9549	3.4436	1.0139	0.9588	1.4333	0.9479	0.9549	0.9578	10.0254	0.9549	0.9555	1.4074	0.9562	1.1413	0.9872	0.9557	0.9605	0.9587	0.9556	0.9551	1.9104	0.9604	0.9548	0.9557	1.256	2.5031	1.4131	0.9548	0.9551	0.9548	0.9562	0.9566	0	5.2292	0.957	0.9549	0.9557	0.9548	1.0851	0.9554	0.9548	0.9547	0.9557	9.6815	0.9552	0.9563	0.9565	3.4961	0.9535	0.9552	0.9622	0.9564	1.4721	0.9551	0.9547	1.1558	0.9547	0.9586	0.9556	0.9429	7.5406	1.4289
  e	0.9539	0.9559	3.6311	0.9532	0.9789	5.9182	0.9594	0.9537	1.6014	0.9535	0.9593	5.123	2.383	0.9594	0.9536	1.4673	1.9499	5.9599	0.9541	1.0617	7.6257	1.3014	1.429	0.9539	0.9537	0.9529	0.9541	3.864	1.5522	0.9574	1.4284	0.9533	0.9529	2.8452	1.099	5.2292	0	1.9079	1.0031	0.9541	1.4294	1.1883	1.0442	1.4294	0.9528	0.9541	9.5032	0.9535	1.1043	1.4324	1.5536	0.9942	1.1578	1.4408	0.955	1.5292	1.9245	0.9528	1.078	0.9528	2.433	0.9541	13.0463	2.3012	1.435
  f	0.9635	0.9634	1.0934	0.9633	0.9628	0.9625	0.9626	0.9633	0.9386	0.9634	0.9619	1.0151	0.9632	0.9632	0.9632	0.9635	0.9632	0.9536	0.9634	0.9638	1.4348	0.9637	0.9632	0.9633	0.9622	0.9632	0.9634	0.9593	0.9614	0.9632	0.9633	0.9633	0.9633	0.9807	0.961	0.957	1.9079	0	0.9636	0.9634	0.9633	0.9633	0.9634	0.9633	0.9633	0.9634	0.9586	0.9633	0.964	0.9634	0.9579	0.96	0.9634	0.9634	0.9636	0.9639	0.9581	0.9633	0.9632	0.9633	1.0751	0.9634	1.5139	0.9562	0.9632
  g	0.9633	0.9631	1.7479	0.9632	0.9625	0.9621	0.9981	0.9631	0.9308	0.9633	0.961	0.9746	0.9632	0.9631	0.9632	0.963	0.9631	0.9516	0.9632	1.0187	0.9736	0.9634	0.9632	0.9631	0.9619	0.9631	0.9632	0.9581	0.9596	0.9627	0.9632	0.9631	0.9632	0.9633	0.9603	0.9549	1.0031	0.9636	0	0.9632	0.9632	0.9632	1.1354	0.9632	0.9632	0.9632	0.9556	0.9632	0.9644	0.9632	0.9547	0.9592	0.9632	0.9631	0.9633	0.9631	0.9568	0.9632	0.963	0.9632	0.9615	0.9632	0.8833	0.9537	0.963
  h	0.9633	0.9631	0.9602	0.9631	0.9625	0.9621	0.9616	0.9631	0.9346	0.9632	0.9614	0.9346	0.9631	0.9631	0.9631	0.9629	0.9631	0.9529	0.9632	0.9628	0.9567	0.9632	0.9631	0.963	0.962	0.9631	0.9632	0.9586	0.96	0.9627	0.9632	0.9631	0.9631	0.9631	0.9606	0.9557	0.9541	0.9634	0.9632	0	0.9631	0.9631	0.9631	0.9631	0.9631	0.9631	0.9563	0.9631	0.9632	0.9631	0.9556	0.9596	0.9632	0.963	0.9633	0.963	0.9575	0.9632	0.963	0.9632	0.9617	0.9632	1.3324	0.9547	0.9629
  i	0.9632	0.963	0.9596	0.9631	0.9624	0.962	0.9613	0.963	0.931	0.9632	0.9609	0.9311	0.9633	0.963	0.9631	0.9628	0.963	0.9516	0.9631	0.9627	0.9558	0.9633	0.9631	0.9629	0.9618	0.963	0.9631	0.958	0.9595	0.9626	0.9631	0.963	0.9631	0.9631	0.9602	0.9548	1.4294	0.9633	0.9632	0.9631	0	0.9631	0.9631	0.9631	0.9631	0.9631	0.9554	0.9631	0.9632	0.9631	0.9546	0.9591	0.9632	0.963	0.9632	0.963	0.9568	0.9631	0.963	0.9631	0.9615	0.9632	0.8797	0.9536	0.9629
  j	0.9632	0.963	0.9596	0.9631	0.9625	0.9621	0.9613	0.963	0.931	0.9631	0.9609	0.9314	0.963	0.963	0.9631	0.9628	0.9631	0.9516	0.9631	0.9627	0.9558	0.9633	0.9631	0.9629	0.9618	0.963	0.9631	0.958	0.9596	0.9626	0.9631	0.963	0.9631	0.9631	0.9602	1.0851	1.1883	0.9633	0.9632	0.9631	0.9631	0	0.9631	0.9631	0.9631	0.9631	1.0688	0.9631	0.9632	0.9631	0.9546	0.9591	0.9631	0.963	0.9632	0.963	0.9568	0.9631	0.9629	0.9631	0.9614	0.9631	0.8796	0.9538	0.9629
  k	0.9632	0.9631	1.279	0.9631	0.9624	0.9623	0.9616	0.963	1.7611	0.9631	0.9612	0.9334	0.9631	0.963	0.9631	0.963	0.9631	0.9524	0.9631	1.0111	0.9701	0.9633	0.9631	0.963	0.9618	0.963	0.9631	0.9584	0.9598	0.9626	0.9631	0.963	0.9631	0.9632	1.0193	0.9554	1.0442	0.9634	1.1354	0.9631	0.9631	0.9631	0	0.9631	0.9631	0.9631	0.9562	0.9631	1.0605	0.9631	0.9552	0.9594	0.9631	0.963	0.9632	0.963	0.9573	0.9631	0.963	0.9631	0.9616	0.9631	0.9129	0.9543	0.9629
  l	0.9633	0.963	0.9596	0.9631	0.9624	0.962	0.9613	0.963	0.931	0.9632	0.9609	0.9311	0.9631	0.963	0.9631	0.9628	0.963	0.9516	0.9631	0.9627	0.9558	0.9633	0.9631	0.9629	0.9618	0.963	0.9631	0.958	0.9595	0.9626	0.9631	0.963	0.9631	0.9631	0.9602	0.9548	1.4294	0.9633	0.9632	0.9631	0.9631	0.9631	0.9631	0	0.9631	0.9631	0.9554	0.9631	0.9632	0.9631	0.9546	0.9591	0.9632	0.963	0.9632	0.963	0.9568	0.9631	0.963	0.9631	0.9615	0.9632	0.8797	0.9536	0.9629
  m	0.9632	0.963	0.9595	0.9631	0.9624	0.9619	0.9613	0.963	0.9305	0.9632	0.9609	0.9306	0.963	0.963	0.9631	0.9628	0.963	0.9514	0.9631	0.9627	0.9557	0.9632	0.9631	0.9629	0.9617	0.963	0.9631	0.9616	0.9595	0.9626	0.9631	0.963	0.9631	0.9631	0.9602	0.9547	0.9528	0.9633	0.9632	0.9631	0.9631	0.9631	0.9631	0.9631	0	0.9631	0.9553	0.9631	0.9632	0.9631	0.9545	0.9591	0.9631	0.963	0.9672	0.9629	0.9567	0.9632	0.963	0.9631	1.4497	0.9632	0.8786	0.9535	0.9629
  n	0.9633	0.9631	0.9602	0.9631	0.9625	0.9621	0.9616	0.9631	0.9346	0.9632	0.9612	0.9346	0.9631	0.963	0.9631	0.9638	0.9631	0.9529	0.9632	0.9628	0.9567	0.9632	0.9631	0.963	0.9619	0.9631	0.9632	0.9586	0.96	0.9627	0.9631	0.9631	0.9631	0.9631	0.9606	0.9557	0.9541	0.9634	0.9632	0.9631	0.9631	0.9631	0.9631	0.9631	0.9631	0	0.9563	0.9631	0.9632	0.9631	0.9556	0.9596	0.9632	0.963	0.9636	0.963	0.9575	0.9632	0.963	0.9631	0.9617	0.9632	1.3318	0.9547	0.9629
  o	0.9561	0.9572	1.5364	0.9555	4.2052	1.8265	1.4193	0.9561	1.6984	0.9555	0.9583	6.8445	0.9555	0.9563	1.4336	0.9569	1.7384	1.3861	0.9566	0.961	1.0053	0.9587	0.9555	1.4341	0.9575	1.4331	0.9563	0.9546	2.2942	0.9836	0.9554	0.9557	1.4335	0.9567	0.9571	9.6815	9.5032	0.9586	0.9556	0.9563	0.9554	1.0688	0.9562	0.9554	0.9553	0.9563	0	0.9558	1.2149	0.9569	2.1936	0.9541	0.9558	0.9579	0.957	3.2986	1.2307	0.9553	0.957	0.9553	0.9592	0.9562	2.2131	2.6121	0.9561
  p	0.9632	0.963	0.9599	0.9631	0.9624	0.962	0.9614	0.963	0.9326	0.9632	0.9611	0.9326	0.963	0.963	0.9631	0.9629	0.963	0.9521	0.9631	0.9628	0.9562	0.9632	0.9631	0.9629	0.9618	0.963	0.9631	0.9583	0.9598	0.9627	0.9631	0.963	0.9631	0.9631	0.9604	0.9552	0.9535	0.9633	0.9632	0.9631	0.9631	0.9631	0.9631	0.9631	0.9631	0.9631	0.9558	0	0.9632	0.9631	0.955	0.9593	0.9631	0.9888	0.9633	0.9629	0.9571	0.9631	0.963	0.9631	1.2623	0.9632	1.0843	0.9541	0.9629
  q	0.9633	0.9632	2.2739	0.9632	0.9627	0.9626	1.3679	0.9631	1.164	0.9633	0.9615	1.7351	0.9632	0.9631	0.9632	0.9632	0.9632	0.9533	0.9632	1.0384	0.9586	1.2579	0.9632	0.9737	0.9623	0.9631	0.9632	0.9589	0.9604	0.9628	0.9632	0.9631	0.9632	0.9633	1.0595	0.9563	1.1043	0.964	0.9644	0.9632	0.9632	0.9632	1.0605	0.9632	0.9632	0.9632	1.2149	0.9632	0	0.9632	0.9861	0.9597	0.9632	0.9631	0.9633	0.9634	0.9579	0.9632	0.9631	0.9632	0.9618	0.9633	1.2165	0.9552	0.963
  r	0.9632	0.963	0.9884	0.9631	0.9625	0.9623	0.9617	0.963	0.9372	0.9631	0.9615	0.9378	0.963	0.963	0.963	0.9629	0.963	0.9538	0.9631	0.9628	1.0934	0.9633	0.963	0.963	0.962	0.963	0.9631	0.959	0.9604	0.9627	0.9631	0.963	0.9631	1.338	0.9608	0.9565	1.4324	0.9634	0.9632	0.9631	0.9631	0.9631	0.9631	0.9631	0.9631	0.9631	0.9569	0.9631	0.9632	0	0.9563	0.9599	0.9631	0.963	0.9632	0.9632	0.958	0.9631	0.963	0.9631	0.9618	0.9631	1.7905	0.9555	0.9629
  s	0.9555	0.9565	2.2195	0.9547	0.9549	1.1929	0.9592	0.9552	2.1936	0.9548	0.9587	6.3655	0.9546	0.9554	0.9546	0.9562	0.9548	0.9533	0.9556	0.9604	1.1813	0.9549	0.9546	0.9554	0.9555	0.9545	0.9556	1.0315	1.721	0.9563	0.9546	0.9549	0.9546	0.9559	0.957	3.4961	1.5536	0.9579	0.9547	0.9556	0.9546	0.9546	0.9552	0.9546	0.9545	0.9556	2.1936	0.955	0.9861	0.9563	0	0.9537	0.9547	0.9571	0.9563	1.0949	0.9791	0.9545	1.1054	0.9545	0.9588	0.9555	7.6127	1.2281	0.955
  t	0.9595	0.96	0.9587	0.9596	0.9585	1.2467	0.9597	0.9594	0.9326	0.9593	0.9592	0.9328	0.9591	0.9626	0.9591	0.9601	0.9591	5.9148	0.9596	0.9614	1.3355	0.9596	0.9591	0.9592	0.958	0.959	0.9596	1.4718	0.9581	0.9595	0.9592	0.9592	0.9591	0.9602	0.9579	0.9535	0.9942	0.96	0.9592	0.9596	0.9591	0.9591	0.9594	0.9591	0.9591	0.9596	0.9541	0.9593	0.9597	0.9599	0.9537	0	0.9592	0.9602	0.96	0.9603	1.0454	0.9591	0.9594	0.9591	1.1124	0.9596	0.8857	0.9521	0.9591
  u	0.9633	0.9631	0.9598	0.9632	0.9625	0.9621	0.9613	0.9631	0.9311	0.9632	0.9609	0.932	0.9631	0.9631	0.9631	0.9629	0.9631	0.9517	0.9632	0.9628	1.0214	0.9633	0.9631	0.963	0.9619	0.9631	0.9632	0.9581	0.9596	0.9627	0.9632	0.9631	0.9632	0.9633	0.9603	0.9552	1.1578	0.9634	0.9632	0.9632	0.9632	0.9631	0.9631	0.9632	0.9631	0.9632	0.9558	0.9631	0.9632	0.9631	0.9547	0.9592	0	0.963	0.9633	0.963	0.9569	0.9632	0.963	0.9632	0.9615	0.9632	0.8801	1.2694	0.9629
  v	0.9632	0.963	0.9612	0.963	0.9625	0.9623	0.9619	0.9629	0.9404	0.9631	0.9617	1.397	0.9629	0.963	0.963	0.9628	0.9629	0.9549	0.963	0.9629	0.9583	0.9632	0.963	0.9629	0.9622	0.9629	0.9634	0.9595	0.9616	0.9627	0.963	0.9629	0.963	0.963	0.961	0.9622	1.4408	0.9634	0.9631	0.963	0.963	0.963	0.963	0.963	0.963	0.963	0.9579	0.9888	0.9631	0.963	0.9571	0.9602	0.963	0	0.9631	0.9631	0.9586	0.963	0.9629	0.963	1.0088	0.9631	2.262	0.9565	0.9629
  w	1.1006	0.9632	0.9608	0.9655	0.9627	0.9624	0.9986	0.9632	0.9371	0.9633	0.9616	0.9384	0.9632	0.9632	0.9632	0.9643	0.9632	0.9543	0.9633	0.9629	0.9575	0.9634	0.9632	0.9631	0.9621	0.9632	0.9633	1.2761	1.1048	0.9629	0.9633	0.9632	0.9633	0.9632	0.9608	0.9564	0.955	0.9636	0.9633	0.9633	0.9632	0.9632	0.9632	0.9632	0.9672	0.9636	0.957	0.9633	0.9633	0.9632	0.9563	0.96	0.9633	0.9631	0	0.9633	0.958	0.9633	0.9631	0.9633	1.7835	1.009	1.73	0.9555	0.9631
  x	0.9634	0.963	0.9819	0.9629	0.9628	0.9644	0.9623	0.9629	0.9438	0.963	0.9618	2.7035	0.9632	0.963	0.9629	0.9631	0.9631	0.9561	0.963	0.9633	1.6521	1.2155	0.963	0.9629	0.9625	0.9628	0.963	0.9598	2.9155	0.9628	0.963	0.9628	0.9629	0.9647	0.9611	1.4721	1.5292	0.9639	0.9631	0.963	0.963	0.963	0.963	0.963	0.9629	0.963	3.2986	0.9629	0.9634	0.9632	1.0949	0.9603	0.963	0.9631	0.9633	0	0.9605	0.9629	0.9629	0.9629	0.9624	0.963	1.8379	1.0071	0.9629
  y	0.9572	0.9584	0.9594	0.9571	0.9566	1.6334	1.4664	0.9572	4.0512	0.9569	0.971	2.0563	0.9568	1.1079	0.9567	0.9585	0.9569	1.2012	0.9575	0.961	1.0412	0.9572	0.9568	0.9571	0.9564	0.9567	0.9575	0.9549	0.9584	0.9577	0.9568	0.957	0.9568	0.9578	0.9929	0.9551	1.9245	0.9581	0.9568	0.9575	0.9568	0.9568	0.9573	0.9568	0.9567	0.9575	1.2307	0.9571	0.9579	0.958	0.9791	1.0454	0.9569	0.9586	0.958	0.9605	0	0.9567	0.9574	0.9567	0.9801	0.9575	1.2107	0.984	0.9569
  z	0.9633	0.9631	0.9596	0.9632	0.9624	0.962	0.9613	0.9631	0.9306	0.9632	0.9609	0.9306	0.9631	0.963	0.9631	1.0698	0.9631	0.9515	0.9632	0.9627	0.9557	0.9633	0.9631	0.963	0.9618	0.9631	0.9632	0.958	0.9595	0.9627	0.9632	0.9631	0.9632	0.9631	0.9602	0.9547	0.9528	0.9633	0.9632	0.9632	0.9631	0.9631	0.9631	0.9631	0.9632	0.9632	0.9553	0.9631	0.9632	0.9631	0.9545	0.9591	0.9632	0.963	0.9633	0.9629	0.9567	0	0.963	0.9632	1.3818	0.9632	0.8786	0.9535	0.9629
  {	0.9631	0.9629	0.9606	0.963	0.9624	0.963	0.9615	0.9629	0.9399	0.963	0.9612	0.9365	0.9629	0.9629	0.9629	0.9627	0.9629	0.9528	0.963	0.9628	0.9568	0.9631	0.9629	0.9629	0.9618	0.9629	0.963	0.9661	0.9601	0.9626	0.963	0.9629	0.963	0.963	0.9605	1.1558	1.078	0.9632	0.963	0.963	0.963	0.9629	0.963	0.963	0.963	0.963	0.957	0.963	0.9631	0.963	1.1054	0.9594	0.963	0.9629	0.9631	0.9629	0.9574	0.963	0	0.963	0.9617	0.963	1.3252	0.9548	0.9628
  |	0.9633	0.9631	0.9596	0.9631	0.9624	0.962	1.4421	0.9631	0.9306	0.9632	0.9609	0.9306	0.9631	0.963	0.9631	0.9628	0.9631	0.9514	0.9632	0.9627	0.9557	0.9633	0.9631	0.963	0.9618	0.9631	0.9632	0.9579	0.9595	0.9626	0.9632	0.963	0.9632	0.9631	0.9602	0.9547	0.9528	0.9633	0.9632	0.9632	0.9631	0.9631	0.9631	0.9631	0.9631	0.9631	0.9553	0.9631	0.9632	0.9631	0.9545	0.9591	0.9632	0.963	0.9633	0.9629	0.9567	0.9632	0.963	0	0.9614	0.9632	0.8786	0.9535	0.9629
  }	0.962	0.9619	0.9628	1.0206	0.9612	1.0359	0.9619	0.9615	0.9493	0.9616	1.0472	1.5495	0.9615	0.9619	0.9614	3.3271	0.9615	1.6767	0.9617	0.9627	0.9669	0.9617	0.9614	0.9615	0.961	0.9614	0.9617	1.6632	1.4766	1.8104	0.9615	0.9615	0.9615	0.9618	0.9608	0.9586	2.433	1.0751	0.9615	0.9617	0.9615	0.9614	0.9616	0.9615	1.4497	0.9617	0.9592	1.2623	0.9618	0.9618	0.9588	1.1124	0.9615	1.0088	1.7835	0.9624	0.9801	1.3818	0.9617	0.9614	0	0.9618	5.2249	0.9579	0.9616
  ~	0.9686	0.9631	0.9603	0.9632	0.9625	0.9622	1.0395	0.9631	0.9347	0.9632	0.9614	0.9342	0.9631	0.9631	0.9631	0.9629	0.9631	0.9527	0.9632	0.9629	0.9567	0.9633	0.9631	0.963	0.962	0.9631	0.9632	0.9586	0.9676	0.9628	0.9632	0.9631	0.9632	0.9632	0.9606	0.9556	0.9541	0.9634	0.9632	0.9632	0.9632	0.9631	0.9631	0.9632	0.9632	0.9632	0.9562	0.9632	0.9633	0.9631	0.9555	0.9596	0.9632	0.9631	1.009	0.963	0.9575	0.9632	0.963	0.9632	0.9618	0	1.2565	0.9546	0.963
  	1.0916	1.7975	6.644	0.8814	0.8812	1.2113	4.6008	0.8862	74.2012	0.9384	4.284	10.1507	0.8802	1.0474	0.8793	1.811	0.8807	1.48	1.3327	9.9466	3.7632	0.88	0.8797	1.1421	0.8827	0.8793	1.3326	1.254	4.5093	1.4546	0.8799	0.8825	0.8794	1.4914	2.3139	0.9429	13.0463	1.5139	0.8833	1.3324	0.8797	0.8796	0.9129	0.8797	0.8786	1.3318	2.2131	1.0843	1.2165	1.7905	7.6127	0.8857	0.8801	2.262	1.73	1.8379	1.2107	0.8786	1.3252	0.8786	5.2249	1.2565	0	1.4026	1.0475
  	0.9544	0.9557	0.9618	0.9538	0.9548	0.9553	0.9579	1.926	2.266	0.9538	0.9571	10.2323	0.9537	1.1836	0.9765	0.9553	0.9541	0.9505	0.9547	0.96	1.8183	0.9538	0.9536	0.9549	1.4933	0.9536	0.9547	0.9521	1.7184	0.9556	0.9538	0.954	0.9536	0.9556	0.9558	7.5406	2.3012	0.9562	0.9537	0.9547	0.9536	0.9538	0.9543	0.9536	0.9535	0.9547	2.6121	0.9541	0.9552	0.9555	1.2281	0.9521	1.2694	0.9565	0.9555	1.0071	0.984	0.9535	0.9548	0.9535	0.9579	0.9546	1.4026	0	0.9539
  	0.963	0.9629	0.9826	0.9629	0.9622	0.962	0.9795	0.9628	0.9327	1.015	1.0552	0.9328	0.9628	0.9628	0.9628	0.9627	0.9628	0.9522	0.9629	0.9628	0.9562	0.9631	0.9628	0.9627	0.9616	0.9628	0.9629	1.2026	0.9601	0.9625	0.9629	0.9628	0.9629	0.963	0.9603	1.4289	1.435	0.9632	0.963	0.9629	0.9629	0.9629	0.9629	0.9629	0.9629	0.9629	0.9561	0.9629	0.963	0.9629	0.955	0.9591	0.9629	0.9629	0.9631	0.9629	0.9569	0.9629	0.9628	0.9629	0.9616	0.963	1.0475	0.9539	0

Actual rates from j->i (Q_ij):
	A	B	C	D	E	F	G	H	I	J	K	L	M	N	O	P	Q	R	S	T	U	V	W	X	Y	Z	[	\	]	^	_	`	a	b	c	d	e	f	g	h	i	j	k	l	m	n	o	p	q	r	s	t	u	v	w	x	y	z	{	|	}	~			
  A	0	0.0177	0.0176	0.0177	0.0177	0.0177	0.0177	0.0177	0.0171	0.0177	0.0176	0.0171	0.0177	0.0177	0.0177	0.0177	0.0177	0.0175	0.0177	0.0177	0.0176	0.0177	0.0177	0.0177	0.0177	0.0177	0.0177	0.0176	0.0205	0.0177	0.0177	0.0177	0.0177	0.0177	0.0176	0.0175	0.0175	0.0177	0.0177	0.0177	0.0177	0.0177	0.0177	0.0177	0.0177	0.0177	0.0175	0.0177	0.0177	0.0177	0.0175	0.0176	0.0177	0.0177	0.0202	0.0177	0.0176	0.0177	0.0177	0.0177	0.0177	0.0178	0.02	0.0175	0.0177
  B	0.0144	0	0.0144	0.0144	0.0144	0.0148	0.0148	0.0144	0.0207	0.0144	0.0144	0.0141	0.0144	0.0144	0.0144	0.0145	0.0144	0.0143	0.0144	0.0144	0.0144	0.0144	0.0144	0.0144	0.0144	0.0144	0.0144	0.0144	0.0144	0.0144	0.0144	0.0144	0.0144	0.0144	0.0144	0.0143	0.0143	0.0144	0.0144	0.0144	0.0144	0.0144	0.0144	0.0144	0.0144	0.0144	0.0143	0.0144	0.0144	0.0144	0.0143	0.0144	0.0144	0.0144	0.0144	0.0144	0.0144	0.0144	0.0144	0.0144	0.0144	0.0144	0.0269	0.0143	0.0144
  C	0.0073	0.0073	0	0.0073	0.0073	0.0073	0.0125	0.0073	0.0094	0.0073	0.0077	0.0259	0.0073	0.0073	0.0073	0.0105	0.0073	0.0072	0.0073	0.0099	0.0296	0.0099	0.0073	0.0086	0.0073	0.0073	0.0073	0.0078	0.0109	0.0073	0.0073	0.0073	0.0073	0.0079	0.0073	0.0088	0.0275	0.0083	0.0132	0.0073	0.0073	0.0073	0.0097	0.0073	0.0073	0.0073	0.0116	0.0073	0.0172	0.0075	0.0168	0.0073	0.0073	0.0073	0.0073	0.0074	0.0073	0.0073	0.0073	0.0073	0.0073	0.0073	0.0503	0.0073	0.0074
  D	0.0184	0.0184	0.0183	0	0.0183	0.0183	0.0183	0.0184	0.0177	0.0184	0.0183	0.0178	0.0184	0.0184	0.0184	0.0183	0.0184	0.0637	0.0184	0.0183	0.0182	0.0184	0.0184	0.0183	0.0183	0.0184	0.0184	0.0269	0.0183	0.0183	0.0184	0.0184	0.0184	0.0184	0.0183	0.0182	0.0182	0.0184	0.0184	0.0184	0.0184	0.0184	0.0184	0.0184	0.0184	0.0184	0.0182	0.0184	0.0184	0.0184	0.0182	0.0183	0.0184	0.0183	0.0184	0.0183	0.0182	0.0184	0.0183	0.0184	0.0194	0.0184	0.0168	0.0182	0.0183
  E	0.0183	0.0183	0.0182	0.0183	0	0.0183	0.0183	0.0183	0.0177	0.0183	0.0182	0.0274	0.0183	0.0183	0.0183	0.0183	0.0183	0.0181	0.0183	0.0183	0.0182	0.0183	0.0183	0.0183	0.0183	0.0183	0.0183	0.0182	0.0182	0.0183	0.0183	0.0183	0.0183	0.0183	0.0182	0.0654	0.0186	0.0183	0.0183	0.0183	0.0183	0.0183	0.0183	0.0183	0.0183	0.0183	0.0799	0.0183	0.0183	0.0183	0.0181	0.0182	0.0183	0.0183	0.0183	0.0183	0.0182	0.0183	0.0183	0.0183	0.0183	0.0183	0.0167	0.0181	0.0183
  F	0.016	0.0164	0.0159	0.016	0.0159	0	0.0176	0.0159	0.0214	0.0159	0.0176	0.016	0.0159	0.0233	0.0159	0.0252	0.0159	0.0881	0.0159	0.016	0.0165	0.025	0.0159	0.0159	0.0159	0.0159	0.0159	0.0224	0.016	0.0159	0.0159	0.0159	0.0159	0.0161	0.0159	0.0168	0.0981	0.016	0.0159	0.0159	0.0159	0.0159	0.016	0.0159	0.0159	0.0159	0.0303	0.0159	0.016	0.016	0.0198	0.0207	0.0159	0.016	0.016	0.016	0.0271	0.0159	0.016	0.0159	0.0172	0.0159	0.0201	0.0158	0.0159
  G	0.0094	0.0097	0.0161	0.0094	0.0094	0.0104	0	0.0094	0.027	0.0095	0.0208	0.0113	0.0094	0.0096	0.0094	0.0095	0.0094	0.0121	0.0094	0.0104	0.0094	0.0102	0.0094	0.0094	0.0094	0.0094	0.0094	0.0096	0.0104	0.0094	0.0094	0.0094	0.0094	0.0094	0.0095	0.0094	0.0094	0.0094	0.0098	0.0094	0.0094	0.0094	0.0094	0.0094	0.0094	0.0094	0.0139	0.0094	0.0134	0.0094	0.0094	0.0094	0.0094	0.0094	0.0098	0.0094	0.0143	0.0094	0.0094	0.0141	0.0094	0.0102	0.045	0.0094	0.0096
  H	0.0173	0.0172	0.0172	0.0172	0.0172	0.0172	0.0172	0	0.0251	0.0173	0.0172	0.0251	0.0172	0.0172	0.0172	0.0172	0.0172	0.0171	0.0172	0.0172	0.0171	0.0173	0.0172	0.0172	0.0172	0.0172	0.0172	0.0172	0.0172	0.0172	0.0172	0.0172	0.0172	0.0172	0.0172	0.0257	0.0171	0.0173	0.0173	0.0172	0.0172	0.0172	0.0172	0.0172	0.0172	0.0172	0.0171	0.0172	0.0173	0.0172	0.0171	0.0172	0.0173	0.0172	0.0173	0.0172	0.0171	0.0172	0.0172	0.0172	0.0172	0.0173	0.0159	0.0345	0.0172
  I	0.0017	0.0025	0.0022	0.0017	0.0017	0.0023	0.005	0.0025	0	0.0017	0.0032	0.0035	0.0017	0.002	0.0017	0.0025	0.0017	0.0017	0.0017	0.0019	0.0055	0.0017	0.0017	0.0017	0.0017	0.0017	0.0017	0.0017	0.0042	0.0017	0.0017	0.0017	0.0017	0.0017	0.0072	0.0017	0.0029	0.0017	0.0017	0.0017	0.0017	0.0017	0.0032	0.0017	0.0017	0.0017	0.0031	0.0017	0.0021	0.0017	0.004	0.0017	0.0017	0.0017	0.0017	0.0017	0.0073	0.0017	0.0017	0.0017	0.0017	0.0017	0.1338	0.0041	0.0017
  J	0.0184	0.0184	0.0185	0.0184	0.0184	0.0184	0.0185	0.0184	0.0178	0	0.0191	0.0178	0.0184	0.0184	0.0184	0.0184	0.0184	0.0182	0.0184	0.0184	0.0183	0.0184	0.0184	0.0184	0.0184	0.0184	0.0184	0.026	0.0184	0.0184	0.0184	0.0184	0.0184	0.0184	0.0184	0.0183	0.0183	0.0184	0.0184	0.0184	0.0184	0.0184	0.0184	0.0184	0.0184	0.0184	0.0183	0.0184	0.0184	0.0184	0.0183	0.0184	0.0184	0.0184	0.0184	0.0184	0.0183	0.0184	0.0184	0.0184	0.0184	0.0184	0.018	0.0183	0.0194
  K	0.0099	0.0099	0.0105	0.0099	0.0099	0.011	0.022	0.0099	0.0186	0.0103	0	0.01	0.0099	0.0104	0.0099	0.0099	0.0099	0.0107	0.0099	0.01	0.0108	0.0099	0.0099	0.0099	0.0099	0.0099	0.0099	0.0116	0.0099	0.0099	0.0099	0.0099	0.0099	0.0099	0.0104	0.0099	0.0099	0.0099	0.0099	0.0099	0.0099	0.0099	0.0099	0.0099	0.0099	0.0099	0.0099	0.0099	0.0099	0.0099	0.0099	0.0099	0.0099	0.0099	0.0099	0.0099	0.01	0.0099	0.0099	0.0099	0.0108	0.0099	0.0443	0.0099	0.0109
  L	0.0066	0.0066	0.0241	0.0066	0.0101	0.0068	0.0081	0.0099	0.0137	0.0066	0.0068	0	0.0065	0.0067	0.0066	0.0066	0.0066	0.0067	0.0066	0.0075	0.0945	0.0066	0.0065	0.0072	0.0093	0.0065	0.0066	0.0091	0.0394	0.0168	0.0065	0.0098	0.0065	0.0066	0.0066	0.0705	0.036	0.0071	0.0069	0.0066	0.0065	0.0065	0.0066	0.0065	0.0065	0.0066	0.0481	0.0066	0.0122	0.0066	0.0448	0.0066	0.0066	0.0098	0.0066	0.019	0.0145	0.0065	0.0066	0.0065	0.0109	0.0066	0.0714	0.072	0.0066
  M	0.0185	0.0185	0.0184	0.0185	0.0185	0.0185	0.0185	0.0185	0.0179	0.0185	0.0185	0.0179	0	0.0185	0.0185	0.0185	0.0185	0.0183	0.0185	0.0185	0.0184	0.0185	0.0185	0.0185	0.0185	0.0185	0.0185	0.0184	0.0184	0.0185	0.0185	0.0185	0.0185	0.0185	0.0185	0.0184	0.0458	0.0185	0.0185	0.0185	0.0185	0.0185	0.0185	0.0185	0.0185	0.0185	0.0184	0.0185	0.0185	0.0185	0.0183	0.0184	0.0185	0.0185	0.0185	0.0185	0.0184	0.0185	0.0185	0.0185	0.0185	0.0185	0.0169	0.0183	0.0185
  N	0.0172	0.0172	0.0172	0.0172	0.0172	0.0252	0.0175	0.0172	0.0199	0.0172	0.0179	0.017	0.0172	0	0.0172	0.0172	0.0172	0.0338	0.0172	0.0172	0.0181	0.0172	0.0172	0.0172	0.0172	0.0172	0.0172	0.0172	0.0172	0.0172	0.0172	0.0172	0.0172	0.0172	0.0172	0.0171	0.0172	0.0172	0.0172	0.0172	0.0172	0.0172	0.0172	0.0172	0.0172	0.0172	0.0171	0.0172	0.0172	0.0172	0.0171	0.0172	0.0172	0.0172	0.0172	0.0172	0.0198	0.0172	0.0172	0.0172	0.0172	0.0172	0.0187	0.0212	0.0172
  O	0.0187	0.0187	0.0186	0.0187	0.0187	0.0187	0.0187	0.0187	0.0181	0.0187	0.0187	0.0181	0.0187	0.0187	0	0.0187	0.0187	0.0185	0.0187	0.0187	0.0186	0.0187	0.0187	0.0187	0.0187	0.0187	0.0187	0.0186	0.0186	0.0187	0.0187	0.0187	0.0187	0.0187	0.0187	0.0273	0.0185	0.0187	0.0187	0.0187	0.0187	0.0187	0.0187	0.0187	0.0187	0.0187	0.0279	0.0187	0.0187	0.0187	0.0185	0.0186	0.0187	0.0187	0.0187	0.0187	0.0186	0.0187	0.0187	0.0187	0.0187	0.0187	0.0171	0.019	0.0187
  P	0.0154	0.0155	0.0222	0.0154	0.0154	0.0244	0.0156	0.0154	0.0226	0.0154	0.0154	0.015	0.0154	0.0155	0.0154	0	0.0154	0.0362	0.0154	0.0154	0.0205	0.0155	0.0154	0.0154	0.0154	0.0154	0.0154	0.0154	0.0154	0.0154	0.0154	0.0154	0.0154	0.0157	0.0154	0.0153	0.0235	0.0155	0.0154	0.0154	0.0154	0.0154	0.0154	0.0154	0.0154	0.0155	0.0154	0.0154	0.0155	0.0154	0.0153	0.0154	0.0154	0.0154	0.0155	0.0155	0.0154	0.0172	0.0154	0.0154	0.0534	0.0154	0.0291	0.0153	0.0154
  Q	0.0184	0.0184	0.0183	0.0184	0.0184	0.0184	0.0184	0.0184	0.0178	0.0184	0.0183	0.0178	0.0184	0.0184	0.0184	0.0184	0	0.0182	0.0184	0.0184	0.0183	0.0184	0.0184	0.0184	0.0184	0.0184	0.0184	0.0183	0.0183	0.0184	0.0184	0.0184	0.0184	0.0184	0.0183	0.0218	0.0372	0.0184	0.0184	0.0184	0.0184	0.0184	0.0184	0.0184	0.0184	0.0184	0.0332	0.0184	0.0184	0.0184	0.0182	0.0183	0.0184	0.0184	0.0184	0.0184	0.0183	0.0184	0.0184	0.0184	0.0184	0.0184	0.0168	0.0182	0.0184
  R	0.0137	0.0138	0.0138	0.0482	0.0137	0.0766	0.0178	0.0137	0.0136	0.0137	0.015	0.0137	0.0137	0.0272	0.0137	0.0325	0.0137	0	0.0137	0.0138	0.0153	0.028	0.0137	0.0137	0.0137	0.0137	0.0137	0.0615	0.0138	0.0137	0.0137	0.0137	0.0137	0.0137	0.0137	0.0142	0.0859	0.0137	0.0137	0.0137	0.0137	0.0137	0.0137	0.0137	0.0137	0.0137	0.02	0.0137	0.0137	0.0137	0.0137	0.0852	0.0137	0.0138	0.0138	0.0138	0.0173	0.0137	0.0137	0.0137	0.0242	0.0137	0.0213	0.0137	0.0137
  S	0.0165	0.0165	0.0164	0.0165	0.0165	0.0165	0.0165	0.0165	0.016	0.0165	0.0165	0.016	0.0165	0.0165	0.0165	0.0165	0.0165	0.0163	0	0.0165	0.0164	0.0165	0.0165	0.0165	0.0165	0.0165	0.0165	0.0164	0.0164	0.0165	0.0165	0.0165	0.0165	0.0165	0.0165	0.0164	0.0163	0.0165	0.0165	0.0165	0.0165	0.0165	0.0165	0.0165	0.0165	0.0165	0.0164	0.0165	0.0165	0.0165	0.0164	0.0164	0.0165	0.0165	0.0165	0.0165	0.0164	0.0165	0.0165	0.0165	0.0165	0.0165	0.0228	0.0164	0.0165
  T	0.0062	0.0062	0.0084	0.0062	0.0062	0.0062	0.0069	0.0062	0.0069	0.0062	0.0062	0.0069	0.0062	0.0062	0.0062	0.0062	0.0062	0.0062	0.0062	0	0.0062	0.0062	0.0062	0.0062	0.0062	0.0062	0.0062	0.0062	0.0062	0.0062	0.0062	0.0062	0.0062	0.0062	0.0081	0.0062	0.0068	0.0062	0.0066	0.0062	0.0062	0.0062	0.0065	0.0062	0.0062	0.0062	0.0062	0.0062	0.0067	0.0062	0.0062	0.0062	0.0062	0.0062	0.0062	0.0062	0.0062	0.0062	0.0062	0.0062	0.0062	0.0062	0.0641	0.0062	0.0062
