Map from character to field name
A:	Algeria
B:	Argentina
C:	Australia
D:	Austria
E:	Bangladesh
F:	Belgium
G:	Brazil
H:	Cambodia
I:	Canada
J:	Chad
K:	Chile
L:	China
M:	Czech Republic
N:	Denmark
O:	Egypt
P:	France
Q:	Georgia
R:	Germany
S:	Guam
T:	Guatemala
U:	Hong Kong
V:	Hungary
W:	Iceland
X:	India
Y:	Indonesia
Z:	Iran
[:	Ireland
\:	Italy
]:	Japan
^:	Kazakhstan
_:	Kuwait
`:	Laos
a:	Luxembourg
b:	Malaysia
c:	Mexico
d:	Mongolia
e:	Netherlands
f:	New Zealand
g:	Nicaragua
h:	Nigeria
i:	Norway
j:	Pakistan
k:	Peru
l:	Philippines
m:	Poland
n:	Romania
o:	Russia
p:	Saudi Arabia
q:	Singapore
r:	South Africa
s:	South Korea
t:	Spain
u:	Sri Lanka
v:	Sweden
w:	Switzerland
x:	Taiwan
y:	Thailand
z:	Turkey
{:	Ukraine
|:	United Arab Emirates
}:	United Kingdom
~:	Uruguay
:	Usa
:	Vietnam
:	Zambia
:	?


Substitution rate (mu): 15.80831

Equilibrium frequencies (pi_i):
  A: 0.0183
  B: 0.0158
  C: 0.0082
  D: 0.0189
  E: 0.0182
  F: 0.017
  G: 0.0101
  H: 0.0183
  I: 0.0018
  J: 0.0173
  K: 0.012
  L: 0.0059
  M: 0.0188
  N: 0.0169
  O: 0.0193
  P: 0.0159
  Q: 0.0188
  R: 0.0122
  S: 0.0173
  T: 0.0078
  U: 0.0067
  V: 0.0189
  W: 0.0191
  X: 0.0174
  Y: 0.0181
  Z: 0.0192
  [: 0.0173
  \: 0.0174
  ]: 0.0082
  ^: 0.0169
  _: 0.0189
  `: 0.0194
  a: 0.0193
  b: 0.0166
  c: 0.0134
  d: 0.0125
  e: 0.0047
  f: 0.0172
  g: 0.0181
  h: 0.0194
  i: 0.0191
  j: 0.0193
  k: 0.0157
  l: 0.0186
  m: 0.0193
  n: 0.0198
  o: 0.0088
  p: 0.0172
  q: 0.0161
  r: 0.0161
  s: 0.0062
  t: 0.0176
  u: 0.0192
  v: 0.0156
  w: 0.0162
  x: 0.0126
  y: 0.0163
  z: 0.0194
  {: 0.0189
  |: 0.0182
  }: 0.0101
  ~: 0.0175
  : 0.0053
  : 0.0107
  : 0.0189

Symmetrized rates from j->i (W_ij):
	A	B	C	D	E	F	G	H	I	J	K	L	M	N	O	P	Q	R	S	T	U	V	W	X	Y	Z	[	\	]	^	_	`	a	b	c	d	e	f	g	h	i	j	k	l	m	n	o	p	q	r	s	t	u	v	w	x	y	z	{	|	}	~			
  A	0	0.9653	0.9634	0.9657	0.9661	0.9644	0.9622	0.9656	0.9402	0.9655	0.969	0.9406	0.9657	0.9648	0.9657	0.9654	0.9656	0.9528	0.9656	0.9638	0.9584	0.9657	0.9657	0.9654	0.966	0.9656	0.9656	0.9608	1.2225	0.9656	0.9657	0.9658	0.9657	0.9654	0.9612	0.9578	0.954	0.9653	0.9657	0.9658	0.9657	0.9657	0.9654	0.9656	0.9658	0.9658	0.9576	0.9655	0.9657	0.9655	0.9606	0.9617	0.9657	0.9652	0.966	0.9672	0.9579	0.9658	0.9656	0.9656	0.9626	0.9656	1.1143	0.9524	0.9652
  B	0.9653	0	0.9634	0.9653	0.9657	0.9642	0.9622	0.9652	0.9671	0.9651	0.969	0.9429	0.9653	0.9645	0.9653	0.965	0.9653	0.9542	0.9652	0.9636	0.9589	0.9653	0.9654	0.965	0.9658	0.9652	0.9652	0.9611	0.9624	0.9652	0.9653	0.9654	0.9653	0.965	0.9614	0.9585	0.9575	0.9654	0.9654	0.9654	0.9653	0.9653	0.965	0.9653	0.9654	0.9654	0.9582	0.9651	0.9653	0.9651	0.961	0.9619	0.9654	0.9649	0.9652	0.9668	0.9586	0.9654	0.9652	0.9653	0.9626	0.9652	1.7668	0.9538	0.9649
  C	0.9634	0.9634	0	0.963	1.1278	0.9656	1.1774	0.9632	1.5042	0.9634	1.6144	2.2296	0.9637	0.9635	0.9633	1.7103	0.9637	0.9609	0.9632	1.2388	2.1892	1.1858	0.9632	1.04	0.965	0.963	0.9632	0.9631	1.5594	0.9637	0.9655	0.9631	0.963	1.2186	1.4009	1.6889	4.3846	0.964	1.4153	0.963	0.9632	0.963	0.9789	0.9632	0.963	0.9629	1.3406	0.9632	2.1186	1.0443	1.3624	0.9616	0.9631	0.9638	0.9635	0.9672	1.4083	0.963	0.9635	0.9631	0.9651	0.9633	6.6951	1.0674	0.9635
  D	0.9657	0.9653	0.963	0	0.9662	0.9647	0.962	0.9657	0.9393	0.9656	0.969	1.1058	0.9658	0.9651	0.9658	0.9655	0.9658	2.8682	0.9656	0.9636	0.9585	0.966	0.9659	0.9654	0.9663	0.9657	0.9656	1.3528	0.9621	0.9657	0.9658	0.9659	0.9658	0.9654	0.961	0.9576	0.9535	0.9654	0.9659	0.9659	0.9658	0.9658	0.9654	0.9657	0.9938	0.9659	0.9573	0.9655	0.9658	0.9655	0.9604	0.962	0.9659	0.9653	1.1282	0.9672	0.958	0.9659	0.9657	0.9657	0.9807	0.9657	0.8976	0.9522	0.9653
  E	0.9661	0.9657	1.1278	0.9662	0	0.9662	0.9628	0.9662	0.9514	0.9659	0.9706	1.9804	0.9666	0.9653	0.9665	0.9663	0.9666	0.9545	0.966	0.9643	0.9624	0.9666	0.9665	0.9663	0.9672	0.9664	0.966	0.9623	1.0606	0.9662	0.9661	0.9663	0.9662	0.9665	0.9619	1.7518	1.1894	0.9662	0.9666	0.9662	0.9663	0.9662	0.9662	0.9662	0.9662	0.9662	3.1206	0.9659	0.967	0.9659	1.206	0.9622	0.9662	0.9659	0.966	0.9686	0.9591	0.9662	0.9664	0.966	0.9637	0.966	0.9352	1.1189	0.9661
  F	0.9644	0.9642	0.9656	0.9647	0.9662	0	0.9617	0.9643	0.9447	0.9643	0.9694	0.9445	0.9645	0.9834	0.9648	1.4359	1.0081	4.7182	0.9644	0.9633	0.9908	1.4666	0.9648	0.9645	0.9656	0.9643	0.9644	1.4756	0.9632	0.9647	0.9644	0.9644	0.9645	0.9645	0.9606	1.9286	4.3713	0.9643	0.9646	0.9645	0.9644	0.9929	0.9644	0.9644	0.9645	0.9644	1.9567	0.9643	0.9648	0.9644	0.9677	1.1233	0.9645	0.9642	0.9645	0.9669	0.9583	0.9645	0.9646	0.9644	0.9635	0.9644	1.3483	0.9532	0.9641
  G	0.9622	0.9622	1.1774	0.962	0.9628	0.9617	0	0.962	0.9542	0.9621	1.4503	0.9844	0.962	0.962	0.9619	0.9624	0.962	0.9563	0.9621	1.2427	1.1229	1.0301	0.962	0.9621	0.963	0.9619	0.9621	0.9602	0.9625	0.9956	0.9619	0.9619	0.9619	0.9623	0.972	0.9589	1.1764	0.9621	1.0666	0.9619	0.962	0.9619	1.0235	0.962	0.9619	0.9618	0.9595	0.9621	1.7316	0.9623	0.9641	0.96	0.9619	0.9622	0.9628	0.9652	0.9584	0.9619	0.9619	1.245	1.0185	1.1365	5.2405	0.956	0.962
  H	0.9656	0.9652	0.9632	0.9657	0.9662	0.9643	0.962	0	0.9408	0.9654	0.9691	1.6449	0.9656	0.9647	0.9657	0.9653	0.9656	0.9527	0.9655	0.9636	0.9584	0.9657	0.9657	0.9653	0.9663	0.9655	0.9655	0.9607	1.193	0.9655	0.9656	0.9657	0.9657	0.9653	0.961	0.9578	0.9538	0.9653	0.9657	0.9657	0.9656	0.9657	0.9653	0.9656	0.9657	0.9657	0.9573	0.9654	0.9656	0.9654	0.9618	0.9616	0.9657	0.9651	0.9655	0.9671	0.9579	0.9657	0.9655	0.9656	0.9625	0.9655	0.8999	1.9053	0.9652
  I	0.9402	0.9671	1.5042	0.9393	0.9514	0.9447	0.9542	0.9408	0	0.941	1.3651	2.6959	0.9399	0.9418	0.9387	1.4108	0.9399	0.9766	0.941	1.4341	0.9673	0.9403	0.9388	0.9433	0.9728	0.9386	0.941	0.944	1.4423	0.944	0.9384	0.9383	0.9385	0.9421	2.8203	0.9867	1.3371	0.9774	0.9421	0.9388	0.939	0.9385	1.2015	0.9392	0.9384	0.9375	1.1157	0.9411	0.9465	0.9429	1.5533	0.9416	0.9386	0.9439	0.9432	0.9591	0.9556	0.9382	0.9403	0.9395	0.9546	0.9409	71.2123	1.7139	0.9399
  J	0.9655	0.9651	0.9634	0.9656	0.9659	0.9643	0.9621	0.9654	0.941	0	0.9689	0.9405	0.9655	0.9647	0.9656	0.9652	0.9655	0.9533	0.9654	0.9636	0.9584	0.9656	0.9656	0.9652	0.9659	0.9655	0.9654	0.9609	0.9622	0.9654	0.9655	0.9656	0.9656	0.9652	0.9612	0.958	0.9541	0.9652	0.9656	0.9656	0.9656	0.9656	0.9652	0.9655	0.9656	0.9656	0.9576	0.9653	0.9655	0.9653	0.9604	0.9618	0.9656	0.9651	0.9654	0.9669	0.9582	0.9657	0.9655	0.9655	0.9625	0.9655	1.3399	0.9529	0.9651
  K	0.969	0.969	1.6144	0.969	0.9706	0.9694	1.4503	0.9691	1.3651	0.9689	0	0.991	0.9693	0.9685	0.9691	0.9703	0.9693	0.962	0.9689	0.9694	0.9706	0.9694	0.9691	0.9692	0.9996	0.9689	0.9689	1.3779	0.9713	0.9696	0.9689	0.969	0.969	0.9692	0.969	0.967	1.1408	0.9693	0.9695	1.4504	0.9691	0.969	0.9693	0.969	0.969	0.969	0.9679	0.9688	0.9714	0.9691	1.0861	0.9668	0.969	0.969	0.9692	1.0279	0.9654	0.9691	0.9691	0.9689	1.2489	0.969	3.6093	0.9634	1.3787
  L	0.9406	0.9429	2.2296	1.1058	1.9804	0.9445	0.9844	1.6449	2.6959	0.9405	0.991	0	0.9391	0.9434	0.9389	1.7738	0.9391	1.3922	0.9406	1.2697	13.5613	0.9394	0.9399	1.1522	1.6207	1.0057	0.9406	1.5688	4.7335	2.5697	0.9384	0.9379	0.9381	0.943	0.9474	6.9168	5.2519	1.3538	1.0079	0.938	0.9384	0.9384	0.9432	0.939	0.9882	0.9372	8.0866	0.9407	1.4905	0.9423	8.6164	0.9399	0.9386	0.943	1.2329	4.5591	1.6859	0.938	0.9502	0.9391	1.7498	0.9404	17.722	12.9471	0.9394
  M	0.9657	0.9653	0.9637	0.9658	0.9666	0.9645	0.962	0.9656	0.9399	0.9655	0.9693	0.9391	0	0.965	0.9659	0.9654	0.9657	0.9525	0.9656	0.9636	0.9584	0.9658	0.9659	0.9655	0.9664	0.9657	0.9656	0.9607	0.9624	0.9657	0.9657	0.9658	0.9658	0.9654	0.961	0.9582	2.2879	0.9654	0.9658	0.9658	0.9659	0.9658	0.9654	0.9657	0.9658	0.9658	1.057	0.9655	0.9658	0.9655	0.9603	0.9616	0.9658	0.9652	0.9656	0.9672	0.9578	0.9658	0.9658	0.9657	0.9626	0.9656	0.8983	0.9521	0.9653
  N	0.9648	0.9645	0.9635	0.9651	0.9653	0.9834	0.962	0.9647	0.9418	0.9647	0.9685	0.9434	0.965	0	0.9649	0.9649	0.965	1.5292	0.9647	0.9633	1.1629	0.9652	0.9649	0.9646	0.9653	0.9647	0.9647	0.9618	0.9623	0.9648	0.9648	0.9649	0.9649	0.9653	0.9608	0.9581	1.1339	0.9647	0.9649	0.9649	0.9649	0.9649	0.9647	0.9648	0.9649	0.9649	1.4305	0.9646	0.9649	0.9647	0.9606	0.9624	0.9649	0.9645	0.9648	0.9665	0.958	0.9649	0.9648	0.9648	0.9624	0.9648	1.3464	0.9532	0.9645
  O	0.9657	0.9653	0.9633	0.9658	0.9665	0.9648	0.9619	0.9657	0.9387	0.9656	0.9691	0.9389	0.9659	0.9649	0	0.9654	0.9658	0.9523	0.9657	0.9636	0.9581	0.9659	0.966	0.9655	0.9662	0.9657	0.9657	0.9607	0.9714	0.9657	0.9658	0.9659	0.9659	0.9655	0.961	1.1903	1.1117	0.9654	0.9659	0.9659	0.9659	0.9659	0.9655	0.9658	0.9659	0.9659	1.5788	0.9655	0.9658	0.9655	0.96	0.9616	0.9659	0.9653	0.9656	0.9673	0.9577	0.9659	0.9658	0.9657	0.9624	0.9657	0.8962	0.9519	0.9654
  P	0.9654	0.965	1.7103	0.9655	0.9663	1.4359	0.9624	0.9653	1.4108	0.9652	0.9703	1.7738	0.9654	0.9649	0.9654	0	0.9654	2.4015	0.9652	0.9637	1.0246	0.9656	0.9654	0.9652	0.9665	0.9653	0.9652	0.9619	0.9632	0.9656	0.9653	0.9654	0.9654	0.9834	0.9619	0.9595	1.0172	0.9652	0.9655	0.9654	0.9654	0.9654	0.9651	0.9653	0.9657	1.447	0.9594	0.9652	0.9656	0.9691	0.9623	0.9622	0.9654	0.965	1.2697	0.9673	0.9594	1.2122	0.9653	0.9653	2.8064	0.9653	1.7289	0.9553	0.965
  Q	0.9656	0.9653	0.9637	0.9658	0.9666	1.0081	0.962	0.9656	0.9399	0.9655	0.9693	0.9391	0.9657	0.965	0.9658	0.9654	0	0.9526	0.9656	0.9636	0.9584	0.9658	0.9659	0.9654	0.9664	0.9656	0.9656	0.9607	0.9624	0.9656	0.9657	0.9658	0.9658	0.9654	0.961	0.9582	2.3512	0.9654	0.9658	0.9658	0.9657	0.9658	0.9654	0.9657	0.9658	0.9658	0.9578	0.9655	0.9657	0.9655	0.9603	0.9616	0.9658	0.9652	0.9656	0.9672	0.9578	0.9658	0.9657	0.9656	0.9626	0.9656	0.8984	0.9521	0.9653
  R	0.9528	0.9542	0.9609	2.8682	0.9545	4.7182	0.9563	0.9527	0.9766	0.9533	0.962	1.3922	0.9525	1.5292	0.9523	2.4015	0.9526	0	0.9533	0.959	1.0781	1.9809	0.9524	0.9534	0.9544	0.9521	0.9533	4.4775	0.9591	0.954	0.9523	0.952	0.9521	0.9543	0.9554	0.9565	6.1681	0.954	0.953	0.952	0.9523	0.9522	0.9544	0.9526	0.9526	0.9518	0.9733	0.9533	0.9545	0.9541	1.7962	7.641	0.9522	0.9543	0.9564	0.959	1.0322	0.9521	0.9524	0.9527	1.729	0.9533	2.1456	0.9504	0.9524
  S	0.9656	0.9652	0.9632	0.9656	0.966	0.9644	0.9621	0.9655	0.941	0.9654	0.9689	0.9406	0.9656	0.9647	0.9657	0.9652	0.9656	0.9533	0	0.9636	0.9584	0.9656	0.9657	0.9653	0.966	0.9655	0.9655	0.9609	0.9623	0.9655	0.9656	0.9657	0.9656	0.9653	0.9612	0.958	0.9541	0.9652	0.9657	0.9657	0.9656	0.9656	0.9653	0.9656	0.9657	0.9657	0.9577	0.9654	0.9656	0.9654	0.9604	0.9618	0.9657	0.9651	0.9655	0.9669	0.9583	0.9657	0.9655	0.9655	0.9625	0.9655	1.3402	0.953	0.9652
  T	0.9638	0.9636	1.2388	0.9636	0.9643	0.9633	1.2427	0.9636	1.4341	0.9636	0.9694	1.2697	0.9636	0.9633	0.9636	0.9637	0.9636	0.959	0.9636	0	0.9615	0.9637	0.9636	0.9636	0.9646	0.9635	0.9636	0.9618	0.9634	0.9637	0.9636	0.9636	0.9636	0.9636	1.0448	0.961	1.1866	0.9636	0.9907	0.9636	0.9636	0.9636	1.1163	0.9636	0.9636	0.9636	0.9612	0.9636	1.0633	0.9636	0.9645	0.962	0.9636	0.9636	0.9637	0.9659	0.9607	0.9636	0.9636	0.9636	0.9629	0.9637	7.3473	0.9586	0.9635
  U	0.9584	0.9589	2.1892	0.9585	0.9624	0.9908	1.1229	0.9584	0.9673	0.9584	0.9706	13.5613	0.9584	1.1629	0.9581	1.0246	0.9584	1.0781	0.9584	0.9615	0	0.9585	0.9582	0.959	0.9621	0.9579	0.9584	1.385	2.0957	0.9596	0.9579	0.9578	0.9579	3.273	0.9602	0.9618	8.9757	1.3417	0.9587	0.9579	0.9581	0.9579	0.9592	0.9582	0.9581	0.9577	1.4435	0.9585	0.96	1.0151	0.9715	0.9586	1.0337	0.959	0.9592	1.4422	1.0435	0.9579	0.9585	0.9581	1.1294	0.9584	5.585	2.2902	0.9582
  V	0.9657	0.9653	1.1858	0.966	0.9666	1.4666	1.0301	0.9657	0.9403	0.9656	0.9694	0.9394	0.9658	0.9652	0.9659	0.9656	0.9658	1.9809	0.9656	0.9637	0.9585	0	0.9659	0.9655	0.9663	0.9657	0.9656	0.9826	0.9624	0.9657	0.9658	0.9658	0.9658	0.9655	0.9611	0.9578	1.4351	0.9654	0.9674	0.9659	0.9658	0.9659	0.9656	0.9657	0.9659	0.9659	0.9574	0.9655	1.2262	0.9656	0.9635	0.9624	0.9659	0.9653	0.9656	0.9673	0.958	0.9659	0.9657	0.9657	0.9626	0.9657	0.9938	0.9521	0.9653
  W	0.9657	0.9654	0.9632	0.9659	0.9665	0.9648	0.962	0.9657	0.9388	0.9656	0.9691	0.9399	0.9659	0.9649	0.966	0.9654	0.9659	0.9524	0.9657	0.9636	0.9582	0.9659	0	0.9656	0.9663	0.9658	0.9657	0.9608	0.9622	0.9657	0.9658	0.9659	0.9659	0.9655	0.961	0.959	1.2175	0.9654	0.9659	0.9659	0.9659	0.9659	0.9655	0.9658	0.9659	0.9659	1.2017	0.9656	0.9658	0.9656	0.96	0.9616	0.9659	0.9653	0.9656	0.9673	0.9577	0.9659	0.9658	0.9657	0.9625	0.9657	0.8968	0.9519	0.9654
  X	0.9654	0.965	1.04	0.9654	0.9663	0.9645	0.9621	0.9653	0.9433	0.9652	0.9692	1.1522	0.9655	0.9646	0.9655	0.9652	0.9654	0.9534	0.9653	0.9636	0.959	0.9655	0.9656	0	0.9661	0.9653	0.9653	0.9609	0.9634	0.9654	0.9654	0.9655	0.9654	0.9652	0.9611	0.9974	1.4089	0.9651	0.9655	0.9655	0.9654	0.9655	0.9651	0.9654	0.9655	0.9655	1.9239	0.9652	0.9655	0.9652	0.9611	0.9616	0.9655	0.965	0.9653	0.9671	0.9581	0.9655	0.9669	0.9653	0.9626	0.9653	1.2756	1.1884	0.965
  Y	0.966	0.9658	0.965	0.9663	0.9672	0.9656	0.963	0.9663	0.9728	0.9659	0.9996	1.6207	0.9664	0.9653	0.9662	0.9665	0.9664	0.9544	0.966	0.9646	0.9621	0.9663	0.9663	0.9661	0	0.9661	0.966	0.9622	0.9646	0.9678	0.966	0.9662	0.9662	0.9659	0.9625	0.9636	1.0052	0.9662	0.9665	0.9664	0.9662	0.9662	0.966	0.9661	0.9662	0.9662	0.9627	0.9659	0.9667	0.9659	1.108	0.9623	0.9662	0.9658	0.9661	0.9698	0.959	0.9662	0.9662	0.966	0.9638	0.966	0.9531	0.9606	0.966
  Z	0.9656	0.9652	0.963	0.9657	0.9664	0.9643	0.9619	0.9655	0.9386	0.9655	0.9689	1.0057	0.9657	0.9647	0.9657	0.9653	0.9656	0.9521	0.9655	0.9635	0.9579	0.9657	0.9658	0.9653	0.9661	0	0.9655	0.9605	0.962	0.9655	0.9656	0.9657	0.9657	0.9653	0.9609	1.0481	0.9529	0.9653	0.9657	0.9658	0.9657	0.9657	0.9653	0.9656	0.9658	0.9658	1.2738	0.9654	0.9656	0.9654	0.9599	0.9615	0.9657	0.9652	0.9655	0.9671	0.9575	0.9658	0.9656	0.9656	0.9623	0.9655	0.8957	0.9518	0.9652
  [	0.9656	0.9652	0.9632	0.9656	0.966	0.9644	0.9621	0.9655	0.941	0.9654	0.9689	0.9406	0.9656	0.9647	0.9657	0.9652	0.9656	0.9533	0.9655	0.9636	0.9584	0.9656	0.9657	0.9653	0.966	0.9655	0	0.9609	0.9623	0.9655	0.9656	0.9657	0.9656	0.9653	0.9612	0.958	0.9541	0.9652	0.9657	0.9657	0.9656	0.9656	0.9653	0.9656	0.9657	0.9657	0.9577	0.9654	0.9656	0.9654	0.9604	0.9618	0.9657	0.9656	0.9655	0.9669	0.9583	0.9657	0.9655	0.9655	0.9625	0.9655	1.3404	0.953	0.9652
  \	0.9608	0.9611	0.9631	1.3528	0.9623	1.4756	0.9602	0.9607	0.944	0.9609	1.3779	1.5688	0.9607	0.9618	0.9607	0.9619	0.9607	4.4775	0.9609	0.9618	1.385	0.9826	0.9608	0.9609	0.9622	0.9605	0.9609	0	0.961	0.9613	0.9606	0.9606	0.9606	0.9616	0.9579	0.9558	3.8923	0.9614	0.9609	0.9606	0.9606	0.9606	0.9612	0.9607	1.0	0.9605	0.959	0.9609	0.9615	0.9612	0.962	1.415	0.9607	0.9611	1.1657	0.9643	0.9603	0.9606	0.9607	0.9608	1.7624	0.9609	1.0819	0.9508	1.0161
  ]	1.2225	0.9624	1.5594	0.9621	1.0606	0.9632	0.9625	1.193	1.4423	0.9622	0.9713	4.7335	0.9624	0.9623	0.9714	0.9632	0.9624	0.9591	0.9623	0.9634	2.0957	0.9624	0.9622	0.9634	0.9646	0.962	0.9623	0.961	0	0.9628	0.9621	1.4421	0.962	0.9638	0.9612	2.5393	2.3758	1.2784	0.9626	0.962	0.9622	0.9621	0.9627	0.9622	0.9621	0.9619	1.2395	0.9622	0.9632	0.9625	1.95	0.9606	0.9621	0.9626	0.964	1.5614	0.9613	0.962	0.9662	0.9621	1.4443	0.9625	6.6129	1.6005	0.9622
  ^	0.9656	0.9652	0.9637	0.9657	0.9662	0.9647	0.9956	0.9655	0.944	0.9654	0.9696	2.5697	0.9657	0.9648	0.9657	0.9656	0.9656	0.954	0.9655	0.9637	0.9596	0.9657	0.9657	0.9654	0.9678	0.9655	0.9655	0.9613	0.9628	0	0.9656	0.9657	0.9656	0.9654	0.9614	1.463	1.1144	0.9653	0.9657	0.9657	0.9656	0.9657	0.9653	0.9656	0.9658	0.9657	1.4416	0.9654	0.9657	0.9654	1.0351	0.9619	0.9657	0.9652	0.9656	0.9749	0.9586	0.9657	0.9656	0.9655	1.3466	0.9655	1.0603	0.9547	0.9652
  _	0.9657	0.9653	0.9655	0.9658	0.9661	0.9644	0.9619	0.9656	0.9384	0.9655	0.9689	0.9384	0.9657	0.9648	0.9658	0.9653	0.9657	0.9523	0.9656	0.9636	0.9579	0.9658	0.9658	0.9654	0.966	0.9656	0.9656	0.9606	0.9621	0.9656	0	0.9658	0.9658	0.9667	0.961	0.9575	1.3355	0.9653	0.9658	0.9658	0.9658	0.9658	0.9654	0.9657	0.9658	0.9658	0.9571	0.9655	0.9657	0.9655	0.9598	0.9616	0.9658	0.9652	0.9656	0.967	0.9577	0.9658	0.9656	0.9657	0.9624	0.9656	0.9369	1.0125	0.9653
  `	0.9658	0.9654	0.9631	0.9659	0.9663	0.9644	0.9619	0.9657	0.9383	0.9656	0.969	0.9379	0.9658	0.9649	0.9659	0.9654	0.9658	0.952	0.9657	0.9636	0.9578	0.9658	0.9659	0.9655	0.9662	0.9657	0.9657	0.9606	1.4421	0.9657	0.9658	0	0.9659	0.9655	0.9609	0.9573	0.9528	0.9654	0.9659	0.9659	0.9658	0.9659	0.9654	0.9658	0.9659	0.9659	0.9569	0.9655	0.9658	0.9656	0.9598	0.9616	0.9659	0.9653	0.9657	0.9672	0.9575	0.9659	0.9657	0.9657	0.9624	0.9657	0.8951	0.9517	0.9653
  a	0.9657	0.9653	0.963	0.9658	0.9662	0.9645	0.9619	0.9657	0.9385	0.9656	0.969	0.9381	0.9658	0.9649	0.9659	0.9654	0.9658	0.9521	0.9656	0.9636	0.9579	0.9658	0.9659	0.9654	0.9662	0.9657	0.9656	0.9606	0.962	0.9656	0.9658	0.9659	0	0.9655	0.9609	0.9574	0.9529	0.9654	0.9659	0.9659	0.9658	0.9659	0.9654	0.9657	0.9659	0.9659	1.4344	0.9655	0.9658	0.9655	0.9599	0.9616	0.9659	0.9653	0.9656	0.9672	0.9576	0.9659	0.9657	0.9657	0.9624	0.9657	0.8954	0.9517	0.9653
  b	0.9654	0.965	1.2186	0.9654	0.9665	0.9645	0.9623	0.9653	0.9421	0.9652	0.9692	0.943	0.9654	0.9653	0.9655	0.9834	0.9654	0.9543	0.9653	0.9636	3.273	0.9655	0.9655	0.9652	0.9659	0.9653	0.9653	0.9616	0.9638	0.9654	0.9667	0.9655	0.9655	0	0.9613	0.9586	3.3262	0.9921	0.9655	0.9655	0.9654	0.9655	0.9652	0.9654	0.9655	0.9655	0.9583	0.9652	0.9655	1.4008	0.9607	0.9618	1.1064	0.965	0.9653	0.9668	0.9585	0.9655	0.9654	0.9654	0.9632	0.9653	1.5117	1.0268	0.9651
  c	0.9612	0.9614	1.4009	0.961	0.9619	0.9606	0.972	0.961	2.8203	0.9612	0.969	0.9474	0.961	0.9608	0.961	0.9619	0.961	0.9554	0.9612	1.0448	0.9602	0.9611	0.961	0.9611	0.9625	0.9609	0.9612	0.9579	0.9612	0.9614	0.961	0.9609	0.9609	0.9613	0	0.957	1.0757	0.9611	0.9613	0.961	0.961	0.9609	1.1684	0.961	0.961	0.9609	0.9576	0.9612	1.0883	0.9614	1.4711	0.9584	0.961	0.9614	0.9615	0.9641	0.9564	0.961	0.961	0.9611	0.9607	0.9613	2.3522	0.9533	0.9607
  d	0.9578	0.9585	1.6889	0.9576	1.7518	1.9286	0.9589	0.9578	0.9867	0.958	0.967	6.9168	0.9582	0.9581	1.1903	0.9595	0.9582	0.9565	0.958	0.961	0.9618	0.9578	0.959	0.9974	0.9636	1.0481	0.958	0.9558	2.5393	1.463	0.9575	0.9573	0.9574	0.9586	0.957	0	3.5686	0.9584	0.958	0.9573	0.9575	1.4143	0.9587	0.9576	0.9575	0.9571	10.4577	0.958	0.9593	0.9585	2.4418	0.9554	0.9575	0.9586	0.9587	2.2974	1.899	0.9573	1.0052	0.9577	0.961	0.958	0.9784	1.8575	0.9575
  e	0.954	0.9575	4.3846	0.9535	1.1894	4.3713	1.1764	0.9538	1.3371	0.9541	1.1408	5.2519	2.2879	1.1339	1.1117	1.0172	2.3512	6.1681	0.9541	1.1866	8.9757	1.4351	1.2175	1.4089	1.0052	0.9529	0.9541	3.8923	2.3758	1.1144	1.3355	0.9528	0.9529	3.3262	1.0757	3.5686	0	2.0687	0.9637	0.9528	1.4267	0.9531	1.4787	1.3174	0.953	0.9524	8.8679	0.9542	1.1663	0.9895	1.4758	0.9571	1.2164	1.9066	0.9554	1.0868	1.6916	0.9528	1.8329	0.9534	2.5033	0.9541	16.7163	2.7845	1.9012
  f	0.9653	0.9654	0.964	0.9654	0.9662	0.9643	0.9621	0.9653	0.9774	0.9652	0.9693	1.3538	0.9654	0.9647	0.9654	0.9652	0.9654	0.954	0.9652	0.9636	1.3417	0.9654	0.9654	0.9651	0.9662	0.9653	0.9652	0.9614	1.2784	0.9653	0.9653	0.9654	0.9654	0.9921	0.9611	0.9584	2.0687	0	0.9654	0.9654	0.9654	0.9654	0.9651	0.9653	0.9654	0.9654	0.9591	0.9651	0.9654	0.9652	0.9609	0.9616	0.9777	0.9649	0.9652	0.9669	0.9582	0.9654	0.9653	0.9653	0.9628	0.9652	1.1895	1.163	0.965
  g	0.9657	0.9654	1.4153	0.9659	0.9666	0.9646	1.0666	0.9657	0.9421	0.9656	0.9695	1.0079	0.9658	0.9649	0.9659	0.9655	0.9658	0.953	0.9657	0.9907	0.9587	0.9674	0.9659	0.9655	0.9665	0.9657	0.9657	0.9609	0.9626	0.9657	0.9658	0.9659	0.9659	0.9655	0.9613	0.958	0.9637	0.9654	0	0.9659	0.9658	0.9659	0.9658	0.9658	0.9659	0.9659	0.9576	0.9656	1.1396	0.9656	0.9631	0.9619	0.9659	0.9653	0.9657	0.9674	0.9582	0.9659	0.9657	0.9658	0.9627	0.9657	1.166	0.9527	0.9654
  h	0.9658	0.9654	0.963	0.9659	0.9662	0.9645	0.9619	0.9657	0.9388	0.9656	1.4504	0.938	0.9658	0.9649	0.9659	0.9654	0.9658	0.952	0.9657	0.9636	0.9579	0.9659	0.9659	0.9655	0.9664	0.9658	0.9657	0.9606	0.962	0.9657	0.9658	0.9659	0.9659	0.9655	0.961	0.9573	0.9528	0.9654	0.9659	0	0.9659	0.9659	0.9655	0.9658	0.9659	0.9659	0.9569	0.9656	0.9658	0.9656	0.9601	0.9616	0.9659	0.9653	0.9657	0.9675	0.9576	0.966	0.9657	0.9658	0.9624	0.9657	0.8957	0.9517	0.9654
  i	0.9657	0.9653	0.9632	0.9658	0.9663	0.9644	0.962	0.9656	0.939	0.9656	0.9691	0.9384	0.9659	0.9649	0.9659	0.9654	0.9657	0.9523	0.9656	0.9636	0.9581	0.9658	0.9659	0.9654	0.9662	0.9657	0.9656	0.9606	0.9622	0.9656	0.9658	0.9658	0.9658	0.9654	0.961	0.9575	1.4267	0.9654	0.9658	0.9659	0	0.9658	0.9654	0.9657	0.9659	0.9659	0.9572	0.9655	0.9658	0.9655	0.96	0.9616	0.9659	0.9653	0.9656	0.9672	0.9577	0.9659	0.9658	0.9657	0.9624	0.9656	0.8964	0.9519	0.9653
  j	0.9657	0.9653	0.963	0.9658	0.9662	0.9929	0.9619	0.9657	0.9385	0.9656	0.969	0.9384	0.9658	0.9649	0.9659	0.9654	0.9658	0.9522	0.9656	0.9636	0.9579	0.9659	0.9659	0.9655	0.9662	0.9657	0.9656	0.9606	0.9621	0.9657	0.9658	0.9659	0.9659	0.9655	0.9609	1.4143	0.9531	0.9654	0.9659	0.9659	0.9658	0	0.9654	0.9658	0.9659	0.9659	0.9611	0.9655	0.9658	0.9655	0.9651	0.9616	0.9659	0.9653	0.9656	0.9672	0.9576	0.9659	0.9657	0.9657	0.9624	0.9657	0.8954	0.9518	0.9653
  k	0.9654	0.965	0.9789	0.9654	0.9662	0.9644	1.0235	0.9653	1.2015	0.9652	0.9693	0.9432	0.9654	0.9647	0.9655	0.9651	0.9654	0.9544	0.9653	1.1163	0.9592	0.9656	0.9655	0.9651	0.966	0.9653	0.9653	0.9612	0.9627	0.9653	0.9654	0.9654	0.9654	0.9652	1.1684	0.9587	1.4787	0.9651	0.9658	0.9655	0.9654	0.9654	0	0.9654	0.9654	0.9655	0.9584	0.9652	1.3134	0.9652	0.9613	0.962	0.9655	0.965	0.9653	0.9668	0.9588	0.9655	0.9653	0.9653	0.9627	0.9653	1.6946	0.954	0.9651
  l	0.9656	0.9653	0.9632	0.9657	0.9662	0.9644	0.962	0.9656	0.9392	0.9655	0.969	0.939	0.9657	0.9648	0.9658	0.9653	0.9657	0.9526	0.9656	0.9636	0.9582	0.9657	0.9658	0.9654	0.9661	0.9656	0.9656	0.9607	0.9622	0.9656	0.9657	0.9658	0.9657	0.9654	0.961	0.9576	1.3174	0.9653	0.9658	0.9658	0.9657	0.9658	0.9654	0	0.9658	0.9658	0.9573	0.9655	0.9657	0.9655	0.96	0.9617	0.9658	0.9652	0.9656	0.967	0.9578	0.9658	0.9656	0.9656	0.9625	0.9656	1.0036	0.9522	0.9653
  m	0.9658	0.9654	0.963	0.9938	0.9662	0.9645	0.9619	0.9657	0.9384	0.9656	0.969	0.9882	0.9658	0.9649	0.9659	0.9657	0.9658	0.9526	0.9657	0.9636	0.9581	0.9659	0.9659	0.9655	0.9662	0.9658	0.9657	1.0	0.9621	0.9658	0.9658	0.9659	0.9659	0.9655	0.961	0.9575	0.953	0.9654	0.9659	0.9659	0.9659	0.9659	0.9654	0.9658	0	0.9659	0.957	0.9656	0.9658	0.9656	0.9599	0.9617	0.9659	0.9653	1.1973	0.9672	0.9577	0.966	0.9657	0.9658	1.4467	0.9657	0.8959	0.9519	0.9654
  n	0.9658	0.9654	0.9629	0.9659	0.9662	0.9644	0.9618	0.9657	0.9375	0.9656	0.969	0.9372	0.9658	0.9649	0.9659	1.447	0.9658	0.9518	0.9657	0.9636	0.9577	0.9659	0.9659	0.9655	0.9662	0.9658	0.9657	0.9605	0.9619	0.9657	0.9658	0.9659	0.9659	0.9655	0.9609	0.9571	0.9524	0.9654	0.9659	0.9659	0.9659	0.9659	0.9655	0.9658	0.9659	0	0.9567	0.9656	0.9658	0.9656	0.9596	0.9615	0.9659	0.9653	0.9657	0.9672	0.9574	0.966	0.9657	0.9658	0.9624	0.9657	0.8932	0.9514	0.9654
  o	0.9576	0.9582	1.3406	0.9573	3.1206	1.9567	0.9595	0.9573	1.1157	0.9576	0.9679	8.0866	1.057	1.4305	1.5788	0.9594	0.9578	0.9733	0.9577	0.9612	1.4435	0.9574	1.2017	1.9239	0.9627	1.2738	0.9577	0.959	1.2395	1.4416	0.9571	0.9569	1.4344	0.9583	0.9576	10.4577	8.8679	0.9591	0.9576	0.9569	0.9572	0.9611	0.9584	0.9573	0.957	0.9567	0	0.9577	1.0824	0.9582	1.6667	0.9561	0.9571	0.9583	0.9583	2.0636	0.9565	0.9569	0.9627	0.9573	0.9617	0.9577	4.2612	1.0183	0.9572
  p	0.9655	0.9651	0.9632	0.9655	0.9659	0.9643	0.9621	0.9654	0.9411	0.9653	0.9688	0.9407	0.9655	0.9646	0.9655	0.9652	0.9655	0.9533	0.9654	0.9636	0.9585	0.9655	0.9656	0.9652	0.9659	0.9654	0.9654	0.9609	0.9622	0.9654	0.9655	0.9655	0.9655	0.9652	0.9612	0.958	0.9542	0.9651	0.9656	0.9656	0.9655	0.9655	0.9652	0.9655	0.9656	0.9656	0.9577	0	0.9655	0.9653	0.9604	0.9618	0.9656	1.4471	0.9654	0.9669	0.9582	0.9656	0.9654	0.9654	1.4438	0.9654	1.3405	0.953	0.9651
  q	0.9657	0.9653	2.1186	0.9658	0.967	0.9648	1.7316	0.9656	0.9465	0.9655	0.9714	1.4905	0.9658	0.9649	0.9658	0.9656	0.9657	0.9545	0.9656	1.0633	0.96	1.2262	0.9658	0.9655	0.9667	0.9656	0.9656	0.9615	0.9632	0.9657	0.9657	0.9658	0.9658	0.9655	1.0883	0.9593	1.1663	0.9654	1.1396	0.9658	0.9658	0.9658	1.3134	0.9657	0.9658	0.9658	1.0824	0.9655	0	0.9655	1.0226	0.9622	0.9658	0.9653	0.9656	0.9674	0.959	0.9658	0.9657	0.9657	0.9631	0.9657	1.6547	0.9541	0.9654
  r	0.9655	0.9651	1.0443	0.9655	0.9659	0.9644	0.9623	0.9654	0.9429	0.9653	0.9691	0.9423	0.9655	0.9647	0.9655	0.9691	0.9655	0.9541	0.9654	0.9636	1.0151	0.9656	0.9656	0.9652	0.9659	0.9654	0.9654	0.9612	0.9625	0.9654	0.9655	0.9656	0.9655	1.4008	0.9614	0.9585	0.9895	0.9652	0.9656	0.9656	0.9655	0.9655	0.9652	0.9655	0.9656	0.9656	0.9582	0.9653	0.9655	0	0.9609	0.962	0.9656	0.965	0.9654	0.9669	0.9587	0.9656	0.9654	0.9654	0.9626	0.9654	1.7918	0.9537	1.4555
  s	0.9606	0.961	1.3624	0.9604	1.206	0.9677	0.9641	0.9618	1.5533	0.9604	1.0861	8.6164	0.9603	0.9606	0.96	0.9623	0.9603	1.7962	0.9604	0.9645	0.9715	0.9635	0.96	0.9611	1.108	0.9599	0.9604	0.962	1.95	1.0351	0.9598	0.9598	0.9599	0.9607	1.4711	2.4418	1.4758	0.9609	0.9631	0.9601	0.96	0.9651	0.9613	0.96	0.9599	0.9596	1.6667	0.9604	1.0226	0.9609	0	0.9633	0.9599	0.9611	0.9611	3.1041	1.1231	0.9598	0.9602	0.96	0.9641	0.9604	10.6427	1.559	0.9605
  t	0.9617	0.9619	0.9616	0.962	0.9622	1.1233	0.96	0.9616	0.9416	0.9618	0.9668	0.9399	0.9616	0.9624	0.9616	0.9622	0.9616	7.641	0.9618	0.962	0.9586	0.9624	0.9616	0.9616	0.9623	0.9615	0.9618	1.415	0.9606	0.9619	0.9616	0.9616	0.9616	0.9618	0.9584	0.9554	0.9571	0.9616	0.9619	0.9616	0.9616	0.9616	0.962	0.9617	0.9617	0.9615	0.9561	0.9618	0.9622	0.962	0.9633	0	0.9616	0.9618	0.9622	0.9644	0.9563	0.9617	0.9615	0.9617	1.4401	0.9618	1.3427	0.9506	0.9613
  u	0.9657	0.9654	0.9631	0.9659	0.9662	0.9645	0.9619	0.9657	0.9386	0.9656	0.969	0.9386	0.9658	0.9649	0.9659	0.9654	0.9658	0.9522	0.9657	0.9636	1.0337	0.9659	0.9659	0.9655	0.9662	0.9657	0.9657	0.9607	0.9621	0.9657	0.9658	0.9659	0.9659	1.1064	0.961	0.9575	1.2164	0.9777	0.9659	0.9659	0.9659	0.9659	0.9655	0.9658	0.9659	0.9659	0.9571	0.9656	0.9658	0.9656	0.9599	0.9616	0	0.9653	0.9657	0.9672	0.9577	0.9659	0.9657	0.9658	0.9624	0.9657	0.896	0.9961	0.9654
  v	0.9652	0.9649	0.9638	0.9653	0.9659	0.9642	0.9622	0.9651	0.9439	0.9651	0.969	0.943	0.9652	0.9645	0.9653	0.965	0.9652	0.9543	0.9651	0.9636	0.959	0.9653	0.9653	0.965	0.9658	0.9652	0.9656	0.9611	0.9626	0.9652	0.9652	0.9653	0.9653	0.965	0.9614	0.9586	1.9066	0.9649	0.9653	0.9653	0.9653	0.9653	0.965	0.9652	0.9653	0.9653	0.9583	1.4471	0.9653	0.965	0.9611	0.9618	0.9653	0	0.9651	0.9667	0.9587	0.9653	0.9652	0.9652	0.9626	0.9652	1.7934	0.9539	0.9649
  w	0.966	0.9652	0.9635	1.1282	0.966	0.9645	0.9628	0.9655	0.9432	0.9654	0.9692	1.2329	0.9656	0.9648	0.9656	1.2697	0.9656	0.9564	0.9655	0.9637	0.9592	0.9656	0.9656	0.9653	0.9661	0.9655	0.9655	1.1657	0.964	0.9656	0.9656	0.9657	0.9656	0.9653	0.9615	0.9587	0.9554	0.9652	0.9657	0.9657	0.9656	0.9656	0.9653	0.9656	1.1973	0.9657	0.9583	0.9654	0.9656	0.9654	0.9611	0.9622	0.9657	0.9651	0	0.9671	0.9588	0.9658	0.9655	0.9655	1.5626	0.9665	1.6613	0.954	0.9652
  x	0.9672	0.9668	0.9672	0.9672	0.9686	0.9669	0.9652	0.9671	0.9591	0.9669	1.0279	4.5591	0.9672	0.9665	0.9673	0.9673	0.9672	0.959	0.9669	0.9659	1.4422	0.9673	0.9673	0.9671	0.9698	0.9671	0.9669	0.9643	1.5614	0.9749	0.967	0.9672	0.9672	0.9668	0.9641	2.2974	1.0868	0.9669	0.9674	0.9675	0.9672	0.9672	0.9668	0.967	0.9672	0.9672	2.0636	0.9669	0.9674	0.9669	3.1041	0.9644	0.9672	0.9667	0.9671	0	0.9623	0.9672	0.9672	0.967	0.9658	0.967	2.3137	0.9845	0.9671
  y	0.9579	0.9586	1.4083	0.958	0.9591	0.9583	0.9584	0.9579	0.9556	0.9582	0.9654	1.6859	0.9578	0.958	0.9577	0.9594	0.9578	1.0322	0.9583	0.9607	1.0435	0.958	0.9577	0.9581	0.959	0.9575	0.9583	0.9603	0.9613	0.9586	0.9577	0.9575	0.9576	0.9585	0.9564	1.899	1.6916	0.9582	0.9582	0.9576	0.9577	0.9576	0.9588	0.9578	0.9577	0.9574	0.9565	0.9582	0.959	0.9587	1.1231	0.9563	0.9577	0.9587	0.9588	0.9623	0	0.9576	0.9577	0.9579	1.4303	0.9582	1.589	0.9499	0.9574
  z	0.9658	0.9654	0.963	0.9659	0.9662	0.9645	0.9619	0.9657	0.9382	0.9657	0.9691	0.938	0.9658	0.9649	0.9659	1.2122	0.9658	0.9521	0.9657	0.9636	0.9579	0.9659	0.9659	0.9655	0.9662	0.9658	0.9657	0.9606	0.962	0.9657	0.9658	0.9659	0.9659	0.9655	0.961	0.9573	0.9528	0.9654	0.9659	0.966	0.9659	0.9659	0.9655	0.9658	0.966	0.966	0.9569	0.9656	0.9658	0.9656	0.9598	0.9617	0.9659	0.9653	0.9658	0.9672	0.9576	0	0.9658	0.9658	1.311	0.9657	0.895	0.9517	0.9654
  {	0.9656	0.9652	0.9635	0.9657	0.9664	0.9646	0.9619	0.9655	0.9403	0.9655	0.9691	0.9502	0.9658	0.9648	0.9658	0.9653	0.9657	0.9524	0.9655	0.9636	0.9585	0.9657	0.9658	0.9669	0.9662	0.9656	0.9655	0.9607	0.9662	0.9656	0.9656	0.9657	0.9657	0.9654	0.961	1.0052	1.8329	0.9653	0.9657	0.9657	0.9658	0.9657	0.9653	0.9656	0.9657	0.9657	0.9627	0.9654	0.9657	0.9654	0.9602	0.9615	0.9657	0.9652	0.9655	0.9672	0.9577	0.9658	0	0.9656	0.9625	0.9655	0.9012	0.9521	0.9652
  |	0.9656	0.9653	0.9631	0.9657	0.966	0.9644	1.245	0.9656	0.9395	0.9655	0.9689	0.9391	0.9657	0.9648	0.9657	0.9653	0.9656	0.9527	0.9655	0.9636	0.9581	0.9657	0.9657	0.9653	0.966	0.9656	0.9655	0.9608	0.9621	0.9655	0.9657	0.9657	0.9657	0.9654	0.9611	0.9577	0.9534	0.9653	0.9658	0.9658	0.9657	0.9657	0.9653	0.9656	0.9658	0.9658	0.9573	0.9654	0.9657	0.9654	0.96	0.9617	0.9658	0.9652	0.9655	0.967	0.9579	0.9658	0.9656	0	0.9624	0.9656	1.1286	0.9524	0.9652
  }	0.9626	0.9626	0.9651	0.9807	0.9637	0.9635	1.0185	0.9625	0.9546	0.9625	1.2489	1.7498	0.9626	0.9624	0.9624	2.8064	0.9626	1.729	0.9625	0.9629	1.1294	0.9626	0.9625	0.9626	0.9638	0.9623	0.9625	1.7624	1.4443	1.3466	0.9624	0.9624	0.9624	0.9632	0.9607	0.961	2.5033	0.9628	0.9627	0.9624	0.9624	0.9624	0.9627	0.9625	1.4467	0.9624	0.9617	1.4438	0.9631	0.9626	0.9641	1.4401	0.9624	0.9626	1.5626	0.9658	1.4303	1.311	0.9625	0.9624	0	0.9626	4.8429	0.9591	0.9624
  ~	0.9656	0.9652	0.9633	0.9657	0.966	0.9644	1.1365	0.9655	0.9409	0.9655	0.969	0.9404	0.9656	0.9648	0.9657	0.9653	0.9656	0.9533	0.9655	0.9637	0.9584	0.9657	0.9657	0.9653	0.966	0.9655	0.9655	0.9609	0.9625	0.9655	0.9656	0.9657	0.9657	0.9653	0.9613	0.958	0.9541	0.9652	0.9657	0.9657	0.9656	0.9657	0.9653	0.9656	0.9657	0.9657	0.9577	0.9654	0.9657	0.9654	0.9604	0.9618	0.9657	0.9652	0.9665	0.967	0.9582	0.9657	0.9655	0.9656	0.9626	0	1.2934	0.9529	0.9652
  	1.1143	1.7668	6.6951	0.8976	0.9352	1.3483	5.2405	0.8999	71.2123	1.3399	3.6093	17.722	0.8983	1.3464	0.8962	1.7289	0.8984	2.1456	1.3402	7.3473	5.585	0.9938	0.8968	1.2756	0.9531	0.8957	1.3404	1.0819	6.6129	1.0603	0.9369	0.8951	0.8954	1.5117	2.3522	0.9784	16.7163	1.1895	1.166	0.8957	0.8964	0.8954	1.6946	1.0036	0.8959	0.8932	4.2612	1.3405	1.6547	1.7918	10.6427	1.3427	0.896	1.7934	1.6613	2.3137	1.589	0.895	0.9012	1.1286	4.8429	1.2934	0	1.1776	0.956
  	0.9524	0.9538	1.0674	0.9522	1.1189	0.9532	0.956	1.9053	1.7139	0.9529	0.9634	12.9471	0.9521	0.9532	0.9519	0.9553	0.9521	0.9504	0.953	0.9586	2.2902	0.9521	0.9519	1.1884	0.9606	0.9518	0.953	0.9508	1.6005	0.9547	1.0125	0.9517	0.9517	1.0268	0.9533	1.8575	2.7845	1.163	0.9527	0.9517	0.9519	0.9518	0.954	0.9522	0.9519	0.9514	1.0183	0.953	0.9541	0.9537	1.559	0.9506	0.9961	0.9539	0.954	0.9845	0.9499	0.9517	0.9521	0.9524	0.9591	0.9529	1.1776	0	0.9518
  	0.9652	0.9649	0.9635	0.9653	0.9661	0.9641	0.962	0.9652	0.9399	0.9651	1.3787	0.9394	0.9653	0.9645	0.9654	0.965	0.9653	0.9524	0.9652	0.9635	0.9582	0.9653	0.9654	0.965	0.966	0.9652	0.9652	1.0161	0.9622	0.9652	0.9653	0.9653	0.9653	0.9651	0.9607	0.9575	1.9012	0.965	0.9654	0.9654	0.9653	0.9653	0.9651	0.9653	0.9654	0.9654	0.9572	0.9651	0.9654	1.4555	0.9605	0.9613	0.9654	0.9649	0.9652	0.9671	0.9574	0.9654	0.9652	0.9652	0.9624	0.9652	0.956	0.9518	0

Actual rates from j->i (Q_ij):
	A	B	C	D	E	F	G	H	I	J	K	L	M	N	O	P	Q	R	S	T	U	V	W	X	Y	Z	[	\	]	^	_	`	a	b	c	d	e	f	g	h	i	j	k	l	m	n	o	p	q	r	s	t	u	v	w	x	y	z	{	|	}	~			
  A	0	0.0176	0.0176	0.0177	0.0177	0.0176	0.0176	0.0177	0.0172	0.0177	0.0177	0.0172	0.0177	0.0176	0.0177	0.0176	0.0177	0.0174	0.0177	0.0176	0.0175	0.0177	0.0177	0.0176	0.0177	0.0177	0.0177	0.0176	0.0224	0.0177	0.0177	0.0177	0.0177	0.0176	0.0176	0.0175	0.0174	0.0176	0.0177	0.0177	0.0177	0.0177	0.0176	0.0177	0.0177	0.0177	0.0175	0.0177	0.0177	0.0177	0.0176	0.0176	0.0177	0.0176	0.0177	0.0177	0.0175	0.0177	0.0177	0.0177	0.0176	0.0177	0.0204	0.0174	0.0176
  B	0.0152	0	0.0152	0.0152	0.0152	0.0152	0.0152	0.0152	0.0152	0.0152	0.0153	0.0149	0.0152	0.0152	0.0152	0.0152	0.0152	0.015	0.0152	0.0152	0.0151	0.0152	0.0152	0.0152	0.0152	0.0152	0.0152	0.0151	0.0152	0.0152	0.0152	0.0152	0.0152	0.0152	0.0152	0.0151	0.0151	0.0152	0.0152	0.0152	0.0152	0.0152	0.0152	0.0152	0.0152	0.0152	0.0151	0.0152	0.0152	0.0152	0.0151	0.0152	0.0152	0.0152	0.0152	0.0152	0.0151	0.0152	0.0152	0.0152	0.0152	0.0152	0.0278	0.015	0.0152
  C	0.0079	0.0079	0	0.0079	0.0092	0.0079	0.0096	0.0079	0.0123	0.0079	0.0132	0.0183	0.0079	0.0079	0.0079	0.014	0.0079	0.0079	0.0079	0.0101	0.0179	0.0097	0.0079	0.0085	0.0079	0.0079	0.0079	0.0079	0.0128	0.0079	0.0079	0.0079	0.0079	0.01	0.0115	0.0138	0.0359	0.0079	0.0116	0.0079	0.0079	0.0079	0.008	0.0079	0.0079	0.0079	0.011	0.0079	0.0173	0.0085	0.0112	0.0079	0.0079	0.0079	0.0079	0.0079	0.0115	0.0079	0.0079	0.0079	0.0079	0.0079	0.0548	0.0087	0.0079
  D	0.0183	0.0183	0.0182	0	0.0183	0.0182	0.0182	0.0183	0.0178	0.0183	0.0183	0.0209	0.0183	0.0183	0.0183	0.0183	0.0183	0.0543	0.0183	0.0182	0.0181	0.0183	0.0183	0.0183	0.0183	0.0183	0.0183	0.0256	0.0182	0.0183	0.0183	0.0183	0.0183	0.0183	0.0182	0.0181	0.018	0.0183	0.0183	0.0183	0.0183	0.0183	0.0183	0.0183	0.0188	0.0183	0.0181	0.0183	0.0183	0.0183	0.0182	0.0182	0.0183	0.0183	0.0213	0.0183	0.0181	0.0183	0.0183	0.0183	0.0186	0.0183	0.017	0.018	0.0183
  E	0.0176	0.0176	0.0205	0.0176	0	0.0176	0.0175	0.0176	0.0173	0.0176	0.0177	0.0361	0.0176	0.0176	0.0176	0.0176	0.0176	0.0174	0.0176	0.0176	0.0175	0.0176	0.0176	0.0176	0.0176	0.0176	0.0176	0.0175	0.0193	0.0176	0.0176	0.0176	0.0176	0.0176	0.0175	0.0319	0.0217	0.0176	0.0176	0.0176	0.0176	0.0176	0.0176	0.0176	0.0176	0.0176	0.0568	0.0176	0.0176	0.0176	0.022	0.0175	0.0176	0.0176	0.0176	0.0176	0.0175	0.0176	0.0176	0.0176	0.0176	0.0176	0.017	0.0204	0.0176
  F	0.0164	0.0164	0.0164	0.0164	0.0164	0	0.0163	0.0164	0.016	0.0164	0.0164	0.016	0.0164	0.0167	0.0164	0.0244	0.0171	0.08	0.0164	0.0163	0.0168	0.0249	0.0164	0.0164	0.0164	0.0164	0.0164	0.025	0.0163	0.0164	0.0164	0.0164	0.0164	0.0164	0.0163	0.0327	0.0742	0.0164	0.0164	0.0164	0.0164	0.0168	0.0164	0.0164	0.0164	0.0164	0.0332	0.0164	0.0164	0.0164	0.0164	0.0191	0.0164	0.0164	0.0164	0.0164	0.0163	0.0164	0.0164	0.0164	0.0163	0.0164	0.0229	0.0162	0.0164
  G	0.0098	0.0098	0.0119	0.0098	0.0098	0.0098	0	0.0098	0.0097	0.0098	0.0147	0.01	0.0098	0.0098	0.0098	0.0098	0.0098	0.0097	0.0098	0.0126	0.0114	0.0104	0.0098	0.0098	0.0098	0.0098	0.0098	0.0097	0.0098	0.0101	0.0098	0.0098	0.0098	0.0098	0.0099	0.0097	0.0119	0.0098	0.0108	0.0098	0.0098	0.0098	0.0104	0.0098	0.0098	0.0098	0.0097	0.0098	0.0176	0.0098	0.0098	0.0097	0.0098	0.0098	0.0098	0.0098	0.0097	0.0098	0.0098	0.0126	0.0103	0.0115	0.0532	0.0097	0.0098
  H	0.0177	0.0177	0.0176	0.0177	0.0177	0.0177	0.0176	0	0.0172	0.0177	0.0177	0.0301	0.0177	0.0177	0.0177	0.0177	0.0177	0.0174	0.0177	0.0176	0.0176	0.0177	0.0177	0.0177	0.0177	0.0177	0.0177	0.0176	0.0219	0.0177	0.0177	0.0177	0.0177	0.0177	0.0176	0.0175	0.0175	0.0177	0.0177	0.0177	0.0177	0.0177	0.0177	0.0177	0.0177	0.0177	0.0175	0.0177	0.0177	0.0177	0.0176	0.0176	0.0177	0.0177	0.0177	0.0177	0.0175	0.0177	0.0177	0.0177	0.0176	0.0177	0.0165	0.0349	0.0177
  I	0.0017	0.0017	0.0027	0.0017	0.0017	0.0017	0.0017	0.0017	0	0.0017	0.0024	0.0048	0.0017	0.0017	0.0017	0.0025	0.0017	0.0017	0.0017	0.0026	0.0017	0.0017	0.0017	0.0017	0.0017	0.0017	0.0017	0.0017	0.0026	0.0017	0.0017	0.0017	0.0017	0.0017	0.005	0.0018	0.0024	0.0017	0.0017	0.0017	0.0017	0.0017	0.0021	0.0017	0.0017	0.0017	0.002	0.0017	0.0017	0.0017	0.0028	0.0017	0.0017	0.0017	0.0017	0.0017	0.0017	0.0017	0.0017	0.0017	0.0017	0.0017	0.1268	0.0031	0.0017
  J	0.0167	0.0167	0.0166	0.0167	0.0167	0.0167	0.0166	0.0167	0.0162	0	0.0167	0.0162	0.0167	0.0167	0.0167	0.0167	0.0167	0.0165	0.0167	0.0166	0.0165	0.0167	0.0167	0.0167	0.0167	0.0167	0.0167	0.0166	0.0166	0.0167	0.0167	0.0167	0.0167	0.0167	0.0166	0.0165	0.0165	0.0167	0.0167	0.0167	0.0167	0.0167	0.0167	0.0167	0.0167	0.0167	0.0165	0.0167	0.0167	0.0167	0.0166	0.0166	0.0167	0.0167	0.0167	0.0167	0.0165	0.0167	0.0167	0.0167	0.0166	0.0167	0.0231	0.0165	0.0167
  K	0.0117	0.0117	0.0194	0.0117	0.0117	0.0117	0.0174	0.0117	0.0164	0.0117	0	0.0119	0.0117	0.0117	0.0117	0.0117	0.0117	0.0116	0.0117	0.0117	0.0117	0.0117	0.0117	0.0117	0.012	0.0117	0.0117	0.0166	0.0117	0.0117	0.0117	0.0117	0.0117	0.0117	0.0117	0.0116	0.0137	0.0117	0.0117	0.0174	0.0117	0.0117	0.0117	0.0117	0.0117	0.0117	0.0116	0.0117	0.0117	0.0117	0.0131	0.0116	0.0117	0.0117	0.0117	0.0124	0.0116	0.0117	0.0117	0.0117	0.015	0.0117	0.0434	0.0116	0.0166
  L	0.0055	0.0055	0.0131	0.0065	0.0116	0.0055	0.0058	0.0097	0.0158	0.0055	0.0058	0	0.0055	0.0055	0.0055	0.0104	0.0055	0.0082	0.0055	0.0075	0.0796	0.0055	0.0055	0.0068	0.0095	0.0059	0.0055	0.0092	0.0278	0.0151	0.0055	0.0055	0.0055	0.0055	0.0056	0.0406	0.0308	0.008	0.0059	0.0055	0.0055	0.0055	0.0055	0.0055	0.0058	0.0055	0.0475	0.0055	0.0088	0.0055	0.0506	0.0055	0.0055	0.0055	0.0072	0.0268	0.0099	0.0055	0.0056	0.0055	0.0103	0.0055	0.1041	0.076	0.0055
  M	0.0182	0.0182	0.0182	0.0182	0.0182	0.0182	0.0181	0.0182	0.0177	0.0182	0.0183	0.0177	0	0.0182	0.0182	0.0182	0.0182	0.018	0.0182	0.0182	0.0181	0.0182	0.0182	0.0182	0.0182	0.0182	0.0182	0.0181	0.0181	0.0182	0.0182	0.0182	0.0182	0.0182	0.0181	0.0181	0.0431	0.0182	0.0182	0.0182	0.0182	0.0182	0.0182	0.0182	0.0182	0.0182	0.0199	0.0182	0.0182	0.0182	0.0181	0.0181	0.0182	0.0182	0.0182	0.0182	0.0181	0.0182	0.0182	0.0182	0.0181	0.0182	0.0169	0.0179	0.0182
  N	0.0163	0.0163	0.0162	0.0163	0.0163	0.0166	0.0162	0.0163	0.0159	0.0163	0.0163	0.0159	0.0163	0	0.0163	0.0163	0.0163	0.0258	0.0163	0.0162	0.0196	0.0163	0.0163	0.0163	0.0163	0.0163	0.0163	0.0162	0.0162	0.0163	0.0163	0.0163	0.0163	0.0163	0.0162	0.0161	0.0191	0.0163	0.0163	0.0163	0.0163	0.0163	0.0163	0.0163	0.0163	0.0163	0.0241	0.0163	0.0163	0.0163	0.0162	0.0162	0.0163	0.0163	0.0163	0.0163	0.0161	0.0163	0.0163	0.0163	0.0162	0.0163	0.0227	0.0161	0.0163
  O	0.0186	0.0186	0.0186	0.0186	0.0186	0.0186	0.0185	0.0186	0.0181	0.0186	0.0187	0.0181	0.0186	0.0186	0	0.0186	0.0186	0.0183	0.0186	0.0186	0.0185	0.0186	0.0186	0.0186	0.0186	0.0186	0.0186	0.0185	0.0187	0.0186	0.0186	0.0186	0.0186	0.0186	0.0185	0.0229	0.0214	0.0186	0.0186	0.0186	0.0186	0.0186	0.0186	0.0186	0.0186	0.0186	0.0304	0.0186	0.0186	0.0186	0.0185	0.0185	0.0186	0.0186	0.0186	0.0186	0.0184	0.0186	0.0186	0.0186	0.0185	0.0186	0.0173	0.0183	0.0186
  P	0.0153	0.0153	0.0271	0.0153	0.0153	0.0228	0.0153	0.0153	0.0224	0.0153	0.0154	0.0281	0.0153	0.0153	0.0153	0	0.0153	0.0381	0.0153	0.0153	0.0162	0.0153	0.0153	0.0153	0.0153	0.0153	0.0153	0.0153	0.0153	0.0153	0.0153	0.0153	0.0153	0.0156	0.0153	0.0152	0.0161	0.0153	0.0153	0.0153	0.0153	0.0153	0.0153	0.0153	0.0153	0.0229	0.0152	0.0153	0.0153	0.0154	0.0153	0.0153	0.0153	0.0153	0.0201	0.0153	0.0152	0.0192	0.0153	0.0153	0.0445	0.0153	0.0274	0.0152	0.0153
  Q	0.0182	0.0182	0.0182	0.0182	0.0182	0.019	0.0181	0.0182	0.0177	0.0182	0.0183	0.0177	0.0182	0.0182	0.0182	0.0182	0	0.0179	0.0182	0.0181	0.0181	0.0182	0.0182	0.0182	0.0182	0.0182	0.0182	0.0181	0.0181	0.0182	0.0182	0.0182	0.0182	0.0182	0.0181	0.018	0.0443	0.0182	0.0182	0.0182	0.0182	0.0182	0.0182	0.0182	0.0182	0.0182	0.018	0.0182	0.0182	0.0182	0.0181	0.0181	0.0182	0.0182	0.0182	0.0182	0.018	0.0182	0.0182	0.0182	0.0181	0.0182	0.0169	0.0179	0.0182
  R	0.0117	0.0117	0.0118	0.0351	0.0117	0.0577	0.0117	0.0117	0.0119	0.0117	0.0118	0.017	0.0117	0.0187	0.0117	0.0294	0.0117	0	0.0117	0.0117	0.0132	0.0242	0.0117	0.0117	0.0117	0.0116	0.0117	0.0548	0.0117	0.0117	0.0117	0.0116	0.0116	0.0117	0.0117	0.0117	0.0755	0.0117	0.0117	0.0116	0.0117	0.0116	0.0117	0.0117	0.0117	0.0116	0.0119	0.0117	0.0117	0.0117	0.022	0.0935	0.0116	0.0117	0.0117	0.0117	0.0126	0.0116	0.0117	0.0117	0.0212	0.0117	0.0263	0.0116	0.0117
  S	0.0167	0.0167	0.0166	0.0167	0.0167	0.0166	0.0166	0.0167	0.0162	0.0167	0.0167	0.0162	0.0167	0.0167	0.0167	0.0167	0.0167	0.0165	0	0.0166	0.0165	0.0167	0.0167	0.0167	0.0167	0.0167	0.0167	0.0166	0.0166	0.0167	0.0167	0.0167	0.0167	0.0167	0.0166	0.0165	0.0165	0.0167	0.0167	0.0167	0.0167	0.0167	0.0167	0.0167	0.0167	0.0167	0.0165	0.0167	0.0167	0.0167	0.0166	0.0166	0.0167	0.0167	0.0167	0.0167	0.0165	0.0167	0.0167	0.0167	0.0166	0.0167	0.0231	0.0165	0.0167
