Map from character to field name
A:	Algeria
B:	Argentina
C:	Australia
D:	Austria
E:	Bangladesh
F:	Belgium
G:	Brazil
H:	Cambodia
I:	Canada
J:	Chad
K:	Chile
L:	China
M:	Czech Republic
N:	Denmark
O:	Egypt
P:	France
Q:	Georgia
R:	Germany
S:	Guam
T:	Guatemala
U:	Hong Kong
V:	Hungary
W:	Iceland
X:	India
Y:	Indonesia
Z:	Iran
[:	Ireland
\:	Italy
]:	Japan
^:	Kazakhstan
_:	Kuwait
`:	Laos
a:	Luxembourg
b:	Malaysia
c:	Mexico
d:	Mongolia
e:	Netherlands
f:	New Zealand
g:	Nicaragua
h:	Nigeria
i:	Norway
j:	Pakistan
k:	Peru
l:	Philippines
m:	Poland
n:	Romania
o:	Russia
p:	Saudi Arabia
q:	Singapore
r:	South Africa
s:	South Korea
t:	Spain
u:	Sri Lanka
v:	Sweden
w:	Switzerland
x:	Taiwan
y:	Thailand
z:	Turkey
{:	Ukraine
|:	United Arab Emirates
}:	United Kingdom
~:	Uruguay
:	Usa
:	Vietnam
:	Zambia
:	?


Substitution rate (mu): 16.741

Equilibrium frequencies (pi_i):
  A: 0.0183
  B: 0.0157
  C: 0.0087
  D: 0.0183
  E: 0.0203
  F: 0.0178
  G: 0.0071
  H: 0.0181
  I: 0.002
  J: 0.0192
  K: 0.0115
  L: 0.0055
  M: 0.019
  N: 0.017
  O: 0.0194
  P: 0.0137
  Q: 0.0193
  R: 0.0123
  S: 0.0171
  T: 0.0071
  U: 0.0067
  V: 0.0193
  W: 0.0185
  X: 0.0189
  Y: 0.0187
  Z: 0.0193
  [: 0.0195
  \: 0.0184
  ]: 0.0074
  ^: 0.0161
  _: 0.0191
  `: 0.0193
  a: 0.0193
  b: 0.0143
  c: 0.0112
  d: 0.0114
  e: 0.0049
  f: 0.0169
  g: 0.0188
  h: 0.0194
  i: 0.0194
  j: 0.0173
  k: 0.0172
  l: 0.0191
  m: 0.0193
  n: 0.0195
  o: 0.0108
  p: 0.016
  q: 0.0156
  r: 0.0144
  s: 0.0074
  t: 0.019
  u: 0.0191
  v: 0.0135
  w: 0.0177
  x: 0.0141
  y: 0.017
  z: 0.0194
  {: 0.0175
  |: 0.0173
  }: 0.01
  ~: 0.0176
  : 0.0052
  : 0.0127
  : 0.0192

Symmetrized rates from j->i (W_ij):
	A	B	C	D	E	F	G	H	I	J	K	L	M	N	O	P	Q	R	S	T	U	V	W	X	Y	Z	[	\	]	^	_	`	a	b	c	d	e	f	g	h	i	j	k	l	m	n	o	p	q	r	s	t	u	v	w	x	y	z	{	|	}	~			
  A	0	0.9685	0.9655	0.9686	0.9678	0.9672	0.966	0.9684	0.9352	0.9687	0.9689	0.9416	0.9687	0.9685	0.9686	0.9681	0.9686	0.9585	0.9687	0.968	0.9614	0.9684	0.9687	0.9685	0.9657	0.9685	0.9686	0.9636	1.251	0.9686	0.9686	0.9687	0.9686	0.9686	0.9641	0.9632	0.958	0.9689	0.9687	0.9686	0.9687	0.9686	0.9685	0.9686	0.9685	0.9686	0.9642	0.9687	0.9687	0.9688	0.9611	0.9648	0.9686	0.9687	0.969	0.9683	0.961	0.9686	0.9688	0.9687	0.9661	0.9688	1.0907	0.9588	0.9682
  B	0.9685	0	0.9653	0.9683	0.9675	0.967	0.9658	0.9681	0.9386	0.9683	1.1026	0.9432	0.9683	0.9682	0.9682	0.9677	0.9683	0.9596	0.9683	0.9676	0.9612	0.9681	0.9683	0.9681	0.9658	0.9681	0.9682	0.964	0.9648	0.9682	0.9682	0.9682	0.9682	0.9682	0.9644	0.9635	0.9587	0.9685	0.9683	0.9682	0.9683	0.9682	0.9681	0.9682	0.9681	0.9683	0.9635	0.9683	0.9683	0.9683	0.961	0.965	0.9683	0.9683	0.9683	0.9672	0.9618	0.9682	0.9684	0.9683	0.9659	0.9683	1.772	0.9596	0.9679
  C	0.9655	0.9653	0	0.9649	0.964	0.9649	2.015	0.9649	0.9536	1.0242	1.1248	1.6615	0.9647	0.9658	0.9645	1.1197	0.9647	0.9623	0.965	0.9694	1.8148	1.442	0.9652	1.131	0.9635	0.9644	0.9644	1.1477	1.7453	0.9659	0.9646	0.9645	0.9645	0.9668	0.9726	0.9659	3.3147	1.1191	1.2501	0.9645	0.9646	0.9649	1.3626	0.9645	0.9645	0.9645	1.2702	0.9653	1.6772	0.9661	1.6909	0.9627	0.9954	0.9659	0.9649	1.0023	1.0619	0.9645	0.9652	0.965	0.9663	0.9652	6.0489	1.2224	1.1276
  D	0.9686	0.9683	0.9649	0	0.9676	0.9673	0.9653	0.9683	0.9335	0.9686	0.9685	1.2398	0.9686	0.9689	0.9685	0.9679	0.9685	3.3944	0.9685	0.9675	0.9608	0.9685	0.9685	0.9684	0.9657	0.9684	0.9685	1.2934	0.9642	0.9685	0.9685	0.9685	0.9685	0.9684	0.9638	0.963	0.9575	0.9689	0.9686	0.9685	0.9686	0.9684	0.9683	0.9685	0.9685	0.9685	0.9628	0.9685	0.9685	0.9685	0.9599	0.9648	0.9685	0.9684	0.9688	0.9672	0.9609	0.9685	0.9686	0.9685	1.0824	0.9685	0.9354	0.9586	0.9682
  E	0.9678	0.9675	0.964	0.9676	0	0.9662	0.9645	0.9675	0.9295	0.9677	0.9677	0.9363	0.9677	0.9675	1.2703	0.967	0.9677	0.9566	0.9677	0.967	0.9588	0.9674	0.9676	0.9676	0.9644	0.9675	0.9676	0.962	0.9697	0.9816	0.9676	0.9675	0.9676	0.9677	0.9627	3.8553	0.9612	0.968	0.9676	0.9676	0.9677	0.9676	0.9675	0.9676	0.9674	0.9676	3.526	0.9677	0.9677	0.9678	0.9584	0.9634	0.9676	0.9677	0.9677	0.9667	0.9596	0.9676	0.9677	0.9677	0.9646	0.9677	0.8858	0.9682	0.9671
  F	0.9672	0.967	0.9649	0.9673	0.9662	0	0.9649	0.9668	0.9344	0.9671	1.1281	0.9413	0.9696	1.0127	0.967	1.4474	1.4507	3.7608	0.9671	0.967	1.0335	1.4808	0.9674	1.0037	0.9642	0.9668	0.9669	1.4447	0.9641	0.9671	0.9671	0.9669	0.9669	0.9677	0.9631	0.9622	3.9798	0.9675	0.967	0.9669	0.9673	0.967	0.9669	0.967	0.9668	0.9669	2.6276	0.9672	0.9674	0.9677	0.9596	0.973	0.967	0.9674	0.9671	0.9665	0.9957	0.9669	0.9672	0.9671	0.9651	0.9671	1.1845	0.9583	0.9671
  G	0.966	0.9658	2.015	0.9653	0.9645	0.9649	0	0.9652	0.9564	0.9677	1.0855	1.2629	0.9651	0.9655	0.965	0.9662	0.965	0.9625	0.9655	1.355	0.9887	0.965	0.9654	0.9651	0.9641	0.965	0.965	0.9716	0.967	1.0219	0.9651	0.965	0.965	0.9692	0.965	0.9645	0.9644	0.9661	1.1666	0.9651	0.9651	0.9654	0.9655	0.9651	0.965	0.965	0.9649	0.9657	1.3978	0.9661	0.9773	0.9636	0.9651	0.9663	0.9658	0.9661	0.9634	0.965	0.9659	0.9994	1.0837	1.2413	9.1045	0.9625	0.9721
  H	0.9684	0.9681	0.9649	0.9683	0.9675	0.9668	0.9652	0	0.9338	0.9684	0.9682	1.7457	0.9683	0.9683	0.9683	0.9676	0.9683	0.9583	0.9683	0.9674	0.9601	0.9681	0.9683	0.9682	0.9655	0.9682	0.9683	0.9633	0.9749	0.9682	0.9683	0.9682	0.9683	0.9682	0.9637	1.0134	0.9579	0.9688	0.9683	0.9683	0.9684	0.9682	0.9681	0.9683	0.9682	0.9683	1.0236	0.9683	0.9683	0.9684	0.9598	0.9645	0.9683	0.9682	0.9683	0.9772	0.9607	0.9683	0.9683	0.9683	0.9653	0.9683	0.8981	2.3983	0.9679
  I	0.9352	0.9386	0.9536	0.9335	0.9295	0.9344	0.9564	0.9338	0	0.9317	0.9978	1.9005	0.932	0.9358	0.9312	0.9912	0.9315	0.9442	0.9356	0.9556	0.956	0.9315	0.9336	0.9323	0.9323	0.9315	0.9312	0.9331	1.4415	0.9379	0.9318	0.9314	0.9315	0.9422	3.9658	0.9458	0.9621	0.9362	0.9324	0.9314	0.9313	0.9353	1.0641	0.9319	0.9314	0.9312	0.9486	0.9377	0.9385	0.9417	1.8219	0.9316	0.9319	0.9428	0.9346	0.9418	0.9363	0.9314	0.9367	0.9353	0.9511	0.9353	58.0733	1.4009	0.9318
  J	0.9687	0.9683	1.0242	0.9686	0.9677	0.9671	0.9677	0.9684	0.9317	0	1.0275	0.9376	0.9686	0.9684	0.9686	0.9678	0.9686	0.9579	0.9686	0.9675	0.9597	0.9684	0.9686	0.9685	0.9656	0.9684	0.9686	1.3447	0.9639	0.9684	0.9686	0.9685	0.9686	0.9685	0.9636	0.9626	0.9569	0.9689	0.9686	0.9686	0.9687	0.9685	0.9684	0.9686	0.9685	0.9686	0.9625	0.9685	0.9686	0.9686	0.9593	0.9646	0.9686	0.9684	0.9686	0.9672	0.9606	0.9686	0.9686	0.9686	0.9654	0.9686	0.9035	0.9578	1.0218
  K	0.9689	1.1026	1.1248	0.9685	0.9677	1.1281	1.0855	0.9682	0.9978	1.0275	0	0.959	0.9684	0.9688	0.9682	0.9697	0.9683	0.9635	0.9688	0.9721	0.9863	0.9682	0.9686	0.9683	0.9665	0.9682	0.9682	1.4125	0.97	0.9689	0.9683	0.9682	0.9682	0.9724	0.9677	0.9654	1.1988	0.9692	0.9684	1.4518	0.9683	0.9687	0.9688	0.9682	0.9682	0.9682	0.9674	0.9691	0.9694	0.9697	0.9716	0.9659	0.9682	0.9699	0.969	0.9691	1.2834	0.9682	0.9691	0.9688	1.4537	0.9689	3.8197	0.9626	1.26
  L	0.9416	0.9432	1.6615	1.2398	0.9363	0.9413	1.2629	1.7457	1.9005	0.9376	0.959	0	0.9379	0.9452	0.9372	0.9472	0.9374	0.9471	0.9408	0.9909	11.191	0.9376	0.9392	1.3258	1.4038	0.9374	0.9371	1.1079	4.9996	2.3596	0.9377	0.9373	0.9374	0.9466	0.9504	8.8855	1.0278	1.2439	1.2304	0.9372	0.9373	0.9413	0.941	0.9377	0.9373	0.9371	4.4221	0.9426	1.8834	0.9452	8.2219	0.9367	0.9379	0.9471	0.9401	3.9678	1.4106	0.9373	0.9415	0.9406	1.4778	0.9405	16.4347	8.1875	0.9376
  M	0.9687	0.9683	0.9647	0.9686	0.9677	0.9696	0.9651	0.9683	0.932	0.9686	0.9684	0.9379	0	0.9686	0.9686	0.9678	1.2645	0.9629	0.9686	0.9675	0.9601	0.9684	0.9687	0.9684	0.9656	0.9684	0.9686	0.9636	0.964	0.9684	0.9686	0.9685	0.9685	0.9685	0.9636	0.9627	2.2313	0.9688	0.9686	0.9686	1.1411	0.9685	0.9684	0.9686	0.9684	0.9686	0.9864	0.9685	0.9686	0.9687	0.9594	0.9646	0.9686	0.9685	0.9686	0.9672	0.9607	0.9686	0.9687	0.9686	0.9654	0.9686	0.8911	0.9581	0.9684
  N	0.9685	0.9682	0.9658	0.9689	0.9675	1.0127	0.9655	0.9683	0.9358	0.9684	0.9688	0.9452	0.9686	0	0.9684	0.9681	0.9686	1.5035	0.9684	0.9675	1.1346	0.9687	0.9685	0.9683	0.9657	0.9682	0.9684	0.9658	0.9651	0.9683	0.9684	0.9683	0.9683	0.9693	0.9641	0.9632	1.2398	0.9689	0.9684	0.9683	0.9685	0.9683	0.9682	0.9684	0.9682	0.9684	0.9653	0.9683	0.9685	0.9685	0.9604	0.9662	0.9684	0.9684	0.9684	0.9674	0.9615	0.9684	0.9685	0.9684	0.966	0.9684	1.3473	1.1129	0.9681
  O	0.9686	0.9682	0.9645	0.9685	1.2703	0.967	0.965	0.9683	0.9312	0.9686	0.9682	0.9372	0.9686	0.9684	0	0.9677	0.9686	0.9576	0.9685	0.9674	0.9595	0.9683	0.9685	0.9684	0.9654	0.9684	0.9685	0.9631	0.9639	0.9684	0.9685	0.9685	0.9685	0.9684	0.9635	0.976	0.9618	0.9688	0.9685	0.9685	0.9686	0.9684	0.9683	0.9685	0.9684	0.9685	1.724	0.9684	0.9685	0.9685	0.9591	0.9645	0.9685	0.9684	0.9685	0.9672	0.9604	0.9685	0.9685	0.9685	0.9652	0.9685	0.8891	0.9577	0.9681
  P	0.9681	0.9677	1.1197	0.9679	0.967	1.4474	0.9662	0.9676	0.9912	0.9678	0.9697	0.9472	0.9678	0.9681	0.9677	0	0.9678	2.4062	0.9678	0.9676	0.9628	0.9677	0.9679	0.9677	0.9656	0.9676	0.9677	0.9642	0.9664	0.9679	0.9677	0.9677	0.9677	0.9686	0.9647	0.9638	0.9987	0.9683	0.9678	0.9677	0.9678	0.9677	0.9677	0.9677	0.9676	1.2409	0.9641	0.9679	0.9679	0.968	0.963	0.9649	0.9677	0.968	1.397	0.9671	0.9626	0.9679	0.9684	0.9678	3.0832	0.9679	2.8995	0.9604	0.9675
  Q	0.9686	0.9683	0.9647	0.9685	0.9677	1.4507	0.965	0.9683	0.9315	0.9686	0.9683	0.9374	1.2645	0.9686	0.9686	0.9678	0	0.9617	0.9685	0.9674	0.96	0.9684	0.9686	0.9684	0.9655	0.9684	0.9685	0.9636	0.964	0.9684	0.9686	0.9685	0.9685	0.9685	0.9635	0.9627	1.3891	0.9688	0.9686	0.9685	1.2979	0.9684	0.9683	0.9686	0.9684	0.9685	1.7834	0.9685	0.9686	0.9686	0.9592	0.9645	0.9685	0.9684	0.9685	0.9673	0.9606	0.9685	0.9686	0.9685	0.9653	0.9685	0.8902	0.9579	0.9682
  R	0.9585	0.9596	0.9623	3.3944	0.9566	3.7608	0.9625	0.9583	0.9442	0.9579	0.9635	0.9471	0.9629	1.5035	0.9576	2.4062	0.9617	0	0.9589	0.9639	1.0546	2.0185	0.9588	0.9579	0.9561	0.9576	0.9576	3.36	0.962	0.9595	0.9579	0.9576	0.9577	0.9609	0.9591	0.9584	6.2119	0.9593	0.958	0.9576	0.9596	0.9604	0.9587	0.9578	0.9576	0.9576	0.987	0.9595	0.9598	0.9608	0.9588	6.5552	0.9579	0.9679	0.9588	0.96	0.9545	0.9576	0.959	0.9588	1.4423	0.9587	2.2685	1.0304	0.9582
  S	0.9687	0.9683	0.965	0.9685	0.9677	0.9671	0.9655	0.9683	0.9356	0.9686	0.9688	0.9408	0.9686	0.9684	0.9685	0.9678	0.9685	0.9589	0	0.9676	0.9605	0.9683	0.9686	0.9684	0.9658	0.9684	0.9685	0.9638	0.9644	0.9684	0.9685	0.9685	0.9685	0.9684	0.9641	0.9632	0.9577	0.9687	0.9685	0.9685	0.9686	0.9684	0.9683	0.9685	0.9684	0.9685	0.9632	0.9685	0.9685	0.9685	0.9602	0.9649	0.9685	0.9684	0.9685	0.9673	0.9614	0.9685	0.9686	0.9685	0.9657	0.9685	1.3459	0.9589	0.9681
  T	0.968	0.9676	0.9694	0.9675	0.967	0.967	1.355	0.9674	0.9556	0.9675	0.9721	0.9909	0.9675	0.9675	0.9674	0.9676	0.9674	0.9639	0.9676	0	0.965	0.9674	0.9677	0.9674	0.9664	0.9674	0.9674	0.9656	0.967	0.9676	0.9674	0.9674	0.9674	0.9677	0.9703	0.9657	0.9642	0.9677	0.9696	0.9674	0.9674	0.9675	1.3686	0.9674	0.9674	0.9674	0.9659	0.9676	1.2083	0.9677	0.965	0.966	0.9674	0.9678	0.9675	0.9674	0.965	0.9674	0.9679	0.9675	0.9673	0.9678	7.6	0.9638	0.9673
  U	0.9614	0.9612	1.8148	0.9608	0.9588	1.0335	0.9887	0.9601	0.956	0.9597	0.9863	11.191	0.9601	1.1346	0.9595	0.9628	0.96	1.0546	0.9605	0.965	0	0.9599	0.9609	0.9601	0.9592	0.9595	0.9594	1.4396	3.3733	0.9611	0.96	0.9595	0.9595	2.6839	0.9619	0.9614	6.2356	1.4143	0.9599	0.9595	0.9597	0.9605	0.9605	0.9597	0.9595	0.9595	1.0404	0.9611	0.9616	0.9623	1.0044	0.9593	1.0242	0.9624	0.9603	1.3319	0.9606	0.9595	0.961	0.9605	1.4456	0.9604	6.4352	2.2357	0.96
  V	0.9684	0.9681	1.442	0.9685	0.9674	1.4808	0.965	0.9681	0.9315	0.9684	0.9682	0.9376	0.9684	0.9687	0.9683	0.9677	0.9684	2.0185	0.9683	0.9674	0.9599	0	0.9684	0.9682	0.9653	0.9682	0.9683	0.9633	0.9638	0.9682	0.9683	0.9683	0.9683	0.9682	0.9634	0.9624	1.4251	0.9688	0.9695	0.9683	0.9684	0.9682	0.9704	0.9683	0.9682	0.9683	0.974	0.9683	0.9684	0.9684	0.9616	0.9647	0.9683	0.9683	0.9683	0.967	0.9603	0.9683	0.9684	0.9683	0.9652	0.9683	0.8925	0.9577	0.968
  W	0.9687	0.9683	0.9652	0.9685	0.9676	0.9674	0.9654	0.9683	0.9336	0.9686	0.9686	0.9392	0.9687	0.9685	0.9685	0.9679	0.9686	0.9588	0.9686	0.9677	0.9609	0.9684	0	0.9684	0.9656	0.9684	0.9685	0.9637	0.9651	0.9685	0.9686	0.9685	0.9685	0.9686	0.9638	0.9628	1.3277	0.9688	0.9686	0.9685	0.9686	0.9685	0.9684	0.9685	0.9684	0.9685	0.9637	0.9685	0.9686	0.9686	0.9598	0.9647	0.9685	0.9686	0.9686	0.9673	0.9609	0.9685	0.9687	0.9686	0.9659	0.9686	1.0063	0.9583	0.9682
  X	0.9685	0.9681	1.131	0.9684	0.9676	1.0037	0.9651	0.9682	0.9323	0.9685	0.9683	1.3258	0.9684	0.9683	0.9684	0.9677	0.9684	0.9579	0.9684	0.9674	0.9601	0.9682	0.9684	0	0.9655	0.9683	0.9684	0.9632	0.9642	0.9683	0.9684	0.9683	0.9684	0.9683	0.9635	1.9263	0.9567	0.969	0.9684	0.9684	0.9684	0.9683	0.9682	0.9683	0.9682	0.9684	1.852	0.9683	0.9684	0.9684	0.9596	0.9644	0.9684	0.9683	0.9684	0.9672	0.9605	0.9684	0.9684	0.9684	0.9652	0.9684	0.936	0.9585	0.968
  Y	0.9657	0.9658	0.9635	0.9657	0.9644	0.9642	0.9641	0.9655	0.9323	0.9656	0.9665	1.4038	0.9656	0.9657	0.9654	0.9656	0.9655	0.9561	0.9658	0.9664	0.9592	0.9653	0.9656	0.9655	0	0.9654	0.9654	0.9605	0.9629	0.9659	0.9655	0.9654	0.9655	0.9661	0.9619	0.9612	0.9559	0.9664	0.9656	0.9655	0.9655	0.9657	0.9656	0.9655	0.9654	0.9655	0.961	0.9659	0.9661	0.9663	0.9585	0.9616	0.9655	0.9663	0.9657	0.965	0.9581	0.9655	0.9658	0.9658	0.9638	0.9657	0.8913	0.9564	0.9651
  Z	0.9685	0.9681	0.9644	0.9684	0.9675	0.9668	0.965	0.9682	0.9315	0.9684	0.9682	0.9374	0.9684	0.9682	0.9684	0.9676	0.9684	0.9576	0.9684	0.9674	0.9595	0.9682	0.9684	0.9683	0.9654	0	0.9684	0.963	0.9638	0.9683	0.9684	0.9683	0.9684	0.9683	0.9634	0.9625	0.9563	0.9686	0.9684	0.9684	0.9685	0.9683	0.9682	0.9684	0.9683	0.9684	1.4435	0.9683	0.9684	0.9684	0.9591	0.9644	0.9684	0.9683	0.9684	0.967	0.9603	0.9684	0.9684	0.9684	0.9651	0.9684	0.8895	0.9576	0.968
  [	0.9686	0.9682	0.9644	0.9685	0.9676	0.9669	0.965	0.9683	0.9312	0.9686	0.9682	0.9371	0.9686	0.9684	0.9685	0.9677	0.9685	0.9576	0.9685	0.9674	0.9594	0.9683	0.9685	0.9684	0.9654	0.9684	0	0.9631	0.9638	0.9684	0.9685	0.9685	0.9685	0.9684	0.9635	0.9625	0.9562	0.9688	0.9685	0.9685	0.9686	0.9684	0.9683	0.9685	0.9684	0.9685	0.9623	1.4522	0.9685	0.9685	0.9591	0.9645	0.9685	0.9702	0.9685	0.9671	0.9603	0.9685	0.9685	0.9685	0.9652	0.9685	0.8892	0.9576	0.9681
  \	0.9636	0.964	1.1477	1.2934	0.962	1.4447	0.9716	0.9633	0.9331	1.3447	1.4125	1.1079	0.9636	0.9658	0.9631	0.9642	0.9636	3.36	0.9638	0.9656	1.4396	0.9633	0.9637	0.9632	0.9605	0.963	0.9631	0	0.9637	0.964	0.9633	0.9631	0.9631	0.9647	0.9608	0.9598	4.3072	0.9643	0.9634	0.9632	0.9634	0.9636	0.9636	0.9632	1.4442	0.9631	0.9603	0.964	0.9643	0.9651	0.9581	0.9597	0.9633	0.9647	1.4458	0.9636	0.9566	0.9631	0.9639	0.9637	1.7217	0.9637	1.0163	0.9553	1.1401
  ]	1.251	0.9648	1.7453	0.9642	0.9697	0.9641	0.967	0.9749	1.4415	0.9639	0.97	4.9996	0.964	0.9651	0.9639	0.9664	0.964	0.962	0.9644	0.967	3.3733	0.9638	0.9651	0.9642	0.9629	0.9638	0.9638	0.9637	0	0.9673	0.9639	1.4461	0.9639	0.9664	0.9646	1.1449	1.5063	0.9658	0.964	0.9638	0.9639	0.9644	0.9644	0.9639	0.9638	0.9638	3.7137	0.9648	0.965	0.9653	2.4283	0.9624	0.964	0.9655	0.9648	3.5858	0.962	0.9638	0.9663	0.9644	1.4499	0.9648	6.6785	3.567	0.9638
  ^	0.9686	0.9682	0.9659	0.9685	0.9816	0.9671	1.0219	0.9682	0.9379	0.9684	0.9689	2.3596	0.9684	0.9683	0.9684	0.9679	0.9684	0.9595	0.9684	0.9676	0.9611	0.9682	0.9685	0.9683	0.9659	0.9683	0.9684	0.964	0.9673	0	0.9684	0.9683	0.9684	0.9683	0.9643	1.6592	0.9923	0.9692	0.9684	0.9684	0.9684	0.9683	0.9682	0.9683	0.9683	0.9684	1.23	0.9684	0.9684	0.9684	0.9609	0.965	0.9684	0.9684	0.9684	0.9674	0.9618	0.9684	0.9686	0.9684	1.4219	0.9684	1.3762	0.9595	0.968
  _	0.9686	0.9682	0.9646	0.9685	0.9676	0.9671	0.9651	0.9683	0.9318	0.9686	0.9683	0.9377	0.9686	0.9684	0.9685	0.9677	0.9686	0.9579	0.9685	0.9674	0.96	0.9683	0.9686	0.9684	0.9655	0.9684	0.9685	0.9633	0.9639	0.9684	0	0.9685	0.9685	1.0537	0.9636	0.9626	1.3685	0.9688	0.9685	0.9685	0.9686	0.9684	0.9683	0.9685	0.9684	0.9685	0.9626	0.9685	0.9685	0.9686	0.9593	0.9645	0.9685	0.9684	0.9685	0.9671	0.9605	0.9685	0.9686	0.9685	0.9653	0.9685	0.8905	0.9579	0.9682
  `	0.9687	0.9682	0.9645	0.9685	0.9675	0.9669	0.965	0.9682	0.9314	0.9685	0.9682	0.9373	0.9685	0.9683	0.9685	0.9677	0.9685	0.9576	0.9685	0.9674	0.9595	0.9683	0.9685	0.9683	0.9654	0.9683	0.9685	0.9631	1.4461	0.9683	0.9685	0	0.9684	0.9683	0.9635	0.9625	0.9563	0.9687	0.9685	0.9685	0.9685	0.9684	0.9683	0.9684	0.9683	0.9685	0.9624	0.9684	0.9684	0.9685	0.9591	0.9644	0.9685	0.9683	0.9685	0.9671	0.9604	0.9685	0.9685	0.9685	0.9652	0.9685	0.8895	0.9577	0.968
  a	0.9686	0.9682	0.9645	0.9685	0.9676	0.9669	0.965	0.9683	0.9315	0.9686	0.9682	0.9374	0.9685	0.9683	0.9685	0.9677	0.9685	0.9577	0.9685	0.9674	0.9595	0.9683	0.9685	0.9684	0.9655	0.9684	0.9685	0.9631	0.9639	0.9684	0.9685	0.9684	0	0.9683	0.9635	0.9625	0.9563	0.9687	0.9685	0.9685	0.9686	0.9684	0.9683	0.9685	0.9684	0.9685	1.4436	0.9684	0.9685	0.9685	0.9592	0.9645	0.9685	0.9684	0.9685	0.9671	0.9604	0.9685	0.9685	0.9685	0.9652	0.9685	0.8896	0.9577	0.9681
  b	0.9686	0.9682	0.9668	0.9684	0.9677	0.9677	0.9692	0.9682	0.9422	0.9685	0.9724	0.9466	0.9685	0.9693	0.9684	0.9686	0.9685	0.9609	0.9684	0.9677	2.6839	0.9682	0.9686	0.9683	0.9661	0.9683	0.9684	0.9647	0.9664	0.9683	1.0537	0.9683	0.9683	0	0.9662	0.964	2.6716	1.1511	0.9684	0.9684	0.9685	0.9683	0.9683	0.9684	0.9683	0.9684	0.9643	0.9684	0.9684	0.9705	0.9649	0.9654	0.9686	0.9684	0.9684	0.9678	0.9628	0.9684	0.9686	0.9684	0.9663	0.9685	2.3408	1.1604	0.9684
  c	0.9641	0.9644	0.9726	0.9638	0.9627	0.9631	0.965	0.9637	3.9658	0.9636	0.9677	0.9504	0.9636	0.9641	0.9635	0.9647	0.9635	0.9591	0.9641	0.9703	0.9619	0.9634	0.9638	0.9635	0.9619	0.9634	0.9635	0.9608	0.9646	0.9643	0.9636	0.9635	0.9635	0.9662	0	0.9622	0.9607	0.9645	0.9651	0.9635	0.9635	0.964	1.4415	0.9635	0.9634	0.9635	0.9624	0.9644	0.967	0.9649	1.01	0.9613	0.9636	0.965	0.9639	0.9643	0.9597	0.9635	0.9642	0.964	0.9644	0.964	3.1829	0.9591	0.9633
  d	0.9632	0.9635	0.9659	0.963	3.8553	0.9622	0.9645	1.0134	0.9458	0.9626	0.9654	8.8855	0.9627	0.9632	0.976	0.9638	0.9627	0.9584	0.9632	0.9657	0.9614	0.9624	0.9628	1.9263	0.9612	0.9625	0.9625	0.9598	1.1449	1.6592	0.9626	0.9625	0.9625	0.964	0.9622	0	1.0254	0.9652	0.9628	0.9625	0.9625	0.9631	0.963	0.9626	0.9624	0.9625	7.0658	0.9635	0.9637	0.9641	1.5376	0.9602	0.9626	0.9642	0.963	0.9893	1.9169	0.9625	0.9632	0.9631	0.9637	0.9631	0.9343	2.5832	0.9623
  e	0.958	0.9587	3.3147	0.9575	0.9612	3.9798	0.9644	0.9579	0.9621	0.9569	1.1988	1.0278	2.2313	1.2398	0.9618	0.9987	1.3891	6.2119	0.9577	0.9642	6.2356	1.4251	1.3277	0.9567	0.9559	0.9563	0.9562	4.3072	1.5063	0.9923	1.3685	0.9563	0.9563	2.6716	0.9607	1.0254	0	1.7168	0.9577	0.9563	1.0611	0.9981	0.9594	1.4346	0.9563	0.9562	7.7477	0.9585	1.4239	1.1713	1.1582	0.9572	1.1298	1.4747	0.9574	1.0608	1.9131	0.9563	1.4696	0.9576	2.3856	0.9577	15.2455	2.9107	1.3963
  f	0.9689	0.9685	1.1191	0.9689	0.968	0.9675	0.9661	0.9688	0.9362	0.9689	0.9692	1.2439	0.9688	0.9689	0.9688	0.9683	0.9688	0.9593	0.9687	0.9677	1.4143	0.9688	0.9688	0.969	0.9664	0.9686	0.9688	0.9643	0.9658	0.9692	0.9688	0.9687	0.9687	1.1511	0.9645	0.9652	1.7168	0	0.9691	0.9687	0.9689	0.9686	0.9687	0.9687	0.9686	0.9688	0.9644	0.9687	0.9696	0.9688	0.9635	0.9652	0.9688	0.9686	0.9687	0.9683	0.9623	0.9687	0.9688	0.9687	0.966	0.9688	1.355	1.1579	0.9686
  g	0.9687	0.9683	1.2501	0.9686	0.9676	0.967	1.1666	0.9683	0.9324	0.9686	0.9684	1.2304	0.9686	0.9684	0.9685	0.9678	0.9686	0.958	0.9685	0.9696	0.9599	0.9695	0.9686	0.9684	0.9656	0.9684	0.9685	0.9634	0.964	0.9684	0.9685	0.9685	0.9685	0.9684	0.9651	0.9628	0.9577	0.9691	0	0.9685	0.9686	0.9684	1.2616	0.9685	0.9684	0.9686	0.9626	0.9685	0.9689	0.9686	0.9599	0.9646	0.9686	0.9684	0.9685	0.9672	0.9607	0.9685	0.9686	0.9685	0.9653	0.9686	0.9326	0.9581	0.9682
  h	0.9686	0.9682	0.9645	0.9685	0.9676	0.9669	0.9651	0.9683	0.9314	0.9686	1.4518	0.9372	0.9686	0.9683	0.9685	0.9677	0.9685	0.9576	0.9685	0.9674	0.9595	0.9683	0.9685	0.9684	0.9655	0.9684	0.9685	0.9632	0.9638	0.9684	0.9685	0.9685	0.9685	0.9684	0.9635	0.9625	0.9563	0.9687	0.9685	0	0.9686	0.9684	0.9683	0.9685	0.9684	0.9685	0.9623	0.9684	0.9685	0.9685	0.9591	0.9645	0.9685	0.9684	0.9685	0.9671	0.9604	0.9685	0.9685	0.9685	0.9652	0.9685	0.89	0.9577	0.9681
  i	0.9687	0.9683	0.9646	0.9686	0.9677	0.9673	0.9651	0.9684	0.9313	0.9687	0.9683	0.9373	1.1411	0.9685	0.9686	0.9678	1.2979	0.9596	0.9686	0.9674	0.9597	0.9684	0.9686	0.9684	0.9655	0.9685	0.9686	0.9634	0.9639	0.9684	0.9686	0.9685	0.9686	0.9685	0.9635	0.9625	1.0611	0.9689	0.9686	0.9686	0	0.9685	0.9684	0.9686	0.9685	0.9686	0.9641	0.9685	0.9686	0.9686	0.9592	0.9646	0.9686	0.9685	0.9686	0.9671	0.9605	0.9686	0.9687	0.9686	0.9653	0.9686	0.8894	0.9578	0.9682
  j	0.9686	0.9682	0.9649	0.9684	0.9676	0.967	0.9654	0.9682	0.9353	0.9685	0.9687	0.9413	0.9685	0.9683	0.9684	0.9677	0.9684	0.9604	0.9684	0.9675	0.9605	0.9682	0.9685	0.9683	0.9657	0.9683	0.9684	0.9636	0.9644	0.9683	0.9684	0.9684	0.9684	0.9683	0.964	0.9631	0.9981	0.9686	0.9684	0.9684	0.9685	0	0.9682	0.9684	0.9683	0.9684	0.963	0.9684	0.9684	0.9685	0.9601	0.9648	0.9684	0.9696	0.9684	0.9672	0.9612	0.9684	0.9685	0.9684	0.9656	0.9684	1.3034	0.9588	0.968
  k	0.9685	0.9681	1.3626	0.9683	0.9675	0.9669	0.9655	0.9681	1.0641	0.9684	0.9688	0.941	0.9684	0.9682	0.9683	0.9677	0.9683	0.9587	0.9683	1.3686	0.9605	0.9704	0.9684	0.9682	0.9656	0.9682	0.9683	0.9636	0.9644	0.9682	0.9683	0.9683	0.9683	0.9683	1.4415	0.963	0.9594	0.9687	1.2616	0.9683	0.9684	0.9682	0	0.9683	0.9682	0.9683	0.963	0.9683	1.2645	0.9684	0.9608	0.9647	0.9683	0.9683	0.9683	0.9671	0.9612	0.9683	0.9684	0.9683	0.9656	0.9684	1.2968	0.9588	0.968
  l	0.9686	0.9682	0.9645	0.9685	0.9676	0.967	0.9651	0.9683	0.9319	0.9686	0.9682	0.9377	0.9686	0.9684	0.9685	0.9677	0.9686	0.9578	0.9685	0.9674	0.9597	0.9683	0.9685	0.9683	0.9655	0.9684	0.9685	0.9632	0.9639	0.9683	0.9685	0.9684	0.9685	0.9684	0.9635	0.9626	1.4346	0.9687	0.9685	0.9685	0.9686	0.9684	0.9683	0	0.9684	0.9685	0.9625	0.9684	0.9685	0.9686	0.9593	0.9645	0.9685	0.9684	0.9685	0.9671	0.9605	0.9685	0.9685	0.9685	0.9653	0.9685	0.8904	0.9578	0.9681
  m	0.9685	0.9681	0.9645	0.9685	0.9674	0.9668	0.965	0.9682	0.9314	0.9685	0.9682	0.9373	0.9684	0.9682	0.9684	0.9676	0.9684	0.9576	0.9684	0.9674	0.9595	0.9682	0.9684	0.9682	0.9654	0.9683	0.9684	1.4442	0.9638	0.9683	0.9684	0.9683	0.9684	0.9683	0.9634	0.9624	0.9563	0.9686	0.9684	0.9684	0.9685	0.9683	0.9682	0.9684	0	0.9684	0.9623	0.9683	0.9684	0.9684	0.9591	0.9644	0.9684	0.9683	0.9687	0.967	0.9603	0.9684	0.9684	0.9684	0.9652	0.9684	0.8894	0.9576	0.968
  n	0.9686	0.9683	0.9645	0.9685	0.9676	0.9669	0.965	0.9683	0.9312	0.9686	0.9682	0.9371	0.9686	0.9684	0.9685	1.2409	0.9685	0.9576	0.9685	0.9674	0.9595	0.9683	0.9685	0.9684	0.9655	0.9684	0.9685	0.9631	0.9638	0.9684	0.9685	0.9685	0.9685	0.9684	0.9635	0.9625	0.9562	0.9688	0.9686	0.9685	0.9686	0.9684	0.9683	0.9685	0.9684	0	0.9623	0.9685	0.9685	0.9685	0.9591	0.9645	0.9685	0.9684	1.2457	0.9671	0.9604	0.9685	0.9686	0.9685	0.9653	0.9685	0.8889	0.9576	0.9681
  o	0.9642	0.9635	1.2702	0.9628	3.526	2.6276	0.9649	1.0236	0.9486	0.9625	0.9674	4.4221	0.9864	0.9653	1.724	0.9641	1.7834	0.987	0.9632	0.9659	1.0404	0.974	0.9637	1.852	0.961	1.4435	0.9623	0.9603	3.7137	1.23	0.9626	0.9624	1.4436	0.9643	0.9624	7.0658	7.7477	0.9644	0.9626	0.9623	0.9641	0.963	0.963	0.9625	0.9623	0.9623	0	0.9634	1.0364	0.9646	1.2735	0.9603	0.9625	0.9643	0.9629	1.4398	0.9594	0.9623	0.9634	0.963	0.9657	0.9631	3.4985	1.4999	0.9631
  p	0.9687	0.9683	0.9653	0.9685	0.9677	0.9672	0.9657	0.9683	0.9377	0.9685	0.9691	0.9426	0.9685	0.9683	0.9684	0.9679	0.9685	0.9595	0.9685	0.9676	0.9611	0.9683	0.9685	0.9683	0.9659	0.9683	1.4522	0.964	0.9648	0.9684	0.9685	0.9684	0.9684	0.9684	0.9644	0.9635	0.9585	0.9687	0.9685	0.9684	0.9685	0.9684	0.9683	0.9684	0.9683	0.9685	0.9634	0	0.9684	0.9685	0.9608	0.9651	0.9685	1.6502	0.9685	0.9673	0.9618	0.9684	0.9686	0.9685	0.997	0.9685	1.6691	0.9595	0.9681
  q	0.9687	0.9683	1.6772	0.9685	0.9677	0.9674	1.3978	0.9683	0.9385	0.9686	0.9694	1.8834	0.9686	0.9685	0.9685	0.9679	0.9686	0.9598	0.9685	1.2083	0.9616	0.9684	0.9686	0.9684	0.9661	0.9684	0.9685	0.9643	0.965	0.9684	0.9685	0.9684	0.9685	0.9684	0.967	0.9637	1.4239	0.9696	0.9689	0.9685	0.9686	0.9684	1.2645	0.9685	0.9684	0.9685	1.0364	0.9684	0	0.9686	0.9837	0.9652	0.9685	0.9684	0.9685	0.9675	0.9622	0.9685	0.9686	0.9685	0.966	0.9686	1.6752	0.9598	0.9683
  r	0.9688	0.9683	0.9661	0.9685	0.9678	0.9677	0.9661	0.9684	0.9417	0.9686	0.9697	0.9452	0.9687	0.9685	0.9685	0.968	0.9686	0.9608	0.9685	0.9677	0.9623	0.9684	0.9686	0.9684	0.9663	0.9684	0.9685	0.9651	0.9653	0.9684	0.9686	0.9685	0.9685	0.9705	0.9649	0.9641	1.1713	0.9688	0.9686	0.9685	0.9686	0.9685	0.9684	0.9686	0.9684	0.9685	0.9646	0.9685	0.9686	0	0.9617	0.9655	0.9685	0.9685	0.9685	0.9675	0.9627	0.9685	0.9687	0.9685	0.9663	0.9686	2.2684	0.9606	1.5333
  s	0.9611	0.961	1.6909	0.9599	0.9584	0.9596	0.9773	0.9598	1.8219	0.9593	0.9716	8.2219	0.9594	0.9604	0.9591	0.963	0.9592	0.9588	0.9602	0.965	1.0044	0.9616	0.9598	0.9596	0.9585	0.9591	0.9591	0.9581	2.4283	0.9609	0.9593	0.9591	0.9592	0.9649	1.01	1.5376	1.1582	0.9635	0.9599	0.9591	0.9592	0.9601	0.9608	0.9593	0.9591	0.9591	1.2735	0.9608	0.9837	0.9617	0	0.9578	0.9593	0.9621	0.96	1.6279	0.958	0.9591	0.9605	0.9602	0.9634	0.9602	7.4	1.1571	0.9592
  t	0.9648	0.965	0.9627	0.9648	0.9634	0.973	0.9636	0.9645	0.9316	0.9646	0.9659	0.9367	0.9646	0.9662	0.9645	0.9649	0.9645	6.5552	0.9649	0.966	0.9593	0.9647	0.9647	0.9644	0.9616	0.9644	0.9645	0.9597	0.9624	0.965	0.9645	0.9644	0.9645	0.9654	0.9613	0.9602	0.9572	0.9652	0.9646	0.9645	0.9646	0.9648	0.9647	0.9645	0.9644	0.9645	0.9603	0.9651	0.9652	0.9655	0.9578	0	0.9645	0.9656	0.9648	0.9642	0.9571	0.9645	0.9649	0.9649	0.9632	0.9649	0.8898	0.9556	0.9641
  u	0.9686	0.9683	0.9954	0.9685	0.9676	0.967	0.9651	0.9683	0.9319	0.9686	0.9682	0.9379	0.9686	0.9684	0.9685	0.9677	0.9685	0.9579	0.9685	0.9674	1.0242	0.9683	0.9685	0.9684	0.9655	0.9684	0.9685	0.9633	0.964	0.9684	0.9685	0.9685	0.9685	0.9686	0.9636	0.9626	1.1298	0.9688	0.9686	0.9685	0.9686	0.9684	0.9683	0.9685	0.9684	0.9685	0.9625	0.9685	0.9685	0.9685	0.9593	0.9645	0	0.9684	0.9685	0.9671	0.9605	0.9685	0.9686	0.9685	0.9653	0.9685	0.8905	1.2646	0.9681
  v	0.9687	0.9683	0.9659	0.9684	0.9677	0.9674	0.9663	0.9682	0.9428	0.9684	0.9699	0.9471	0.9685	0.9684	0.9684	0.968	0.9684	0.9679	0.9684	0.9678	0.9624	0.9683	0.9686	0.9683	0.9663	0.9683	0.9702	0.9647	0.9655	0.9684	0.9684	0.9683	0.9684	0.9684	0.965	0.9642	1.4747	0.9686	0.9684	0.9684	0.9685	0.9696	0.9683	0.9684	0.9683	0.9684	0.9643	1.6502	0.9684	0.9685	0.9621	0.9656	0.9684	0	0.9684	0.9675	0.9629	0.9684	0.9686	0.9684	1.0047	0.9685	2.624	0.9609	0.9682
  w	0.969	0.9683	0.9649	0.9688	0.9677	0.9671	0.9658	0.9683	0.9346	0.9686	0.969	0.9401	0.9686	0.9684	0.9685	1.397	0.9685	0.9588	0.9685	0.9675	0.9603	0.9683	0.9686	0.9684	0.9657	0.9684	0.9685	1.4458	0.9648	0.9684	0.9685	0.9685	0.9685	0.9684	0.9639	0.963	0.9574	0.9687	0.9685	0.9685	0.9686	0.9684	0.9683	0.9685	0.9687	1.2457	0.9629	0.9685	0.9685	0.9685	0.96	0.9648	0.9685	0.9684	0	0.9672	0.9612	0.9685	0.9687	0.9685	1.4486	0.9693	1.3428	0.9586	0.9682
  x	0.9683	0.9672	1.0023	0.9672	0.9667	0.9665	0.9661	0.9772	0.9418	0.9672	0.9691	3.9678	0.9672	0.9674	0.9672	0.9671	0.9673	0.96	0.9673	0.9674	1.3319	0.967	0.9673	0.9672	0.965	0.967	0.9671	0.9636	3.5858	0.9674	0.9671	0.9671	0.9671	0.9678	0.9643	0.9893	1.0608	0.9683	0.9672	0.9671	0.9671	0.9672	0.9671	0.9671	0.967	0.9671	1.4398	0.9673	0.9675	0.9675	1.6279	0.9642	0.9671	0.9675	0.9672	0	0.9616	0.9671	0.9674	0.9673	0.9659	0.9673	1.9029	1.141	0.9668
  y	0.961	0.9618	1.0619	0.9609	0.9596	0.9957	0.9634	0.9607	0.9363	0.9606	1.2834	1.4106	0.9607	0.9615	0.9604	0.9626	0.9606	0.9545	0.9614	0.965	0.9606	0.9603	0.9609	0.9605	0.9581	0.9603	0.9603	0.9566	0.962	0.9618	0.9605	0.9604	0.9604	0.9628	0.9597	1.9169	1.9131	0.9623	0.9607	0.9604	0.9605	0.9612	0.9612	0.9605	0.9603	0.9604	0.9594	0.9618	0.9622	0.9627	0.958	0.9571	0.9605	0.9629	0.9612	0.9616	0	0.9604	0.9614	0.9613	1.4399	0.9612	1.4874	0.9539	0.9604
  z	0.9686	0.9682	0.9645	0.9685	0.9676	0.9669	0.965	0.9683	0.9314	0.9686	0.9682	0.9373	0.9686	0.9684	0.9685	0.9679	0.9685	0.9576	0.9685	0.9674	0.9595	0.9683	0.9685	0.9684	0.9655	0.9684	0.9685	0.9631	0.9638	0.9684	0.9685	0.9685	0.9685	0.9684	0.9635	0.9625	0.9563	0.9687	0.9685	0.9685	0.9686	0.9684	0.9683	0.9685	0.9684	0.9685	0.9623	0.9684	0.9685	0.9685	0.9591	0.9645	0.9685	0.9684	0.9685	0.9671	0.9604	0	0.9686	0.9685	1.4479	0.9685	0.8893	0.9577	0.9681
  {	0.9688	0.9684	0.9652	0.9686	0.9677	0.9672	0.9659	0.9683	0.9367	0.9686	0.9691	0.9415	0.9687	0.9685	0.9685	0.9684	0.9686	0.959	0.9686	0.9679	0.961	0.9684	0.9687	0.9684	0.9658	0.9684	0.9685	0.9639	0.9663	0.9686	0.9686	0.9685	0.9685	0.9686	0.9642	0.9632	1.4696	0.9688	0.9686	0.9685	0.9687	0.9685	0.9684	0.9685	0.9684	0.9686	0.9634	0.9686	0.9686	0.9687	0.9605	0.9649	0.9686	0.9686	0.9687	0.9674	0.9614	0.9686	0	0.9686	1.0589	0.9686	1.2552	0.9588	0.9682
  |	0.9687	0.9683	0.965	0.9685	0.9677	0.9671	0.9994	0.9683	0.9353	0.9686	0.9688	0.9406	0.9686	0.9684	0.9685	0.9678	0.9685	0.9588	0.9685	0.9675	0.9605	0.9683	0.9686	0.9684	0.9658	0.9684	0.9685	0.9637	0.9644	0.9684	0.9685	0.9685	0.9685	0.9684	0.964	0.9631	0.9576	0.9687	0.9685	0.9685	0.9686	0.9684	0.9683	0.9685	0.9684	0.9685	0.963	0.9685	0.9685	0.9685	0.9602	0.9649	0.9685	0.9684	0.9685	0.9673	0.9613	0.9685	0.9686	0	0.9656	0.9685	1.3142	0.9588	0.9681
  }	0.9661	0.9659	0.9663	1.0824	0.9646	0.9651	1.0837	0.9653	0.9511	0.9654	1.4537	1.4778	0.9654	0.966	0.9652	3.0832	0.9653	1.4423	0.9657	0.9673	1.4456	0.9652	0.9659	0.9652	0.9638	0.9651	0.9652	1.7217	1.4499	1.4219	0.9653	0.9652	0.9652	0.9663	0.9644	0.9637	2.3856	0.966	0.9653	0.9652	0.9653	0.9656	0.9656	0.9653	0.9652	0.9653	0.9657	0.997	0.966	0.9663	0.9634	0.9632	0.9653	1.0047	1.4486	0.9659	1.4399	1.4479	1.0589	0.9656	0	0.9657	4.7392	0.9619	0.9653
  ~	0.9688	0.9683	0.9652	0.9685	0.9677	0.9671	1.2413	0.9683	0.9353	0.9686	0.9689	0.9405	0.9686	0.9684	0.9685	0.9679	0.9685	0.9587	0.9685	0.9678	0.9604	0.9683	0.9686	0.9684	0.9657	0.9684	0.9685	0.9637	0.9648	0.9684	0.9685	0.9685	0.9685	0.9685	0.964	0.9631	0.9577	0.9688	0.9686	0.9685	0.9686	0.9684	0.9684	0.9685	0.9684	0.9685	0.9631	0.9685	0.9686	0.9686	0.9602	0.9649	0.9685	0.9685	0.9693	0.9673	0.9612	0.9685	0.9686	0.9685	0.9657	0	1.2363	0.9587	0.9681
  	1.0907	1.772	6.0489	0.9354	0.8858	1.1845	9.1045	0.8981	58.0733	0.9035	3.8197	16.4347	0.8911	1.3473	0.8891	2.8995	0.8902	2.2685	1.3459	7.6	6.4352	0.8925	1.0063	0.936	0.8913	0.8895	0.8892	1.0163	6.6785	1.3762	0.8905	0.8895	0.8896	2.3408	3.1829	0.9343	15.2455	1.355	0.9326	0.89	0.8894	1.3034	1.2968	0.8904	0.8894	0.8889	3.4985	1.6691	1.6752	2.2684	7.4	0.8898	0.8905	2.624	1.3428	1.9029	1.4874	0.8893	1.2552	1.3142	4.7392	1.2363	0	0.9315	0.9267
  	0.9588	0.9596	1.2224	0.9586	0.9682	0.9583	0.9625	2.3983	1.4009	0.9578	0.9626	8.1875	0.9581	1.1129	0.9577	0.9604	0.9579	1.0304	0.9589	0.9638	2.2357	0.9577	0.9583	0.9585	0.9564	0.9576	0.9576	0.9553	3.567	0.9595	0.9579	0.9577	0.9577	1.1604	0.9591	2.5832	2.9107	1.1579	0.9581	0.9577	0.9578	0.9588	0.9588	0.9578	0.9576	0.9576	1.4999	0.9595	0.9598	0.9606	1.1571	0.9556	1.2646	0.9609	0.9586	1.141	0.9539	0.9577	0.9588	0.9588	0.9619	0.9587	0.9315	0	0.9577
  	0.9682	0.9679	1.1276	0.9682	0.9671	0.9671	0.9721	0.9679	0.9318	1.0218	1.26	0.9376	0.9684	0.9681	0.9681	0.9675	0.9682	0.9582	0.9681	0.9673	0.96	0.968	0.9682	0.968	0.9651	0.968	0.9681	1.1401	0.9638	0.968	0.9682	0.968	0.9681	0.9684	0.9633	0.9623	1.3963	0.9686	0.9682	0.9681	0.9682	0.968	0.968	0.9681	0.968	0.9681	0.9631	0.9681	0.9683	1.5333	0.9592	0.9641	0.9681	0.9682	0.9682	0.9668	0.9604	0.9681	0.9682	0.9681	0.9653	0.9681	0.9267	0.9577	0

Actual rates from j->i (Q_ij):
	A	B	C	D	E	F	G	H	I	J	K	L	M	N	O	P	Q	R	S	T	U	V	W	X	Y	Z	[	\	]	^	_	`	a	b	c	d	e	f	g	h	i	j	k	l	m	n	o	p	q	r	s	t	u	v	w	x	y	z	{	|	}	~			
  A	0	0.0177	0.0177	0.0177	0.0177	0.0177	0.0177	0.0177	0.0171	0.0177	0.0177	0.0172	0.0177	0.0177	0.0177	0.0177	0.0177	0.0175	0.0177	0.0177	0.0176	0.0177	0.0177	0.0177	0.0177	0.0177	0.0177	0.0176	0.0229	0.0177	0.0177	0.0177	0.0177	0.0177	0.0176	0.0176	0.0175	0.0177	0.0177	0.0177	0.0177	0.0177	0.0177	0.0177	0.0177	0.0177	0.0176	0.0177	0.0177	0.0177	0.0176	0.0176	0.0177	0.0177	0.0177	0.0177	0.0176	0.0177	0.0177	0.0177	0.0177	0.0177	0.0199	0.0175	0.0177
  B	0.0152	0	0.0151	0.0152	0.0151	0.0151	0.0151	0.0152	0.0147	0.0152	0.0173	0.0148	0.0152	0.0152	0.0152	0.0151	0.0152	0.015	0.0152	0.0151	0.015	0.0152	0.0152	0.0152	0.0151	0.0152	0.0152	0.0151	0.0151	0.0152	0.0152	0.0152	0.0152	0.0152	0.0151	0.0151	0.015	0.0152	0.0152	0.0152	0.0152	0.0152	0.0152	0.0152	0.0152	0.0152	0.0151	0.0152	0.0152	0.0152	0.015	0.0151	0.0152	0.0152	0.0152	0.0151	0.0151	0.0152	0.0152	0.0152	0.0151	0.0152	0.0277	0.015	0.0152
  C	0.0084	0.0084	0	0.0084	0.0084	0.0084	0.0175	0.0084	0.0083	0.0089	0.0098	0.0144	0.0084	0.0084	0.0084	0.0097	0.0084	0.0084	0.0084	0.0084	0.0158	0.0125	0.0084	0.0098	0.0084	0.0084	0.0084	0.01	0.0152	0.0084	0.0084	0.0084	0.0084	0.0084	0.0084	0.0084	0.0288	0.0097	0.0109	0.0084	0.0084	0.0084	0.0118	0.0084	0.0084	0.0084	0.011	0.0084	0.0146	0.0084	0.0147	0.0084	0.0086	0.0084	0.0084	0.0087	0.0092	0.0084	0.0084	0.0084	0.0084	0.0084	0.0525	0.0106	0.0098
  D	0.0177	0.0177	0.0176	0	0.0177	0.0177	0.0176	0.0177	0.017	0.0177	0.0177	0.0226	0.0177	0.0177	0.0177	0.0177	0.0177	0.062	0.0177	0.0177	0.0175	0.0177	0.0177	0.0177	0.0176	0.0177	0.0177	0.0236	0.0176	0.0177	0.0177	0.0177	0.0177	0.0177	0.0176	0.0176	0.0175	0.0177	0.0177	0.0177	0.0177	0.0177	0.0177	0.0177	0.0177	0.0177	0.0176	0.0177	0.0177	0.0177	0.0175	0.0176	0.0177	0.0177	0.0177	0.0177	0.0175	0.0177	0.0177	0.0177	0.0198	0.0177	0.0171	0.0175	0.0177
  E	0.0197	0.0197	0.0196	0.0197	0	0.0196	0.0196	0.0197	0.0189	0.0197	0.0197	0.019	0.0197	0.0197	0.0258	0.0197	0.0197	0.0194	0.0197	0.0197	0.0195	0.0197	0.0197	0.0197	0.0196	0.0197	0.0197	0.0196	0.0197	0.02	0.0197	0.0197	0.0197	0.0197	0.0196	0.0784	0.0195	0.0197	0.0197	0.0197	0.0197	0.0197	0.0197	0.0197	0.0197	0.0197	0.0717	0.0197	0.0197	0.0197	0.0195	0.0196	0.0197	0.0197	0.0197	0.0197	0.0195	0.0197	0.0197	0.0197	0.0196	0.0197	0.018	0.0197	0.0197
  F	0.0172	0.0172	0.0171	0.0172	0.0172	0	0.0171	0.0172	0.0166	0.0172	0.02	0.0167	0.0172	0.018	0.0172	0.0257	0.0258	0.0668	0.0172	0.0172	0.0184	0.0263	0.0172	0.0178	0.0171	0.0172	0.0172	0.0257	0.0171	0.0172	0.0172	0.0172	0.0172	0.0172	0.0171	0.0171	0.0707	0.0172	0.0172	0.0172	0.0172	0.0172	0.0172	0.0172	0.0172	0.0172	0.0467	0.0172	0.0172	0.0172	0.0171	0.0173	0.0172	0.0172	0.0172	0.0172	0.0177	0.0172	0.0172	0.0172	0.0171	0.0172	0.021	0.017	0.0172
  G	0.0068	0.0068	0.0142	0.0068	0.0068	0.0068	0	0.0068	0.0068	0.0068	0.0077	0.0089	0.0068	0.0068	0.0068	0.0068	0.0068	0.0068	0.0068	0.0096	0.007	0.0068	0.0068	0.0068	0.0068	0.0068	0.0068	0.0069	0.0068	0.0072	0.0068	0.0068	0.0068	0.0068	0.0068	0.0068	0.0068	0.0068	0.0082	0.0068	0.0068	0.0068	0.0068	0.0068	0.0068	0.0068	0.0068	0.0068	0.0099	0.0068	0.0069	0.0068	0.0068	0.0068	0.0068	0.0068	0.0068	0.0068	0.0068	0.0071	0.0077	0.0088	0.0643	0.0068	0.0069
  H	0.0175	0.0175	0.0175	0.0175	0.0175	0.0175	0.0175	0	0.0169	0.0175	0.0175	0.0316	0.0175	0.0175	0.0175	0.0175	0.0175	0.0173	0.0175	0.0175	0.0174	0.0175	0.0175	0.0175	0.0175	0.0175	0.0175	0.0174	0.0176	0.0175	0.0175	0.0175	0.0175	0.0175	0.0174	0.0183	0.0173	0.0175	0.0175	0.0175	0.0175	0.0175	0.0175	0.0175	0.0175	0.0175	0.0185	0.0175	0.0175	0.0175	0.0174	0.0174	0.0175	0.0175	0.0175	0.0177	0.0174	0.0175	0.0175	0.0175	0.0175	0.0175	0.0162	0.0434	0.0175
  I	0.0019	0.0019	0.0019	0.0019	0.0018	0.0019	0.0019	0.0019	0	0.0018	0.002	0.0038	0.0018	0.0019	0.0018	0.002	0.0018	0.0019	0.0019	0.0019	0.0019	0.0018	0.0019	0.0019	0.0018	0.0018	0.0018	0.0019	0.0029	0.0019	0.0018	0.0018	0.0018	0.0019	0.0079	0.0019	0.0019	0.0019	0.0019	0.0018	0.0018	0.0019	0.0021	0.0018	0.0018	0.0018	0.0019	0.0019	0.0019	0.0019	0.0036	0.0018	0.0018	0.0019	0.0019	0.0019	0.0019	0.0018	0.0019	0.0019	0.0019	0.0019	0.1152	0.0028	0.0018
  J	0.0186	0.0186	0.0197	0.0186	0.0186	0.0186	0.0186	0.0186	0.0179	0	0.0198	0.018	0.0186	0.0186	0.0186	0.0186	0.0186	0.0184	0.0186	0.0186	0.0185	0.0186	0.0186	0.0186	0.0186	0.0186	0.0186	0.0259	0.0185	0.0186	0.0186	0.0186	0.0186	0.0186	0.0185	0.0185	0.0184	0.0186	0.0186	0.0186	0.0186	0.0186	0.0186	0.0186	0.0186	0.0186	0.0185	0.0186	0.0186	0.0186	0.0184	0.0186	0.0186	0.0186	0.0186	0.0186	0.0185	0.0186	0.0186	0.0186	0.0186	0.0186	0.0174	0.0184	0.0197
  K	0.0111	0.0126	0.0129	0.0111	0.0111	0.0129	0.0125	0.0111	0.0114	0.0118	0	0.011	0.0111	0.0111	0.0111	0.0111	0.0111	0.0111	0.0111	0.0111	0.0113	0.0111	0.0111	0.0111	0.0111	0.0111	0.0111	0.0162	0.0111	0.0111	0.0111	0.0111	0.0111	0.0112	0.0111	0.0111	0.0138	0.0111	0.0111	0.0167	0.0111	0.0111	0.0111	0.0111	0.0111	0.0111	0.0111	0.0111	0.0111	0.0111	0.0111	0.0111	0.0111	0.0111	0.0111	0.0111	0.0147	0.0111	0.0111	0.0111	0.0167	0.0111	0.0438	0.011	0.0145
  L	0.0052	0.0052	0.0092	0.0068	0.0052	0.0052	0.007	0.0096	0.0105	0.0052	0.0053	0	0.0052	0.0052	0.0052	0.0052	0.0052	0.0052	0.0052	0.0055	0.0618	0.0052	0.0052	0.0073	0.0078	0.0052	0.0052	0.0061	0.0276	0.013	0.0052	0.0052	0.0052	0.0052	0.0053	0.0491	0.0057	0.0069	0.0068	0.0052	0.0052	0.0052	0.0052	0.0052	0.0052	0.0052	0.0244	0.0052	0.0104	0.0052	0.0454	0.0052	0.0052	0.0052	0.0052	0.0219	0.0078	0.0052	0.0052	0.0052	0.0082	0.0052	0.0908	0.0452	0.0052
  M	0.0184	0.0184	0.0183	0.0184	0.0184	0.0184	0.0184	0.0184	0.0177	0.0184	0.0184	0.0178	0	0.0184	0.0184	0.0184	0.024	0.0183	0.0184	0.0184	0.0183	0.0184	0.0184	0.0184	0.0184	0.0184	0.0184	0.0183	0.0183	0.0184	0.0184	0.0184	0.0184	0.0184	0.0183	0.0183	0.0424	0.0184	0.0184	0.0184	0.0217	0.0184	0.0184	0.0184	0.0184	0.0184	0.0188	0.0184	0.0184	0.0184	0.0182	0.0183	0.0184	0.0184	0.0184	0.0184	0.0183	0.0184	0.0184	0.0184	0.0184	0.0184	0.0169	0.0182	0.0184
  N	0.0165	0.0165	0.0165	0.0165	0.0165	0.0173	0.0165	0.0165	0.016	0.0165	0.0165	0.0161	0.0165	0	0.0165	0.0165	0.0165	0.0256	0.0165	0.0165	0.0193	0.0165	0.0165	0.0165	0.0165	0.0165	0.0165	0.0165	0.0165	0.0165	0.0165	0.0165	0.0165	0.0165	0.0164	0.0164	0.0211	0.0165	0.0165	0.0165	0.0165	0.0165	0.0165	0.0165	0.0165	0.0165	0.0165	0.0165	0.0165	0.0165	0.0164	0.0165	0.0165	0.0165	0.0165	0.0165	0.0164	0.0165	0.0165	0.0165	0.0165	0.0165	0.023	0.019	0.0165
  O	0.0188	0.0188	0.0188	0.0188	0.0247	0.0188	0.0188	0.0188	0.0181	0.0188	0.0188	0.0182	0.0188	0.0188	0	0.0188	0.0188	0.0186	0.0188	0.0188	0.0187	0.0188	0.0188	0.0188	0.0188	0.0188	0.0188	0.0187	0.0187	0.0188	0.0188	0.0188	0.0188	0.0188	0.0187	0.019	0.0187	0.0188	0.0188	0.0188	0.0188	0.0188	0.0188	0.0188	0.0188	0.0188	0.0335	0.0188	0.0188	0.0188	0.0186	0.0188	0.0188	0.0188	0.0188	0.0188	0.0187	0.0188	0.0188	0.0188	0.0188	0.0188	0.0173	0.0186	0.0188
  P	0.0133	0.0133	0.0153	0.0133	0.0132	0.0198	0.0132	0.0133	0.0136	0.0133	0.0133	0.013	0.0133	0.0133	0.0133	0	0.0133	0.033	0.0133	0.0133	0.0132	0.0133	0.0133	0.0133	0.0132	0.0133	0.0133	0.0132	0.0132	0.0133	0.0133	0.0133	0.0133	0.0133	0.0132	0.0132	0.0137	0.0133	0.0133	0.0133	0.0133	0.0133	0.0133	0.0133	0.0133	0.017	0.0132	0.0133	0.0133	0.0133	0.0132	0.0132	0.0133	0.0133	0.0191	0.0132	0.0132	0.0133	0.0133	0.0133	0.0422	0.0133	0.0397	0.0132	0.0133
  Q	0.0187	0.0187	0.0186	0.0187	0.0187	0.028	0.0186	0.0187	0.018	0.0187	0.0187	0.0181	0.0244	0.0187	0.0187	0.0187	0	0.0186	0.0187	0.0187	0.0185	0.0187	0.0187	0.0187	0.0187	0.0187	0.0187	0.0186	0.0186	0.0187	0.0187	0.0187	0.0187	0.0187	0.0186	0.0186	0.0268	0.0187	0.0187	0.0187	0.0251	0.0187	0.0187	0.0187	0.0187	0.0187	0.0345	0.0187	0.0187	0.0187	0.0185	0.0186	0.0187	0.0187	0.0187	0.0187	0.0186	0.0187	0.0187	0.0187	0.0187	0.0187	0.0172	0.0185	0.0187
  R	0.0117	0.0118	0.0118	0.0416	0.0117	0.0461	0.0118	0.0117	0.0116	0.0117	0.0118	0.0116	0.0118	0.0184	0.0117	0.0295	0.0118	0	0.0117	0.0118	0.0129	0.0247	0.0117	0.0117	0.0117	0.0117	0.0117	0.0412	0.0118	0.0118	0.0117	0.0117	0.0117	0.0118	0.0118	0.0117	0.0761	0.0118	0.0117	0.0117	0.0118	0.0118	0.0117	0.0117	0.0117	0.0117	0.0121	0.0118	0.0118	0.0118	0.0117	0.0803	0.0117	0.0119	0.0117	0.0118	0.0117	0.0117	0.0118	0.0117	0.0177	0.0117	0.0278	0.0126	0.0117
  S	0.0166	0.0166	0.0165	0.0166	0.0166	0.0166	0.0166	0.0166	0.016	0.0166	0.0166	0.0161	0.0166	0.0166	0.0166	0.0166	0.0166	0.0164	0	0.0166	0.0165	0.0166	0.0166	0.0166	0.0166	0.0166	0.0166	0.0165	0.0165	0.0166	0.0166	0.0166	0.0166	0.0166	0.0165	0.0165	0.0164	0.0166	0.0166	0.0166	0.0166	0.0166	0.0166	0.0166	0.0166	0.0166	0.0165	0.0166	0.0166	0.0166	0.0165	0.0165	0.0166	0.0166	0.0166	0.0166	0.0165	0.0166	0.0166	0.0166	0.0166	0.0166	0.0231	0.0164	0.0166
