Map from character to field name
A:	Canada
B:	China
C:	Singapore
D:	South Korea
E:	Thailand
F:	Usa
G:	?


Substitution rate (mu): 26.932233

Equilibrium frequencies (pi_i):
  A: 0.195
  B: 0.1614
  C: 0.1592
  D: 0.1649
  E: 0.1591
  F: 0.1604

Symmetrized rates from j->i (W_ij):
	A	B	C	D	E	F
  A	0	0.6851	0.5826	0.5785	0.5826	2.5112
  B	0.6851	0	0.8549	0.8559	0.8614	6.6877
  C	0.5826	0.8549	0	0.5809	0.5844	0.5719
  D	0.5785	0.8559	0.5809	0	0.5809	1.1596
  E	0.5826	0.8614	0.5844	0.5809	0	0.572
  F	2.5112	6.6877	0.5719	1.1596	0.572	0

Actual rates from j->i (Q_ij):
	A	B	C	D	E	F
  A	0	0.1336	0.1136	0.1128	0.1136	0.4896
  B	0.1106	0	0.138	0.1381	0.139	1.0793
  C	0.0928	0.1361	0	0.0925	0.0931	0.0911
  D	0.0954	0.1412	0.0958	0	0.0958	0.1912
  E	0.0927	0.137	0.093	0.0924	0	0.091
  F	0.4028	1.0727	0.0917	0.186	0.0917	0
