Map from character to field name
A:	Canada
B:	China
C:	Singapore
D:	South Korea
E:	Thailand
F:	Usa
G:	?


Substitution rate (mu): 27.609963

Equilibrium frequencies (pi_i):
  A: 0.1966
  B: 0.1889
  C: 0.1589
  D: 0.1571
  E: 0.1587
  F: 0.1399

Symmetrized rates from j->i (W_ij):
	A	B	C	D	E	F
  A	0	0.6799	0.5745	0.5705	0.5745	2.2737
  B	0.6799	0	0.8437	1.264	0.8512	6.3917
  C	0.5745	0.8437	0	0.5727	0.5762	0.5636
  D	0.5705	1.264	0.5727	0	0.5727	1.5212
  E	0.5745	0.8512	0.5762	0.5727	0	0.5637
  F	2.2737	6.3917	0.5636	1.5212	0.5637	0

Actual rates from j->i (Q_ij):
	A	B	C	D	E	F
  A	0	0.1337	0.113	0.1122	0.113	0.4471
  B	0.1284	0	0.1594	0.2387	0.1608	1.2072
  C	0.0913	0.134	0	0.091	0.0915	0.0895
  D	0.0896	0.1986	0.09	0	0.09	0.239
  E	0.0912	0.1351	0.0914	0.0909	0	0.0895
  F	0.318	0.894	0.0788	0.2128	0.0788	0
