Map from character to field name
A:	Algeria
B:	Argentina
C:	Australia
D:	Austria
E:	Bangladesh
F:	Belgium
G:	Brazil
H:	Cambodia
I:	Canada
J:	Chad
K:	Chile
L:	China
M:	Czech Republic
N:	Denmark
O:	Egypt
P:	France
Q:	Georgia
R:	Germany
S:	Guam
T:	Guatemala
U:	Hong Kong
V:	Hungary
W:	Iceland
X:	India
Y:	Indonesia
Z:	Iran
[:	Ireland
\:	Italy
]:	Japan
^:	Kazakhstan
_:	Kuwait
`:	Laos
a:	Luxembourg
b:	Malaysia
c:	Mexico
d:	Mongolia
e:	Netherlands
f:	New Zealand
g:	Nicaragua
h:	Nigeria
i:	Norway
j:	Pakistan
k:	Peru
l:	Philippines
m:	Poland
n:	Romania
o:	Russia
p:	Saudi Arabia
q:	Singapore
r:	South Africa
s:	South Korea
t:	Spain
u:	Sri Lanka
v:	Sweden
w:	Switzerland
x:	Taiwan
y:	Thailand
z:	Turkey
{:	Ukraine
|:	United Arab Emirates
}:	United Kingdom
~:	Uruguay
:	Usa
:	Vietnam
:	Zambia
:	?


Substitution rate (mu): 26.534339

Equilibrium frequencies (pi_i):
  A: 0.0184
  B: 0.0155
  C: 0.0072
  D: 0.0194
  E: 0.0204
  F: 0.0171
  G: 0.008
  H: 0.0193
  I: 0.0017
  J: 0.0195
  K: 0.0102
  L: 0.0054
  M: 0.0198
  N: 0.0175
  O: 0.0201
  P: 0.014
  Q: 0.0195
  R: 0.0138
  S: 0.0176
  T: 0.0081
  U: 0.0059
  V: 0.0187
  W: 0.0199
  X: 0.0179
  Y: 0.0195
  Z: 0.0201
  [: 0.0176
  \: 0.0144
  ]: 0.0067
  ^: 0.0172
  _: 0.0191
  `: 0.019
  a: 0.02
  b: 0.0156
  c: 0.0114
  d: 0.012
  e: 0.0048
  f: 0.0176
  g: 0.0179
  h: 0.0188
  i: 0.0199
  j: 0.0201
  k: 0.0191
  l: 0.0199
  m: 0.0202
  n: 0.0175
  o: 0.0105
  p: 0.016
  q: 0.0153
  r: 0.0152
  s: 0.0065
  t: 0.0179
  u: 0.02
  v: 0.0146
  w: 0.0161
  x: 0.0129
  y: 0.0118
  z: 0.0202
  {: 0.0194
  |: 0.0188
  }: 0.0093
  ~: 0.0176
  : 0.0045
  : 0.0109
  : 0.0194

Symmetrized rates from j->i (W_ij):
	A	B	C	D	E	F	G	H	I	J	K	L	M	N	O	P	Q	R	S	T	U	V	W	X	Y	Z	[	\	]	^	_	`	a	b	c	d	e	f	g	h	i	j	k	l	m	n	o	p	q	r	s	t	u	v	w	x	y	z	{	|	}	~			
  A	0	0.9659	0.9645	0.9659	0.9656	0.9653	0.9648	0.9659	0.9441	0.966	0.9644	0.9451	0.9659	0.966	0.966	0.9659	0.9659	0.9569	0.9659	0.9657	0.9606	0.9659	0.9659	0.9659	0.965	0.9659	0.9659	0.9626	1.1649	0.9659	0.9659	0.966	0.9659	0.9659	0.9641	0.9619	0.9598	0.9661	0.9659	0.966	0.9659	0.9659	0.9659	0.9659	0.9659	0.9659	0.9611	0.9659	0.966	0.966	0.9609	0.9637	0.966	0.9659	0.966	0.9655	0.9606	0.9659	0.9658	0.966	0.9652	0.966	1.1872	0.959	0.9659
  B	0.9659	0	0.9644	0.9657	0.9655	0.9653	0.9648	0.9657	1.4885	0.9659	0.9646	0.9473	0.9657	0.9659	0.9658	0.9658	0.9657	0.9583	0.9658	0.9656	0.9614	0.9657	0.9657	0.9658	0.965	0.9657	0.9658	0.963	0.9636	0.9658	0.9658	0.9658	0.9658	0.9658	0.9643	0.9623	0.9603	0.9683	0.9658	0.9658	0.9658	0.9657	0.9658	0.9657	0.9657	0.9658	0.9616	0.9658	0.9658	0.9658	0.9612	0.9639	0.9658	0.9658	0.9658	0.9654	0.9613	0.9658	0.9657	0.9658	0.9683	0.9658	1.7539	0.9599	0.9658
  C	0.9645	0.9644	0	0.964	0.967	0.9651	1.0227	0.9641	0.9593	0.9919	1.0388	2.9347	0.964	0.9643	0.9641	0.9654	0.9643	0.9617	0.9642	0.9652	1.6212	0.9642	0.9639	1.2095	0.9639	0.9639	0.9642	0.9901	1.5111	0.9649	0.9641	0.9641	0.9639	0.9658	0.9644	0.9675	2.5621	1.2036	0.9643	0.9641	0.9639	0.9639	0.9641	0.9639	0.9639	0.9642	2.2058	0.9644	1.0567	0.965	1.0652	0.9634	1.1237	0.9649	0.9645	0.9683	0.9631	0.9639	0.9642	0.9641	0.9657	0.9642	8.342	0.9659	0.9827
  D	0.9659	0.9657	0.964	0	0.9655	0.9654	0.9645	0.9658	0.9416	0.966	0.9642	0.9423	0.9658	0.9663	0.9659	0.9659	0.9658	3.3601	0.9658	0.9655	0.9605	0.9658	0.9658	0.9658	0.9649	0.9658	0.9658	1.4437	0.9629	0.9658	0.9658	0.9658	0.9658	0.9658	0.9639	0.9614	0.9589	0.966	0.9658	0.9659	0.9658	0.9658	0.9659	0.9658	0.9658	0.9658	0.9606	0.9658	0.9659	0.9659	0.9598	0.9639	0.9659	0.9658	0.9659	0.9652	0.9601	0.9658	0.9657	0.9659	0.9653	0.9658	0.8996	0.9584	0.9659
  E	0.9656	0.9655	0.967	0.9655	0	0.9864	0.9644	0.9656	0.9405	0.9656	0.9639	0.9986	0.9656	0.9656	1.2224	0.9656	0.9659	0.9562	0.9656	0.9654	0.9602	0.9656	0.9655	0.966	0.9646	0.9658	0.9656	0.962	0.9936	0.9658	0.9656	0.9655	0.9657	0.9657	0.9637	3.0717	1.5022	0.9659	0.9656	0.9655	0.9655	0.9655	0.9656	0.9655	0.9655	0.9656	4.3556	0.9655	0.9659	0.9657	1.0963	0.9631	0.9657	0.9656	0.9656	0.9895	0.9597	0.9655	0.9656	0.9655	0.9649	0.9656	0.8974	1.1306	0.9656
  F	0.9653	0.9653	0.9651	0.9654	0.9864	0	0.9676	0.9652	1.072	0.9653	0.9642	1.2413	0.9654	0.9663	0.9655	1.6426	0.9657	5.5488	0.9653	0.9656	0.9656	1.1123	0.9657	0.9658	0.9644	0.9653	0.9653	0.9669	0.9648	0.9655	0.9653	0.9652	0.9652	0.9656	1.1443	0.9636	4.6214	0.9659	0.9653	0.9652	0.9652	0.9651	0.9655	0.9652	0.9652	0.9653	3.2764	0.9653	0.966	0.9656	0.9642	1.0614	0.9655	0.9655	0.9655	0.9654	1.0184	0.9652	0.9655	0.9652	1.2376	0.9653	1.2217	0.962	0.9653
  G	0.9648	0.9648	1.0227	0.9645	0.9644	0.9676	0	0.9645	2.4158	0.9647	0.9653	0.9983	0.9645	0.9651	0.9645	0.9654	0.9645	0.9699	0.9647	0.9989	1.4991	1.0132	0.9645	0.9647	0.9642	0.9645	0.9646	0.9639	0.9675	0.9648	0.9645	0.9646	0.9645	0.965	0.9891	0.9634	1.0213	0.965	0.9876	0.9646	0.9645	0.9644	0.9647	0.9645	0.9644	0.9647	1.3711	0.9648	1.4066	0.965	1.0111	1.3783	0.9645	0.965	0.9649	0.9664	1.9322	0.9644	0.9645	1.2341	0.9677	0.968	6.6011	0.9624	0.9647
  H	0.9659	0.9657	0.9641	0.9658	0.9656	0.9652	0.9645	0	0.9446	0.9659	0.9642	1.321	0.9658	0.9659	0.9659	0.9657	0.9658	0.9564	0.9658	0.9655	0.9603	0.9658	0.9658	0.9659	0.9649	0.9658	0.9658	0.9623	1.1204	0.9658	0.9658	0.9658	0.9658	0.9658	0.9638	1.4433	0.9592	0.9661	0.9658	0.9658	0.9658	0.9657	0.9658	0.9658	0.9658	0.9658	0.9611	0.9658	0.9659	0.9658	1.097	0.9634	0.9659	0.9658	0.9658	0.9653	0.9602	0.9658	0.9657	0.9658	0.9648	0.9658	0.9008	2.408	0.9658
  I	0.9441	1.4885	0.9593	0.9416	0.9405	1.072	2.4158	0.9446	0	0.9417	1.4374	2.7298	0.941	0.9447	0.9407	1.2628	0.9414	1.1969	0.944	1.0175	2.874	0.9425	0.9409	0.9435	0.9414	0.9406	0.9438	1.0204	1.8097	0.9447	0.942	0.9424	0.9408	0.9478	3.2333	0.9511	0.9638	0.9516	0.9437	0.9426	0.9409	0.9407	1.3889	0.9409	0.9406	0.944	1.5685	0.946	0.947	0.9472	2.9894	1.4834	0.9408	0.9483	0.9462	1.0652	2.3855	0.9406	0.9416	0.9426	0.9732	0.9445	83.0915	2.2543	0.9419
  J	0.966	0.9659	0.9919	0.966	0.9656	0.9653	0.9647	0.9659	0.9417	0	1.2162	0.9424	0.9659	0.966	0.966	0.9659	0.9659	0.9567	0.966	0.9656	0.9602	0.9659	0.9659	0.9659	0.965	0.9659	0.966	1.1013	0.963	0.9659	0.966	0.966	0.966	0.9659	0.9639	0.9615	0.9593	0.9662	0.966	0.966	0.966	0.9659	0.966	0.9659	0.9659	0.966	0.9606	0.9659	0.966	0.966	0.96	0.9636	0.966	0.9659	0.9661	0.9653	0.9602	0.966	0.9659	0.966	0.965	0.966	0.9955	0.9585	1.0358
  K	0.9644	0.9646	1.0388	0.9642	0.9639	0.9642	0.9653	0.9642	1.4374	1.2162	0	0.9545	0.9641	0.9647	0.9641	0.9648	0.9641	0.9603	0.9643	0.9651	0.9833	0.9642	0.9641	0.9643	0.9637	0.9641	0.9643	1.2125	0.9643	0.9645	0.9642	0.9642	0.9641	0.9646	1.0257	0.9626	0.9625	0.9645	0.9643	1.2313	0.9641	0.9641	0.9642	0.9641	0.9641	0.9643	0.9624	0.9645	0.9647	0.9646	1.0094	0.9633	0.9642	0.9647	0.9647	0.9649	0.9623	0.9641	0.9641	0.9643	1.447	0.9643	4.4248	0.9613	1.1477
  L	0.9451	0.9473	2.9347	0.9423	0.9986	1.2413	0.9983	1.321	2.7298	0.9424	0.9545	0	0.9422	0.9463	0.9427	0.9502	1.1953	0.9593	0.9446	0.9686	13.406	0.9492	0.9418	1.5818	1.2811	0.9416	0.9446	1.2861	5.5499	2.5189	0.9429	0.9432	0.9417	0.9498	0.954	9.6757	5.1576	1.3216	0.951	0.9432	0.9418	0.9449	0.943	0.9418	0.9414	0.9446	9.2819	0.9467	1.4673	1.097	7.9543	0.9447	0.9421	1.342	0.9567	4.261	2.1359	0.9414	1.2818	0.9432	1.5498	0.9446	15.8051	12.2389	1.1084
  M	0.9659	0.9657	0.964	0.9658	0.9656	0.9654	0.9645	0.9658	0.941	0.9659	0.9641	0.9422	0	0.9659	0.9659	0.9658	0.9658	0.9562	0.9658	0.9655	0.96	0.9658	0.9658	0.9659	0.9649	0.9658	0.9658	0.9622	0.9629	0.9658	0.9658	0.9658	0.9658	0.9658	0.9637	0.9614	2.3968	0.9661	0.9658	0.9658	0.9658	0.9658	0.9659	0.9658	0.9658	0.9658	0.9605	0.9658	0.966	0.9659	0.9598	0.9634	0.966	0.9658	0.9659	0.9651	0.96	0.9658	0.9658	0.9658	0.9649	0.9658	0.8984	0.9584	0.9658
  N	0.966	0.9659	0.9643	0.9663	0.9656	0.9663	0.9651	0.9659	0.9447	0.966	0.9647	0.9463	0.9659	0	0.966	0.9663	0.9659	1.6039	0.9659	0.9656	0.9878	0.9661	0.9659	0.9659	0.9651	0.9659	0.9659	0.9634	0.9634	0.966	0.9659	0.9659	0.9659	0.966	0.9663	0.9619	0.9615	0.9662	0.9659	0.9659	0.9659	0.9659	0.9659	0.9659	0.9659	0.9659	0.9612	0.9659	0.966	0.966	0.9605	1.3848	0.966	0.9659	0.966	0.9654	0.9613	0.966	0.9658	0.9659	0.9978	0.9659	1.369	0.9593	0.9659
  O	0.966	0.9658	0.9641	0.9659	1.2224	0.9655	0.9645	0.9659	0.9407	0.966	0.9641	0.9427	0.9659	0.966	0	0.9658	0.9661	0.9562	0.9659	0.9655	0.9599	0.9659	0.9659	0.966	0.965	1.2205	0.9659	0.9622	0.9632	0.966	0.9659	0.9659	0.966	0.9659	0.9638	0.9626	0.987	0.9661	0.9659	0.9659	0.9659	0.9659	0.966	0.9659	0.9659	0.9659	1.8009	0.9659	0.966	0.9659	0.9597	0.9635	0.966	0.9658	0.9659	1.0318	0.96	0.9659	0.9659	0.9659	0.9648	0.9659	0.8975	0.9584	0.9659
  P	0.9659	0.9658	0.9654	0.9659	0.9656	1.6426	0.9654	0.9657	1.2628	0.9659	0.9648	0.9502	0.9658	0.9663	0.9658	0	0.9657	2.3174	0.9657	0.9657	1.1712	0.9659	0.9657	0.9658	0.965	0.9657	0.9657	1.1811	0.9641	0.9659	0.9657	0.9657	0.9657	0.9677	0.9852	0.9627	1.2872	0.966	0.9658	0.9658	0.9657	0.9657	0.9658	0.9657	0.9657	0.9657	0.9658	0.9658	0.9659	0.9659	0.9618	0.965	0.9658	0.9658	1.3171	0.9656	0.9619	0.9657	0.9657	0.9658	2.9017	0.9657	2.687	0.9608	0.9658
  Q	0.9659	0.9657	0.9643	0.9658	0.9659	0.9657	0.9645	0.9658	0.9414	0.9659	0.9641	1.1953	0.9658	0.9659	0.9661	0.9657	0	0.9565	0.9658	0.9655	0.9602	0.9658	0.9658	0.966	0.9649	0.9659	0.9658	0.9623	0.9632	0.9659	0.9658	0.9658	0.9658	0.9658	0.9638	0.9651	1.6105	0.9662	0.9658	0.9658	0.9658	0.9658	0.9659	0.9658	0.9658	0.9658	2.0775	0.9658	0.966	0.9659	0.9601	0.9634	0.9659	0.9658	0.9659	0.9654	0.9601	0.9658	0.9658	0.9658	0.9649	0.9658	0.8995	0.9587	0.9658
  R	0.9569	0.9583	0.9617	3.3601	0.9562	5.5488	0.9699	0.9564	1.1969	0.9567	0.9603	0.9593	0.9562	1.6039	0.9562	2.3174	0.9565	0	0.9573	0.962	1.6054	2.0708	0.9561	0.9574	0.9557	0.956	0.9573	4.5634	0.9613	0.9579	0.9566	0.9566	0.9561	0.9587	1.1265	0.9575	6.6264	0.9579	0.9572	0.9567	0.9562	0.956	0.9568	0.9561	0.9561	0.9573	1.0452	0.9581	0.959	0.9587	0.9591	7.6022	0.9564	0.9591	0.9583	0.9593	0.9581	0.9561	0.9566	0.9567	1.7944	0.9573	1.5544	0.9561	0.9569
  S	0.9659	0.9658	0.9642	0.9658	0.9656	0.9653	0.9647	0.9658	0.944	0.966	0.9643	0.9446	0.9658	0.9659	0.9659	0.9657	0.9658	0.9573	0	0.9655	0.9606	0.9658	0.9658	0.9658	0.965	0.9659	0.9659	0.9626	0.9632	0.9658	0.9659	0.9659	0.9659	0.9658	0.964	0.9619	0.9595	0.966	0.9659	0.9659	0.9659	0.9658	0.9659	0.9658	0.9658	0.9659	0.9617	0.9658	0.9659	0.9659	0.9604	0.9637	0.9659	0.9658	0.9659	0.9653	0.9607	0.9659	0.9658	0.9659	0.965	0.9659	1.3588	0.9591	0.9658
  T	0.9657	0.9656	0.9652	0.9655	0.9654	0.9656	0.9989	0.9655	1.0175	0.9656	0.9651	0.9686	0.9655	0.9656	0.9655	0.9657	0.9655	0.962	0.9655	0	0.9642	0.9678	0.9655	0.9656	0.9651	0.9655	0.9655	0.9643	0.9648	0.9656	0.9655	0.9655	0.9655	0.9657	1.1655	0.9639	1.1225	0.9656	0.9672	0.9656	0.9655	0.9654	1.2238	0.9655	0.9655	0.9655	0.9638	0.9656	1.4938	0.9657	0.9808	0.9646	0.9655	0.9657	0.9657	0.9661	0.9633	0.9655	0.9655	0.9656	0.9657	0.9655	6.8172	0.9627	0.9656
  U	0.9606	0.9614	1.6212	0.9605	0.9602	0.9656	1.4991	0.9603	2.874	0.9602	0.9833	13.406	0.96	0.9878	0.9599	1.1712	0.9602	1.6054	0.9606	0.9642	0	0.9773	0.9599	0.9623	0.9601	0.9598	0.9606	1.3285	0.9671	0.9611	0.9603	0.9602	0.9599	2.4531	2.0076	0.9628	4.1751	1.3184	0.961	0.9603	0.9599	0.9598	0.9605	0.9599	0.9599	0.9606	1.0864	0.9612	0.9829	0.9972	0.9674	1.0807	0.9609	0.9624	0.9614	1.0158	0.9668	0.9599	0.9609	0.9603	1.13	0.9607	8.8985	2.2799	0.9604
  V	0.9659	0.9657	0.9642	0.9658	0.9656	1.1123	1.0132	0.9658	0.9425	0.9659	0.9642	0.9492	0.9658	0.9661	0.9659	0.9659	0.9658	2.0708	0.9658	0.9678	0.9773	0	0.9658	0.9658	0.9649	0.9658	0.9658	0.9626	0.9631	0.9658	0.9658	0.9658	0.9658	0.9658	0.964	0.9617	1.89	0.9661	0.9677	0.9658	0.9658	0.9657	0.9659	0.9658	0.9658	0.9658	0.9611	0.9658	1.0341	0.9659	0.9893	0.9639	0.9659	0.9658	0.9658	0.9652	0.9603	0.9658	0.9658	0.9658	0.9653	0.9658	1.07	0.9588	0.9658
  W	0.9659	0.9657	0.9639	0.9658	0.9655	0.9657	0.9645	0.9658	0.9409	0.9659	0.9641	0.9418	0.9658	0.9659	0.9659	0.9657	0.9658	0.9561	0.9658	0.9655	0.9599	0.9658	0	0.9658	0.9649	0.9658	0.9658	0.9622	0.9628	0.9658	0.9658	0.9658	0.9658	0.9658	0.9637	0.9614	1.4375	0.9661	0.9658	0.9659	0.9658	0.9658	0.9659	0.9658	0.9658	0.9658	0.9605	0.9658	0.9659	0.9659	0.9597	0.9634	0.9659	0.9658	0.9659	0.9651	0.96	0.9658	0.9658	0.9659	0.9648	0.9658	0.898	0.9583	0.9658
  X	0.9659	0.9658	1.2095	0.9658	0.966	0.9658	0.9647	0.9659	0.9435	0.9659	0.9643	1.5818	0.9659	0.9659	0.966	0.9658	0.966	0.9574	0.9658	0.9656	0.9623	0.9658	0.9658	0	0.9651	0.9659	0.9658	0.9627	0.9641	0.966	0.9658	0.9658	0.9658	0.9659	0.964	1.1135	1.1437	0.9664	0.9659	0.9658	0.9659	0.9658	0.9659	0.9658	0.9658	0.9658	1.3693	0.9658	0.9661	0.9659	0.9612	0.9637	0.966	0.9659	0.9659	0.9657	0.9607	0.9658	0.9659	0.9658	0.9651	0.9658	1.1405	1.0537	0.9659
  Y	0.965	0.965	0.9639	0.9649	0.9646	0.9644	0.9642	0.9649	0.9414	0.965	0.9637	1.2811	0.9649	0.9651	0.965	0.965	0.9649	0.9557	0.965	0.9651	0.9601	0.9649	0.9649	0.9651	0	0.9649	0.965	0.9616	0.963	0.9651	0.9649	0.9649	0.9649	0.965	0.9632	0.963	0.9588	0.9653	0.965	0.965	0.9649	0.9648	0.965	0.9649	0.9649	0.965	0.9606	0.9651	0.9653	0.9652	1.0956	0.9626	0.965	0.9651	0.9651	0.9649	0.9597	0.9649	0.9649	0.965	0.9644	0.965	0.9004	0.9591	0.9649
  Z	0.9659	0.9657	0.9639	0.9658	0.9658	0.9653	0.9645	0.9658	0.9406	0.9659	0.9641	0.9416	0.9658	0.9659	1.2205	0.9657	0.9659	0.956	0.9659	0.9655	0.9598	0.9658	0.9658	0.9659	0.9649	0	0.9659	0.9621	0.9628	0.9658	0.9658	0.9658	0.9659	0.9658	0.9637	0.9615	0.9643	0.966	0.9658	0.9659	0.9658	0.9658	0.9659	0.9658	0.9658	0.9659	1.1957	0.9658	0.9659	0.9659	0.9596	0.9634	0.9659	0.9658	0.9659	0.9652	0.9599	0.9658	0.9658	0.9659	0.9648	0.9659	0.8972	0.9582	0.9658
  [	0.9659	0.9658	0.9642	0.9658	0.9656	0.9653	0.9646	0.9658	0.9438	0.966	0.9643	0.9446	0.9658	0.9659	0.9659	0.9657	0.9658	0.9573	0.9659	0.9655	0.9606	0.9658	0.9658	0.9658	0.965	0.9659	0	0.9626	0.9632	0.9658	0.9659	0.9659	0.9659	0.9658	0.964	0.9619	0.9595	0.966	0.9659	0.9659	0.9659	0.9658	0.9659	0.9658	0.9658	0.9659	0.9611	0.9662	0.9659	0.9659	0.9604	0.9637	0.9659	0.9658	0.9659	0.9653	0.9607	0.9659	0.9658	0.9659	0.9649	0.9659	1.3581	0.9591	0.9658
  \	0.9626	0.963	0.9901	1.4437	0.962	0.9669	0.9639	0.9623	1.0204	1.1013	1.2125	1.2861	0.9622	0.9634	0.9622	1.1811	0.9623	4.5634	0.9626	0.9643	1.3285	0.9626	0.9622	0.9627	0.9616	0.9621	0.9626	0	0.9631	0.9628	0.9624	0.9624	0.9622	0.9663	0.9628	0.9609	2.9508	0.963	0.9626	0.9625	0.9622	0.9621	0.9624	0.9622	0.9621	0.9626	0.9609	0.963	0.9633	0.9633	1.1194	1.2496	0.9623	0.9633	1.5567	0.9634	0.9737	0.9621	0.9623	0.9624	1.0874	0.9626	2.3121	0.9591	1.1609
  ]	1.1649	0.9636	1.5111	0.9629	0.9936	0.9648	0.9675	1.1204	1.8097	0.963	0.9643	5.5499	0.9629	0.9634	0.9632	0.9641	0.9632	0.9613	0.9632	0.9648	0.9671	0.9631	0.9628	0.9641	0.963	0.9628	0.9632	0.9631	0	0.9665	0.963	1.2505	0.9628	0.9638	0.9751	3.8068	1.7625	0.9641	0.9633	0.9631	0.9628	0.9628	0.963	0.9628	0.9628	0.9632	3.1078	0.9636	0.9639	0.9691	2.8322	0.9625	0.9629	0.9641	0.9636	1.9099	1.4424	0.9628	1.0202	0.9631	1.5297	0.9632	7.575	2.3366	0.9632
  ^	0.9659	0.9658	0.9649	0.9658	0.9658	0.9655	0.9648	0.9658	0.9447	0.9659	0.9645	2.5189	0.9658	0.966	0.966	0.9659	0.9659	0.9579	0.9658	0.9656	0.9611	0.9658	0.9658	0.966	0.9651	0.9658	0.9658	0.9628	0.9665	0	0.9658	0.9658	0.9658	0.9658	0.9641	1.612	0.9614	0.9663	0.9658	0.9658	0.9658	0.9658	0.9658	0.9658	0.9658	0.9658	1.6486	0.9658	0.9659	0.9659	0.9609	0.9638	0.9659	0.9659	0.9659	0.9655	0.961	0.9658	0.9658	0.9658	1.299	0.9658	1.0978	0.9595	0.9658
  _	0.9659	0.9658	0.9641	0.9658	0.9656	0.9653	0.9645	0.9658	0.942	0.966	0.9642	0.9429	0.9658	0.9659	0.9659	0.9657	0.9658	0.9566	0.9659	0.9655	0.9603	0.9658	0.9658	0.9658	0.9649	0.9658	0.9659	0.9624	0.963	0.9658	0	0.9659	0.9658	0.9658	0.9638	0.9615	1.2896	0.9661	0.9659	0.9659	0.9659	0.9658	0.9659	0.9658	0.9658	0.9659	0.9607	0.9658	0.966	0.9659	0.96	0.9635	0.9659	0.9658	0.9659	0.9652	0.9602	0.9659	0.9658	0.9659	0.9649	0.9659	1.0434	0.9587	0.9658
  `	0.966	0.9658	0.9641	0.9658	0.9655	0.9652	0.9646	0.9658	0.9424	0.966	0.9642	0.9432	0.9658	0.9659	0.9659	0.9657	0.9658	0.9566	0.9659	0.9655	0.9602	0.9658	0.9658	0.9658	0.9649	0.9658	0.9659	0.9624	1.2505	0.9658	0.9659	0	0.9659	0.9658	0.9639	0.9616	0.9591	0.9661	0.9659	0.9659	0.9659	0.9658	0.9659	0.9658	0.9658	0.9659	0.9607	0.9658	0.9659	0.9659	0.9601	0.9635	0.9659	0.9658	0.9659	0.9653	0.9603	0.9659	0.9658	0.9659	0.9649	0.9659	1.0904	0.9587	0.9658
  a	0.9659	0.9658	0.9639	0.9658	0.9657	0.9652	0.9645	0.9658	0.9408	0.966	0.9641	0.9417	0.9658	0.9659	0.966	0.9657	0.9658	0.9561	0.9659	0.9655	0.9599	0.9658	0.9658	0.9658	0.9649	0.9659	0.9659	0.9622	0.9628	0.9658	0.9658	0.9659	0	0.9658	0.9637	0.9614	0.9586	0.9661	0.9658	0.9659	0.9658	0.9658	0.9659	0.9658	0.9658	0.9659	1.4407	0.9658	0.9659	0.9659	0.9597	0.9634	0.9659	0.9658	0.9659	0.9652	0.9599	0.9658	0.9658	0.9659	0.9648	0.9659	0.8976	0.9582	0.9658
  b	0.9659	0.9658	0.9658	0.9658	0.9657	0.9656	0.965	0.9658	0.9478	0.9659	0.9646	0.9498	0.9658	0.966	0.9659	0.9677	0.9658	0.9587	0.9658	0.9657	2.4531	0.9658	0.9658	0.9659	0.965	0.9658	0.9658	0.9663	0.9638	0.9658	0.9658	0.9658	0.9658	0	0.9644	0.9624	2.8823	1.4495	0.9658	0.9658	0.9658	0.9657	0.9659	0.9658	0.9658	0.9658	0.9621	0.9658	0.9661	1.3534	0.9614	0.9641	0.9661	0.9658	0.9659	0.9656	0.9613	0.9658	0.9658	0.9658	0.9657	0.9658	1.9207	1.445	0.9658
  c	0.9641	0.9643	0.9644	0.9639	0.9637	1.1443	0.9891	0.9638	3.2333	0.9639	1.0257	0.954	0.9637	0.9663	0.9638	0.9852	0.9638	1.1265	0.964	1.1655	2.0076	0.964	0.9637	0.964	0.9632	0.9637	0.964	0.9628	0.9751	0.9641	0.9638	0.9639	0.9637	0.9644	0	0.9623	1.0088	0.9642	0.964	0.9639	0.9637	0.9637	1.2389	0.9637	0.9637	0.964	1.1564	0.9642	1.0682	0.9644	0.9622	0.9696	0.9638	0.9644	0.9643	0.9647	0.9615	0.9637	0.9637	0.9639	0.9799	0.964	3.0899	0.9607	0.9638
  d	0.9619	0.9623	0.9675	0.9614	3.0717	0.9636	0.9634	1.4433	0.9511	0.9615	0.9626	9.6757	0.9614	0.9619	0.9626	0.9627	0.9651	0.9575	0.9619	0.9639	0.9628	0.9617	0.9614	1.1135	0.963	0.9615	0.9619	0.9609	3.8068	1.612	0.9615	0.9616	0.9614	0.9624	0.9623	0	2.7599	0.9632	0.9619	0.9616	0.9614	1.406	0.9616	0.9613	0.9613	0.9619	8.4354	0.9622	0.9629	0.9653	3.1822	0.9604	0.9615	0.9627	0.9622	1.842	0.9605	0.9613	0.9681	0.9616	0.9643	0.9619	0.9281	0.999	0.9619
  e	0.9598	0.9603	2.5621	0.9589	1.5022	4.6214	1.0213	0.9592	0.9638	0.9593	0.9625	5.1576	2.3968	0.9615	0.987	1.2872	1.6105	6.6264	0.9595	1.1225	4.1751	1.89	1.4375	1.1437	0.9588	0.9643	0.9595	2.9508	1.7625	0.9614	1.2896	0.9591	0.9586	2.8823	1.0088	2.7599	0	1.318	1.1736	0.9591	1.4386	0.991	1.4707	1.4378	0.9585	0.9595	9.702	0.9602	2.1528	1.2746	2.5039	0.9609	1.2547	1.4413	0.9606	0.984	1.2405	0.9585	1.4576	0.9591	2.8106	0.9595	15.5106	2.7099	1.5531
  f	0.9661	0.9683	1.2036	0.966	0.9659	0.9659	0.965	0.9661	0.9516	0.9662	0.9645	1.3216	0.9661	0.9662	0.9661	0.966	0.9662	0.9579	0.966	0.9656	1.3184	0.9661	0.9661	0.9664	0.9653	0.966	0.966	0.963	0.9641	0.9663	0.9661	0.9661	0.9661	1.4495	0.9642	0.9632	1.318	0	0.9661	0.9661	0.9661	0.966	0.9661	0.9661	0.966	0.966	0.9636	0.966	0.9665	0.9661	0.9615	0.964	1.2766	0.9661	0.9661	0.966	0.961	0.9661	0.9661	0.9661	0.9694	0.966	1.356	0.9608	0.9661
  g	0.9659	0.9658	0.9643	0.9658	0.9656	0.9653	0.9876	0.9658	0.9437	0.966	0.9643	0.951	0.9658	0.9659	0.9659	0.9658	0.9658	0.9572	0.9659	0.9672	0.961	0.9677	0.9658	0.9659	0.965	0.9658	0.9659	0.9626	0.9633	0.9658	0.9659	0.9659	0.9658	0.9658	0.964	0.9619	1.1736	0.9661	0	0.9659	0.9659	0.9658	0.9659	0.9658	0.9658	0.9659	0.9611	0.9658	0.9959	0.9659	1.2398	0.9637	0.9659	0.9658	0.9659	0.9653	0.9606	0.9658	0.9658	0.9659	0.965	0.9659	1.3005	0.9591	0.9659
  h	0.966	0.9658	0.9641	0.9659	0.9655	0.9652	0.9646	0.9658	0.9426	0.966	1.2313	0.9432	0.9658	0.9659	0.9659	0.9658	0.9658	0.9567	0.9659	0.9656	0.9603	0.9658	0.9659	0.9658	0.965	0.9659	0.9659	0.9625	0.9631	0.9658	0.9659	0.9659	0.9659	0.9658	0.9639	0.9616	0.9591	0.9661	0.9659	0	0.9659	0.9658	0.9659	0.9659	0.9658	0.9659	0.9607	0.9659	0.9659	0.9659	0.9601	0.9636	0.9659	0.9658	0.9659	0.9653	0.9603	0.9659	0.9658	0.9659	0.9651	0.9659	1.1269	0.9587	0.9659
  i	0.9659	0.9658	0.9639	0.9658	0.9655	0.9652	0.9645	0.9658	0.9409	0.966	0.9641	0.9418	0.9658	0.9659	0.9659	0.9657	0.9658	0.9562	0.9659	0.9655	0.9599	0.9658	0.9658	0.9659	0.9649	0.9658	0.9659	0.9622	0.9628	0.9658	0.9659	0.9659	0.9658	0.9658	0.9637	0.9614	1.4386	0.9661	0.9659	0.9659	0	0.9658	0.9659	0.9658	0.9658	0.9659	0.9605	0.9658	0.966	0.9659	0.9597	0.9634	0.966	0.9658	0.9659	0.9652	0.96	0.9659	0.9658	0.9659	0.9648	0.9659	0.898	0.9583	0.9658
  j	0.9659	0.9657	0.9639	0.9658	0.9655	0.9651	0.9644	0.9657	0.9407	0.9659	0.9641	0.9449	0.9658	0.9659	0.9659	0.9657	0.9658	0.956	0.9658	0.9654	0.9598	0.9657	0.9658	0.9658	0.9648	0.9658	0.9658	0.9621	0.9628	0.9658	0.9658	0.9658	0.9658	0.9657	0.9637	1.406	0.991	0.966	0.9658	0.9658	0.9658	0	0.9658	0.9658	0.9658	0.9658	0.9611	0.9658	0.9659	0.9658	0.9597	0.9633	0.9659	0.9658	0.9658	0.9651	0.9599	0.9658	0.9657	0.9658	0.9647	0.9658	0.8975	0.9582	0.9658
  k	0.9659	0.9658	0.9641	0.9659	0.9656	0.9655	0.9647	0.9658	1.3889	0.966	0.9642	0.943	0.9659	0.9659	0.966	0.9658	0.9659	0.9568	0.9659	1.2238	0.9605	0.9659	0.9659	0.9659	0.965	0.9659	0.9659	0.9624	0.963	0.9658	0.9659	0.9659	0.9659	0.9659	1.2389	0.9616	1.4707	0.9661	0.9659	0.9659	0.9659	0.9658	0	0.9659	0.9659	0.9659	0.961	0.9658	1.0998	0.9659	0.9601	0.9636	0.966	0.9658	0.9659	0.9653	0.9602	0.9659	0.9658	0.9659	0.9649	0.9659	0.9614	0.9589	0.9659
  l	0.9659	0.9657	0.9639	0.9658	0.9655	0.9652	0.9645	0.9658	0.9409	0.9659	0.9641	0.9418	0.9658	0.9659	0.9659	0.9657	0.9658	0.9561	0.9658	0.9655	0.9599	0.9658	0.9658	0.9658	0.9649	0.9658	0.9658	0.9622	0.9628	0.9658	0.9658	0.9658	0.9658	0.9658	0.9637	0.9613	1.4378	0.9661	0.9658	0.9659	0.9658	0.9658	0.9659	0	0.9658	0.9658	0.9604	0.9658	0.9659	0.9659	0.9597	0.9634	0.9659	0.9658	0.9659	0.9651	0.96	0.9658	0.9658	0.9659	0.9648	0.9658	0.898	0.9583	0.9658
  m	0.9659	0.9657	0.9639	0.9658	0.9655	0.9652	0.9644	0.9658	0.9406	0.9659	0.9641	0.9414	0.9658	0.9659	0.9659	0.9657	0.9658	0.9561	0.9658	0.9655	0.9599	0.9658	0.9658	0.9658	0.9649	0.9658	0.9658	0.9621	0.9628	0.9658	0.9658	0.9658	0.9658	0.9658	0.9637	0.9613	0.9585	0.966	0.9658	0.9658	0.9658	0.9658	0.9659	0.9658	0	0.9658	0.9603	0.9658	0.9659	0.9658	0.9596	0.9634	0.9659	0.9658	0.9659	0.9651	0.9599	0.9658	0.9657	0.9658	1.4504	0.9658	0.9005	0.9581	0.9658
  n	0.9659	0.9658	0.9642	0.9658	0.9656	0.9653	0.9647	0.9658	0.944	0.966	0.9643	0.9446	0.9658	0.9659	0.9659	0.9657	0.9658	0.9573	0.9659	0.9655	0.9606	0.9658	0.9658	0.9658	0.965	0.9659	0.9659	0.9626	0.9632	0.9658	0.9659	0.9659	0.9659	0.9658	0.964	0.9619	0.9595	0.966	0.9659	0.9659	0.9659	0.9658	0.9659	0.9658	0.9658	0	0.9611	0.9658	0.9659	0.9659	0.9604	0.9637	0.9659	0.9658	0.9659	0.9653	0.9607	0.9659	0.9658	0.9659	0.965	0.9659	1.3594	0.9591	0.9658
  o	0.9611	0.9616	2.2058	0.9606	4.3556	3.2764	1.3711	0.9611	1.5685	0.9606	0.9624	9.2819	0.9605	0.9612	1.8009	0.9658	2.0775	1.0452	0.9617	0.9638	1.0864	0.9611	0.9605	1.3693	0.9606	1.1957	0.9611	0.9609	3.1078	1.6486	0.9607	0.9607	1.4407	0.9621	1.1564	8.4354	9.702	0.9636	0.9611	0.9607	0.9605	0.9611	0.961	0.9604	0.9603	0.9611	0	0.9615	1.0163	0.9663	1.3161	0.9632	0.961	0.9622	0.9615	2.0228	0.9604	0.9603	1.0283	0.9608	1.0131	0.9611	1.9338	1.4994	0.9611
  p	0.9659	0.9658	0.9644	0.9658	0.9655	0.9653	0.9648	0.9658	0.946	0.9659	0.9645	0.9467	0.9658	0.9659	0.9659	0.9658	0.9658	0.9581	0.9658	0.9656	0.9612	0.9658	0.9658	0.9658	0.9651	0.9658	0.9662	0.963	0.9636	0.9658	0.9658	0.9658	0.9658	0.9658	0.9642	0.9622	0.9602	0.966	0.9658	0.9659	0.9658	0.9658	0.9658	0.9658	0.9658	0.9658	0.9615	0	0.9659	0.9659	0.961	0.9639	0.9659	2.2755	0.9659	0.9655	0.9612	0.9658	0.9657	0.9659	0.9651	0.9658	1.791	0.9597	0.9658
  q	0.966	0.9658	1.0567	0.9659	0.9659	0.966	1.4066	0.9659	0.947	0.966	0.9647	1.4673	0.966	0.966	0.966	0.9659	0.966	0.959	0.9659	1.4938	0.9829	1.0341	0.9659	0.9661	0.9653	0.9659	0.9659	0.9633	0.9639	0.9659	0.966	0.9659	0.9659	0.9661	1.0682	0.9629	2.1528	0.9665	0.9959	0.9659	0.966	0.9659	1.0998	0.9659	0.9659	0.9659	1.0163	0.9659	0	0.9661	1.0434	0.9641	0.9661	0.966	0.966	0.9656	0.9615	0.9659	0.966	0.966	0.9655	0.9659	1.8574	0.9604	0.966
  r	0.966	0.9658	0.965	0.9659	0.9657	0.9656	0.965	0.9658	0.9472	0.966	0.9646	1.097	0.9659	0.966	0.9659	0.9659	0.9659	0.9587	0.9659	0.9657	0.9972	0.9659	0.9659	0.9659	0.9652	0.9659	0.9659	0.9633	0.9691	0.9659	0.9659	0.9659	0.9659	1.3534	0.9644	0.9653	1.2746	0.9661	0.9659	0.9659	0.9659	0.9658	0.9659	0.9659	0.9658	0.9659	0.9663	0.9659	0.9661	0	0.9638	0.9641	0.966	0.9659	0.966	0.9656	0.9615	0.9659	0.9659	0.9659	0.9653	0.9659	1.992	0.9625	0.9659
  s	0.9609	0.9612	1.0652	0.9598	1.0963	0.9642	1.0111	1.097	2.9894	0.96	1.0094	7.9543	0.9598	0.9605	0.9597	0.9618	0.9601	0.9591	0.9604	0.9808	0.9674	0.9893	0.9597	0.9612	1.0956	0.9596	0.9604	1.1194	2.8322	0.9609	0.96	0.9601	0.9597	0.9614	0.9622	3.1822	2.5039	0.9615	1.2398	0.9601	0.9597	0.9597	0.9601	0.9597	0.9596	0.9604	1.3161	0.961	1.0434	0.9638	0	0.9597	0.9598	0.9619	0.9611	1.9336	1.5476	0.9596	0.9605	0.9601	0.9638	0.9604	8.7185	2.5209	1.1715
  t	0.9637	0.9639	0.9634	0.9639	0.9631	1.0614	1.3783	0.9634	1.4834	0.9636	0.9633	0.9447	0.9634	1.3848	0.9635	0.965	0.9634	7.6022	0.9637	0.9646	1.0807	0.9639	0.9634	0.9637	0.9626	0.9634	0.9637	1.2496	0.9625	0.9638	0.9635	0.9635	0.9634	0.9641	0.9696	0.9604	0.9609	0.964	0.9637	0.9636	0.9634	0.9633	0.9636	0.9634	0.9634	0.9637	0.9632	0.9639	0.9641	0.9641	0.9597	0	0.9635	0.964	0.964	0.9637	0.9595	0.9634	0.9634	0.9636	1.0265	0.9637	0.9328	0.9579	0.9635
  u	0.966	0.9658	1.1237	0.9659	0.9657	0.9655	0.9645	0.9659	0.9408	0.966	0.9642	0.9421	0.966	0.966	0.966	0.9658	0.9659	0.9564	0.9659	0.9655	0.9609	0.9659	0.9659	0.966	0.965	0.9659	0.9659	0.9623	0.9629	0.9659	0.9659	0.9659	0.9659	0.9661	0.9638	0.9615	1.2547	1.2766	0.9659	0.9659	0.966	0.9659	0.966	0.9659	0.9659	0.9659	0.961	0.9659	0.9661	0.966	0.9598	0.9635	0	0.9659	0.9659	0.9652	0.96	0.9659	0.9659	0.9659	0.9649	0.9659	0.8985	0.9584	0.9659
  v	0.9659	0.9658	0.9649	0.9658	0.9656	0.9655	0.965	0.9658	0.9483	0.9659	0.9647	1.342	0.9658	0.9659	0.9658	0.9658	0.9658	0.9591	0.9658	0.9657	0.9624	0.9658	0.9658	0.9659	0.9651	0.9658	0.9658	0.9633	0.9641	0.9659	0.9658	0.9658	0.9658	0.9658	0.9644	0.9627	1.4413	0.9661	0.9658	0.9658	0.9658	0.9658	0.9658	0.9658	0.9658	0.9658	0.9622	2.2755	0.966	0.9659	0.9619	0.964	0.9659	0	0.9659	0.9657	0.9617	0.9658	0.9658	0.9658	0.9654	0.9658	2.1703	0.9606	0.9658
  w	0.966	0.9658	0.9645	0.9659	0.9656	0.9655	0.9649	0.9658	0.9462	0.9661	0.9647	0.9567	0.9659	0.966	0.9659	1.3171	0.9659	0.9583	0.9659	0.9657	0.9614	0.9658	0.9659	0.9659	0.9651	0.9659	0.9659	1.5567	0.9636	0.9659	0.9659	0.9659	0.9659	0.9659	0.9643	0.9622	0.9606	0.9661	0.9659	0.9659	0.9659	0.9658	0.9659	0.9659	0.9659	0.9659	0.9615	0.9659	0.966	0.966	0.9611	0.964	0.9659	0.9659	0	0.9655	0.9612	0.9659	0.9658	0.9659	1.2707	0.9659	1.8046	0.9598	0.966
  x	0.9655	0.9654	0.9683	0.9652	0.9895	0.9654	0.9664	0.9653	1.0652	0.9653	0.9649	4.261	0.9651	0.9654	1.0318	0.9656	0.9654	0.9593	0.9653	0.9661	1.0158	0.9652	0.9651	0.9657	0.9649	0.9652	0.9653	0.9634	1.9099	0.9655	0.9652	0.9653	0.9652	0.9656	0.9647	1.842	0.984	0.966	0.9653	0.9653	0.9652	0.9651	0.9653	0.9651	0.9651	0.9653	2.0228	0.9655	0.9656	0.9656	1.9336	0.9637	0.9652	0.9657	0.9655	0	0.9623	0.9651	0.9653	0.9653	0.9657	0.9653	1.9815	1.3256	0.9653
  y	0.9606	0.9613	0.9631	0.9601	0.9597	1.0184	1.9322	0.9602	2.3855	0.9602	0.9623	2.1359	0.96	0.9613	0.96	0.9619	0.9601	0.9581	0.9607	0.9633	0.9668	0.9603	0.96	0.9607	0.9597	0.9599	0.9607	0.9737	1.4424	0.961	0.9602	0.9603	0.9599	0.9613	0.9615	0.9605	1.2405	0.961	0.9606	0.9603	0.96	0.9599	0.9602	0.96	0.9599	0.9607	0.9604	0.9612	0.9615	0.9615	1.5476	0.9595	0.96	0.9617	0.9612	0.9623	0	0.9599	0.9602	0.9604	1.9302	0.9607	2.8504	0.9591	0.9602
  z	0.9659	0.9658	0.9639	0.9658	0.9655	0.9652	0.9644	0.9658	0.9406	0.966	0.9641	0.9414	0.9658	0.966	0.9659	0.9657	0.9658	0.9561	0.9659	0.9655	0.9599	0.9658	0.9658	0.9658	0.9649	0.9658	0.9659	0.9621	0.9628	0.9658	0.9659	0.9659	0.9658	0.9658	0.9637	0.9613	0.9585	0.9661	0.9658	0.9659	0.9659	0.9658	0.9659	0.9658	0.9658	0.9659	0.9603	0.9658	0.9659	0.9659	0.9596	0.9634	0.9659	0.9658	0.9659	0.9651	0.9599	0	0.9658	0.9659	1.4472	0.9659	0.8971	0.9581	0.9658
  {	0.9658	0.9657	0.9642	0.9657	0.9656	0.9655	0.9645	0.9657	0.9416	0.9659	0.9641	1.2818	0.9658	0.9658	0.9659	0.9657	0.9658	0.9566	0.9658	0.9655	0.9609	0.9658	0.9658	0.9659	0.9649	0.9658	0.9658	0.9623	1.0202	0.9658	0.9658	0.9658	0.9658	0.9658	0.9637	0.9681	1.4576	0.9661	0.9658	0.9658	0.9658	0.9657	0.9658	0.9658	0.9657	0.9658	1.0283	0.9657	0.966	0.9659	0.9605	0.9634	0.9659	0.9658	0.9658	0.9653	0.9602	0.9658	0	0.9658	0.9653	0.9658	0.9018	0.9592	0.9658
  |	0.966	0.9658	0.9641	0.9659	0.9655	0.9652	1.2341	0.9658	0.9426	0.966	0.9643	0.9432	0.9658	0.9659	0.9659	0.9658	0.9658	0.9567	0.9659	0.9656	0.9603	0.9658	0.9659	0.9658	0.965	0.9659	0.9659	0.9624	0.9631	0.9658	0.9659	0.9659	0.9659	0.9658	0.9639	0.9616	0.9591	0.9661	0.9659	0.9659	0.9659	0.9658	0.9659	0.9659	0.9658	0.9659	0.9608	0.9659	0.966	0.9659	0.9601	0.9636	0.9659	0.9658	0.9659	0.9653	0.9604	0.9659	0.9658	0	0.9649	0.9659	1.1263	0.9587	0.9658
  }	0.9652	0.9683	0.9657	0.9653	0.9649	1.2376	0.9677	0.9648	0.9732	0.965	1.447	1.5498	0.9649	0.9978	0.9648	2.9017	0.9649	1.7944	0.965	0.9657	1.13	0.9653	0.9648	0.9651	0.9644	0.9648	0.9649	1.0874	1.5297	1.299	0.9649	0.9649	0.9648	0.9657	0.9799	0.9643	2.8106	0.9694	0.965	0.9651	0.9648	0.9647	0.9649	0.9648	1.4504	0.965	1.0131	0.9651	0.9655	0.9653	0.9638	1.0265	0.9649	0.9654	1.2707	0.9657	1.9302	1.4472	0.9653	0.9649	0	0.965	5.2045	0.9629	0.965
  ~	0.966	0.9658	0.9642	0.9658	0.9656	0.9653	0.968	0.9658	0.9445	0.966	0.9643	0.9446	0.9658	0.9659	0.9659	0.9657	0.9658	0.9573	0.9659	0.9655	0.9607	0.9658	0.9658	0.9658	0.965	0.9659	0.9659	0.9626	0.9632	0.9658	0.9659	0.9659	0.9659	0.9658	0.964	0.9619	0.9595	0.966	0.9659	0.9659	0.9659	0.9658	0.9659	0.9658	0.9658	0.9659	0.9611	0.9658	0.9659	0.9659	0.9604	0.9637	0.9659	0.9658	0.9659	0.9653	0.9607	0.9659	0.9658	0.9659	0.965	0	1.3575	0.9591	0.9658
  	1.1872	1.7539	8.342	0.8996	0.8974	1.2217	6.6011	0.9008	83.0915	0.9955	4.4248	15.8051	0.8984	1.369	0.8975	2.687	0.8995	1.5544	1.3588	6.8172	8.8985	1.07	0.898	1.1405	0.9004	0.8972	1.3581	2.3121	7.575	1.0978	1.0434	1.0904	0.8976	1.9207	3.0899	0.9281	15.5106	1.356	1.3005	1.1269	0.898	0.8975	0.9614	0.898	0.9005	1.3594	1.9338	1.791	1.8574	1.992	8.7185	0.9328	0.8985	2.1703	1.8046	1.9815	2.8504	0.8971	0.9018	1.1263	5.2045	1.3575	0	1.66	0.9659
  	0.959	0.9599	0.9659	0.9584	1.1306	0.962	0.9624	2.408	2.2543	0.9585	0.9613	12.2389	0.9584	0.9593	0.9584	0.9608	0.9587	0.9561	0.9591	0.9627	2.2799	0.9588	0.9583	1.0537	0.9591	0.9582	0.9591	0.9591	2.3366	0.9595	0.9587	0.9587	0.9582	1.445	0.9607	0.999	2.7099	0.9608	0.9591	0.9587	0.9583	0.9582	0.9589	0.9583	0.9581	0.9591	1.4994	0.9597	0.9604	0.9625	2.5209	0.9579	0.9584	0.9606	0.9598	1.3256	0.9591	0.9581	0.9592	0.9587	0.9629	0.9591	1.66	0	0.9589
  	0.9659	0.9658	0.9827	0.9659	0.9656	0.9653	0.9647	0.9658	0.9419	1.0358	1.1477	1.1084	0.9658	0.9659	0.9659	0.9658	0.9658	0.9569	0.9658	0.9656	0.9604	0.9658	0.9658	0.9659	0.9649	0.9658	0.9658	1.1609	0.9632	0.9658	0.9658	0.9658	0.9658	0.9658	0.9638	0.9619	1.5531	0.9661	0.9659	0.9659	0.9658	0.9658	0.9659	0.9658	0.9658	0.9658	0.9611	0.9658	0.966	0.9659	1.1715	0.9635	0.9659	0.9658	0.966	0.9653	0.9602	0.9658	0.9658	0.9658	0.965	0.9658	0.9659	0.9589	0

Actual rates from j->i (Q_ij):
	A	B	C	D	E	F	G	H	I	J	K	L	M	N	O	P	Q	R	S	T	U	V	W	X	Y	Z	[	\	]	^	_	`	a	b	c	d	e	f	g	h	i	j	k	l	m	n	o	p	q	r	s	t	u	v	w	x	y	z	{	|	}	~			
  A	0	0.0178	0.0178	0.0178	0.0178	0.0178	0.0178	0.0178	0.0174	0.0178	0.0178	0.0174	0.0178	0.0178	0.0178	0.0178	0.0178	0.0176	0.0178	0.0178	0.0177	0.0178	0.0178	0.0178	0.0178	0.0178	0.0178	0.0177	0.0215	0.0178	0.0178	0.0178	0.0178	0.0178	0.0178	0.0177	0.0177	0.0178	0.0178	0.0178	0.0178	0.0178	0.0178	0.0178	0.0178	0.0178	0.0177	0.0178	0.0178	0.0178	0.0177	0.0177	0.0178	0.0178	0.0178	0.0178	0.0177	0.0178	0.0178	0.0178	0.0178	0.0178	0.0219	0.0177	0.0178
  B	0.0149	0	0.0149	0.0149	0.0149	0.0149	0.0149	0.0149	0.023	0.0149	0.0149	0.0147	0.0149	0.0149	0.0149	0.0149	0.0149	0.0148	0.0149	0.0149	0.0149	0.0149	0.0149	0.0149	0.0149	0.0149	0.0149	0.0149	0.0149	0.0149	0.0149	0.0149	0.0149	0.0149	0.0149	0.0149	0.0149	0.015	0.0149	0.0149	0.0149	0.0149	0.0149	0.0149	0.0149	0.0149	0.0149	0.0149	0.0149	0.0149	0.0149	0.0149	0.0149	0.0149	0.0149	0.0149	0.0149	0.0149	0.0149	0.0149	0.015	0.0149	0.0271	0.0148	0.0149
  C	0.007	0.007	0	0.007	0.007	0.007	0.0074	0.007	0.007	0.0072	0.0075	0.0213	0.007	0.007	0.007	0.007	0.007	0.007	0.007	0.007	0.0117	0.007	0.007	0.0088	0.007	0.007	0.007	0.0072	0.011	0.007	0.007	0.007	0.007	0.007	0.007	0.007	0.0186	0.0087	0.007	0.007	0.007	0.007	0.007	0.007	0.007	0.007	0.016	0.007	0.0077	0.007	0.0077	0.007	0.0081	0.007	0.007	0.007	0.007	0.007	0.007	0.007	0.007	0.007	0.0605	0.007	0.0071
  D	0.0188	0.0188	0.0187	0	0.0188	0.0188	0.0188	0.0188	0.0183	0.0188	0.0188	0.0183	0.0188	0.0188	0.0188	0.0188	0.0188	0.0653	0.0188	0.0188	0.0187	0.0188	0.0188	0.0188	0.0188	0.0188	0.0188	0.0281	0.0187	0.0188	0.0188	0.0188	0.0188	0.0188	0.0187	0.0187	0.0186	0.0188	0.0188	0.0188	0.0188	0.0188	0.0188	0.0188	0.0188	0.0188	0.0187	0.0188	0.0188	0.0188	0.0187	0.0187	0.0188	0.0188	0.0188	0.0188	0.0187	0.0188	0.0188	0.0188	0.0188	0.0188	0.0175	0.0186	0.0188
  E	0.0197	0.0197	0.0197	0.0197	0	0.0201	0.0196	0.0197	0.0192	0.0197	0.0196	0.0203	0.0197	0.0197	0.0249	0.0197	0.0197	0.0195	0.0197	0.0197	0.0196	0.0197	0.0197	0.0197	0.0196	0.0197	0.0197	0.0196	0.0202	0.0197	0.0197	0.0197	0.0197	0.0197	0.0196	0.0626	0.0306	0.0197	0.0197	0.0197	0.0197	0.0197	0.0197	0.0197	0.0197	0.0197	0.0887	0.0197	0.0197	0.0197	0.0223	0.0196	0.0197	0.0197	0.0197	0.0202	0.0195	0.0197	0.0197	0.0197	0.0196	0.0197	0.0183	0.023	0.0197
  F	0.0165	0.0165	0.0165	0.0165	0.0169	0	0.0166	0.0165	0.0184	0.0165	0.0165	0.0213	0.0165	0.0166	0.0165	0.0282	0.0165	0.0951	0.0165	0.0165	0.0165	0.0191	0.0165	0.0166	0.0165	0.0165	0.0165	0.0166	0.0165	0.0165	0.0165	0.0165	0.0165	0.0165	0.0196	0.0165	0.0792	0.0166	0.0165	0.0165	0.0165	0.0165	0.0165	0.0165	0.0165	0.0165	0.0561	0.0165	0.0166	0.0165	0.0165	0.0182	0.0165	0.0165	0.0165	0.0165	0.0175	0.0165	0.0165	0.0165	0.0212	0.0165	0.0209	0.0165	0.0165
  G	0.0078	0.0078	0.0082	0.0077	0.0077	0.0078	0	0.0077	0.0194	0.0078	0.0078	0.008	0.0077	0.0078	0.0078	0.0078	0.0078	0.0078	0.0078	0.008	0.012	0.0081	0.0077	0.0078	0.0077	0.0077	0.0078	0.0077	0.0078	0.0078	0.0078	0.0078	0.0077	0.0078	0.0079	0.0077	0.0082	0.0078	0.0079	0.0078	0.0077	0.0077	0.0078	0.0077	0.0077	0.0078	0.011	0.0078	0.0113	0.0078	0.0081	0.0111	0.0078	0.0078	0.0078	0.0078	0.0155	0.0077	0.0077	0.0099	0.0078	0.0078	0.053	0.0077	0.0078
  H	0.0186	0.0186	0.0186	0.0186	0.0186	0.0186	0.0186	0	0.0182	0.0186	0.0186	0.0255	0.0186	0.0186	0.0186	0.0186	0.0186	0.0185	0.0186	0.0186	0.0185	0.0186	0.0186	0.0186	0.0186	0.0186	0.0186	0.0186	0.0216	0.0186	0.0186	0.0186	0.0186	0.0186	0.0186	0.0279	0.0185	0.0186	0.0186	0.0186	0.0186	0.0186	0.0186	0.0186	0.0186	0.0186	0.0185	0.0186	0.0186	0.0186	0.0212	0.0186	0.0186	0.0186	0.0186	0.0186	0.0185	0.0186	0.0186	0.0186	0.0186	0.0186	0.0174	0.0465	0.0186
  I	0.0016	0.0025	0.0016	0.0016	0.0016	0.0018	0.0041	0.0016	0	0.0016	0.0024	0.0046	0.0016	0.0016	0.0016	0.0021	0.0016	0.002	0.0016	0.0017	0.0049	0.0016	0.0016	0.0016	0.0016	0.0016	0.0016	0.0017	0.0031	0.0016	0.0016	0.0016	0.0016	0.0016	0.0055	0.0016	0.0016	0.0016	0.0016	0.0016	0.0016	0.0016	0.0024	0.0016	0.0016	0.0016	0.0027	0.0016	0.0016	0.0016	0.0051	0.0025	0.0016	0.0016	0.0016	0.0018	0.004	0.0016	0.0016	0.0016	0.0016	0.0016	0.1408	0.0038	0.0016
  J	0.0189	0.0189	0.0194	0.0189	0.0189	0.0188	0.0188	0.0189	0.0184	0	0.0237	0.0184	0.0189	0.0189	0.0189	0.0189	0.0189	0.0187	0.0189	0.0189	0.0187	0.0189	0.0189	0.0189	0.0188	0.0189	0.0189	0.0215	0.0188	0.0189	0.0189	0.0189	0.0189	0.0189	0.0188	0.0188	0.0187	0.0189	0.0189	0.0189	0.0189	0.0189	0.0189	0.0189	0.0189	0.0189	0.0188	0.0189	0.0189	0.0189	0.0187	0.0188	0.0189	0.0189	0.0189	0.0188	0.0187	0.0189	0.0189	0.0189	0.0188	0.0189	0.0194	0.0187	0.0202
  K	0.0098	0.0098	0.0106	0.0098	0.0098	0.0098	0.0098	0.0098	0.0146	0.0124	0	0.0097	0.0098	0.0098	0.0098	0.0098	0.0098	0.0098	0.0098	0.0098	0.01	0.0098	0.0098	0.0098	0.0098	0.0098	0.0098	0.0123	0.0098	0.0098	0.0098	0.0098	0.0098	0.0098	0.0104	0.0098	0.0098	0.0098	0.0098	0.0125	0.0098	0.0098	0.0098	0.0098	0.0098	0.0098	0.0098	0.0098	0.0098	0.0098	0.0103	0.0098	0.0098	0.0098	0.0098	0.0098	0.0098	0.0098	0.0098	0.0098	0.0147	0.0098	0.045	0.0098	0.0117
  L	0.0051	0.0051	0.0158	0.0051	0.0054	0.0067	0.0054	0.0071	0.0147	0.0051	0.0051	0	0.0051	0.0051	0.0051	0.0051	0.0064	0.0051	0.0051	0.0052	0.072	0.0051	0.0051	0.0085	0.0069	0.0051	0.0051	0.0069	0.0298	0.0135	0.0051	0.0051	0.0051	0.0051	0.0051	0.0519	0.0277	0.0071	0.0051	0.0051	0.0051	0.0051	0.0051	0.0051	0.0051	0.0051	0.0498	0.0051	0.0079	0.0059	0.0427	0.0051	0.0051	0.0072	0.0051	0.0229	0.0115	0.0051	0.0069	0.0051	0.0083	0.0051	0.0848	0.0657	0.0059
  M	0.0191	0.0191	0.0191	0.0191	0.0191	0.0191	0.0191	0.0191	0.0186	0.0191	0.0191	0.0187	0	0.0191	0.0191	0.0191	0.0191	0.0189	0.0191	0.0191	0.019	0.0191	0.0191	0.0191	0.0191	0.0191	0.0191	0.0191	0.0191	0.0191	0.0191	0.0191	0.0191	0.0191	0.0191	0.0191	0.0475	0.0191	0.0191	0.0191	0.0191	0.0191	0.0191	0.0191	0.0191	0.0191	0.019	0.0191	0.0191	0.0191	0.019	0.0191	0.0191	0.0191	0.0191	0.0191	0.019	0.0191	0.0191	0.0191	0.0191	0.0191	0.0178	0.019	0.0191
  N	0.0169	0.0169	0.0169	0.0169	0.0169	0.0169	0.0169	0.0169	0.0165	0.0169	0.0169	0.0166	0.0169	0	0.0169	0.0169	0.0169	0.0281	0.0169	0.0169	0.0173	0.0169	0.0169	0.0169	0.0169	0.0169	0.0169	0.0169	0.0169	0.0169	0.0169	0.0169	0.0169	0.0169	0.0169	0.0168	0.0168	0.0169	0.0169	0.0169	0.0169	0.0169	0.0169	0.0169	0.0169	0.0169	0.0168	0.0169	0.0169	0.0169	0.0168	0.0242	0.0169	0.0169	0.0169	0.0169	0.0168	0.0169	0.0169	0.0169	0.0175	0.0169	0.024	0.0168	0.0169
  O	0.0194	0.0194	0.0194	0.0194	0.0246	0.0194	0.0194	0.0194	0.0189	0.0194	0.0194	0.0189	0.0194	0.0194	0	0.0194	0.0194	0.0192	0.0194	0.0194	0.0193	0.0194	0.0194	0.0194	0.0194	0.0245	0.0194	0.0193	0.0194	0.0194	0.0194	0.0194	0.0194	0.0194	0.0194	0.0193	0.0198	0.0194	0.0194	0.0194	0.0194	0.0194	0.0194	0.0194	0.0194	0.0194	0.0362	0.0194	0.0194	0.0194	0.0193	0.0194	0.0194	0.0194	0.0194	0.0207	0.0193	0.0194	0.0194	0.0194	0.0194	0.0194	0.018	0.0193	0.0194
  P	0.0135	0.0135	0.0135	0.0135	0.0135	0.0229	0.0135	0.0135	0.0176	0.0135	0.0135	0.0133	0.0135	0.0135	0.0135	0	0.0135	0.0324	0.0135	0.0135	0.0164	0.0135	0.0135	0.0135	0.0135	0.0135	0.0135	0.0165	0.0135	0.0135	0.0135	0.0135	0.0135	0.0135	0.0138	0.0134	0.018	0.0135	0.0135	0.0135	0.0135	0.0135	0.0135	0.0135	0.0135	0.0135	0.0135	0.0135	0.0135	0.0135	0.0134	0.0135	0.0135	0.0135	0.0184	0.0135	0.0134	0.0135	0.0135	0.0135	0.0405	0.0135	0.0375	0.0134	0.0135
  Q	0.0189	0.0189	0.0188	0.0189	0.0189	0.0189	0.0188	0.0189	0.0184	0.0189	0.0188	0.0233	0.0189	0.0189	0.0189	0.0189	0	0.0187	0.0189	0.0189	0.0188	0.0189	0.0189	0.0189	0.0188	0.0189	0.0189	0.0188	0.0188	0.0189	0.0189	0.0189	0.0189	0.0189	0.0188	0.0188	0.0315	0.0189	0.0189	0.0189	0.0189	0.0189	0.0189	0.0189	0.0189	0.0189	0.0406	0.0189	0.0189	0.0189	0.0188	0.0188	0.0189	0.0189	0.0189	0.0189	0.0188	0.0189	0.0189	0.0189	0.0188	0.0189	0.0176	0.0187	0.0189
  R	0.0132	0.0132	0.0133	0.0464	0.0132	0.0767	0.0134	0.0132	0.0165	0.0132	0.0133	0.0133	0.0132	0.0222	0.0132	0.032	0.0132	0	0.0132	0.0133	0.0222	0.0286	0.0132	0.0132	0.0132	0.0132	0.0132	0.0631	0.0133	0.0132	0.0132	0.0132	0.0132	0.0132	0.0156	0.0132	0.0916	0.0132	0.0132	0.0132	0.0132	0.0132	0.0132	0.0132	0.0132	0.0132	0.0144	0.0132	0.0133	0.0132	0.0133	0.1051	0.0132	0.0133	0.0132	0.0133	0.0132	0.0132	0.0132	0.0132	0.0248	0.0132	0.0215	0.0132	0.0132
  S	0.017	0.017	0.0169	0.017	0.0169	0.0169	0.0169	0.017	0.0166	0.017	0.0169	0.0166	0.017	0.017	0.017	0.0169	0.017	0.0168	0	0.0169	0.0169	0.017	0.017	0.017	0.0169	0.017	0.017	0.0169	0.0169	0.017	0.017	0.017	0.017	0.017	0.0169	0.0169	0.0168	0.017	0.017	0.017	0.017	0.017	0.017	0.017	0.017	0.017	0.0169	0.017	0.017	0.017	0.0169	0.0169	0.017	0.017	0.017	0.0169	0.0169	0.017	0.017	0.017	0.0169	0.017	0.0238	0.0168	0.017
