Map from character to field name
A:	Canada
B:	China
C:	Singapore
D:	South Korea
E:	Thailand
F:	Usa
G:	?


Substitution rate (mu): 30.050151

Equilibrium frequencies (pi_i):
  A: 0.1466
  B: 0.2037
  C: 0.1622
  D: 0.1632
  E: 0.1621
  F: 0.1622

Symmetrized rates from j->i (W_ij):
	A	B	C	D	E	F
  A	0	0.5663	0.5241	0.5229	0.5241	2.3504
  B	0.5663	0	0.7705	0.7721	0.778	6.284
  C	0.5241	0.7705	0	0.5228	0.5261	0.5145
  D	0.5229	0.7721	0.5228	0	0.5228	1.391
  E	0.5241	0.778	0.5261	0.5228	0	0.5147
  F	2.3504	6.284	0.5145	1.391	0.5147	0

Actual rates from j->i (Q_ij):
	A	B	C	D	E	F
  A	0	0.0831	0.0769	0.0767	0.0769	0.3447
  B	0.1153	0	0.1569	0.1572	0.1584	1.2798
  C	0.085	0.125	0	0.0848	0.0853	0.0835
  D	0.0853	0.126	0.0853	0	0.0853	0.227
  E	0.0849	0.1261	0.0853	0.0847	0	0.0834
  F	0.3812	1.0192	0.0834	0.2256	0.0835	0
