Map from character to field name
A:	Algeria
B:	Argentina
C:	Australia
D:	Austria
E:	Bangladesh
F:	Belgium
G:	Brazil
H:	Cambodia
I:	Canada
J:	Chad
K:	Chile
L:	China
M:	Czech Republic
N:	Denmark
O:	Egypt
P:	France
Q:	Georgia
R:	Germany
S:	Guam
T:	Guatemala
U:	Hong Kong
V:	Hungary
W:	Iceland
X:	India
Y:	Indonesia
Z:	Iran
[:	Ireland
\:	Italy
]:	Japan
^:	Kazakhstan
_:	Kuwait
`:	Laos
a:	Luxembourg
b:	Malaysia
c:	Mexico
d:	Mongolia
e:	Netherlands
f:	New Zealand
g:	Nicaragua
h:	Nigeria
i:	Norway
j:	Pakistan
k:	Peru
l:	Philippines
m:	Poland
n:	Romania
o:	Russia
p:	Saudi Arabia
q:	Singapore
r:	South Africa
s:	South Korea
t:	Spain
u:	Sri Lanka
v:	Sweden
w:	Switzerland
x:	Taiwan
y:	Thailand
z:	Turkey
{:	Ukraine
|:	United Arab Emirates
}:	United Kingdom
~:	Uruguay
:	Usa
:	Vietnam
:	Zambia
:	?


Substitution rate (mu): 19.819522

Equilibrium frequencies (pi_i):
  A: 0.0183
  B: 0.015
  C: 0.0076
  D: 0.0188
  E: 0.019
  F: 0.0166
  G: 0.0098
  H: 0.0179
  I: 0.0018
  J: 0.0191
  K: 0.0103
  L: 0.007
  M: 0.0192
  N: 0.0179
  O: 0.0194
  P: 0.016
  Q: 0.0191
  R: 0.0146
  S: 0.0171
  T: 0.0064
  U: 0.007
  V: 0.0196
  W: 0.0193
  X: 0.018
  Y: 0.0187
  Z: 0.0194
  [: 0.0171
  \: 0.0172
  ]: 0.009
  ^: 0.0156
  _: 0.0193
  `: 0.0186
  a: 0.0194
  b: 0.0167
  c: 0.0123
  d: 0.0089
  e: 0.0051
  f: 0.0164
  g: 0.0195
  h: 0.0171
  i: 0.0193
  j: 0.0194
  k: 0.0181
  l: 0.0193
  m: 0.0196
  n: 0.0171
  o: 0.0102
  p: 0.0184
  q: 0.0169
  r: 0.0156
  s: 0.0073
  t: 0.0183
  u: 0.0193
  v: 0.0136
  w: 0.0159
  x: 0.0146
  y: 0.014
  z: 0.0196
  {: 0.0172
  |: 0.0196
  }: 0.0092
  ~: 0.0175
  : 0.0047
  : 0.0112
  : 0.0186

Symmetrized rates from j->i (W_ij):
	A	B	C	D	E	F	G	H	I	J	K	L	M	N	O	P	Q	R	S	T	U	V	W	X	Y	Z	[	\	]	^	_	`	a	b	c	d	e	f	g	h	i	j	k	l	m	n	o	p	q	r	s	t	u	v	w	x	y	z	{	|	}	~			
  A	0	0.9631	0.9601	0.9631	0.9625	0.9621	0.9653	0.9631	0.9338	0.9632	0.9611	0.9337	0.9631	0.963	0.9631	0.9629	0.9631	0.9522	0.9632	0.9629	0.9564	0.9633	0.9631	0.963	0.9619	0.9631	0.9632	0.9584	1.1179	0.9627	0.9632	0.9631	0.9632	0.9632	0.9604	0.9553	0.9538	0.9633	0.9632	0.9632	0.9631	0.9631	0.9631	0.9631	0.9631	0.9632	0.956	0.9631	0.9632	0.9631	0.9554	0.9594	0.9632	0.9631	1.1005	0.9633	0.9571	0.9632	0.963	0.9632	0.9619	0.9684	1.0915	0.9543	0.9629
  B	0.9631	0	0.9607	0.9629	0.9624	0.9881	0.9895	0.9629	1.3791	0.963	0.9615	0.938	0.9629	0.9629	0.9629	0.9675	0.9629	0.9542	0.963	0.9627	0.9576	0.9631	0.9629	0.9628	0.9619	0.9629	0.963	0.959	0.9603	0.9626	0.9629	0.9629	0.9629	0.9629	0.9608	0.9565	0.9558	0.9633	0.963	0.963	0.9629	0.9629	0.9629	0.9629	0.9629	0.9629	0.9571	0.9629	0.963	0.9629	0.9564	0.9599	0.963	0.9629	0.9631	0.9629	0.9583	0.963	0.9628	0.963	0.9618	0.963	1.7973	0.9556	0.9628
  C	0.9601	0.9607	0	0.9596	0.9597	0.9608	1.6471	0.9599	1.2434	0.9684	1.0158	3.4229	0.9596	0.96	0.9595	1.3856	0.9596	0.9569	0.9601	1.3024	3.905	1.305	0.9595	1.131	0.9596	0.9594	0.9601	1.0312	1.4464	0.9607	0.9607	0.9597	0.9595	1.0385	0.9607	1.1662	3.6307	1.0933	1.7477	0.9601	0.9595	0.9595	1.2788	0.9595	0.9594	0.9601	1.5362	0.9598	2.2737	0.9882	2.2193	0.9585	0.9597	0.9611	0.9607	0.9817	0.9592	0.9595	0.9604	0.9595	0.9627	0.9602	6.6432	0.9617	0.9825
  D	0.9631	0.9629	0.9596	0	0.9623	0.9624	0.9613	0.9629	0.9317	0.9631	0.9609	0.9325	0.9629	0.9633	0.9629	0.9627	0.9629	3.358	0.963	0.9626	0.9561	0.9631	0.9629	0.9628	0.9617	0.9629	0.963	1.4134	0.9595	0.9625	0.963	0.9629	0.963	0.963	0.9602	0.9549	0.9532	0.9631	0.963	0.963	0.963	0.9629	0.9629	0.963	0.963	0.963	0.9555	0.963	0.963	0.9629	0.9547	0.9595	0.963	0.9629	0.9654	0.9627	0.9571	0.963	0.9628	0.963	1.0205	0.963	0.8821	0.9537	0.9628
  E	0.9625	0.9624	0.9597	0.9623	0	0.9614	0.9611	0.9623	0.9315	0.9624	0.9605	1.441	0.9623	0.9622	0.9623	0.9621	0.9625	0.9512	0.9624	0.9624	0.9558	0.9624	0.9623	0.9622	0.9613	0.9623	0.9624	0.9574	0.9598	0.962	0.9623	0.9623	0.9623	0.9624	0.9597	3.4432	0.9788	0.9627	0.9624	0.9624	0.9623	0.9624	0.9623	0.9623	0.9623	0.9624	4.2047	0.9623	0.9626	0.9624	0.9548	0.9584	0.9623	0.9624	0.9626	0.9627	0.9564	0.9623	0.9623	0.9623	0.9611	0.9624	0.8811	0.9547	0.9621
  F	0.9621	0.9881	0.9608	0.9624	0.9614	0	1.0606	0.9619	1.2919	0.962	1.0643	0.9672	0.9619	1.406	0.9618	1.5238	0.962	5.3102	0.962	0.9628	0.997	1.5096	0.9618	0.9618	0.9608	0.9618	0.962	1.3535	0.9637	0.9618	0.9619	0.9618	0.9618	0.9711	0.9604	1.0137	5.9181	0.9624	0.962	0.962	0.9619	0.9619	0.9622	0.9619	0.9618	0.962	1.8263	0.9619	0.9625	0.9621	1.1928	1.2473	0.962	0.9622	0.9623	0.9643	1.6348	0.9619	0.9629	0.9619	1.0357	0.962	1.2112	0.9552	0.9618
  G	0.9653	0.9895	1.6471	0.9613	0.9611	1.0606	0	0.9614	2.7621	0.9685	2.1314	1.1586	0.9612	0.98	0.9612	0.9694	0.9612	1.236	0.9614	1.0625	0.9615	1.0451	0.9612	0.9614	0.9607	0.9612	0.9614	0.9833	1.0622	0.9615	0.9612	0.9612	0.9612	0.9615	0.9762	0.9587	0.9593	0.9625	0.998	0.9614	0.9612	0.9612	0.9615	0.9612	0.9612	0.9614	1.4191	0.9613	1.3677	0.9616	0.9591	0.9596	0.9612	0.9618	0.9985	0.9622	1.4663	0.9612	0.9614	1.4419	0.9618	1.0394	4.6002	0.9578	0.9794
  H	0.9631	0.9629	0.9599	0.9629	0.9623	0.9619	0.9614	0	1.3988	0.963	0.961	1.4007	0.9629	0.9629	0.9629	0.9627	0.9629	0.9523	0.963	0.9626	0.9563	0.963	0.9629	0.9628	0.9622	0.9629	0.963	0.9582	0.9598	0.9625	0.9629	0.9628	0.9629	0.9629	0.9603	1.4331	0.9536	0.9631	0.963	0.963	0.9629	0.9629	0.9629	0.9629	0.9629	0.9629	0.9559	0.9629	0.963	0.9629	0.9551	0.9592	0.963	0.9628	0.9631	0.9628	0.9571	0.963	0.9628	0.9629	0.9614	0.963	0.8861	1.9258	0.9627
  I	0.9338	1.3791	1.2434	0.9317	0.9315	1.2919	2.7621	1.3988	0	0.9315	1.8	1.9461	0.9311	1.1093	0.9307	1.4088	0.9313	0.9403	0.9345	1.0698	3.0606	0.9307	0.9309	0.9332	0.9319	0.9308	0.9345	0.9349	2.3137	0.9378	0.9309	0.932	0.9308	0.9359	3.9827	0.9478	1.6012	0.9385	0.9307	0.9345	0.9309	0.9308	1.7608	0.9309	0.9304	0.9345	1.6982	0.9325	1.1638	0.9371	2.1932	0.9325	0.931	0.9403	0.937	0.9436	4.0507	0.9304	0.9397	0.9305	0.9492	0.9346	74.2004	2.2657	0.9326
  J	0.9632	0.963	0.9684	0.9631	0.9624	0.962	0.9685	0.963	0.9315	0	0.9975	0.9314	0.963	0.963	0.963	0.9628	0.963	0.9518	0.9631	0.9627	0.9559	0.9632	0.963	0.9629	0.9617	0.963	0.9631	1.357	0.9595	0.9626	0.9631	0.963	0.9631	0.9631	0.9602	0.9548	0.9534	0.9632	0.9632	0.9631	0.9631	0.963	0.963	0.9631	0.963	0.9631	0.9554	0.963	0.9631	0.963	0.9547	0.9591	0.9631	0.9629	0.9632	0.9628	0.9568	0.9631	0.9629	0.9631	0.9615	0.9631	0.9383	0.9536	1.0149
  K	0.9611	0.9615	1.0158	0.9609	0.9605	1.0643	2.1314	0.961	1.8	0.9975	0	0.9629	0.9608	1.0007	0.9607	0.9615	0.9608	1.0378	0.9611	0.9631	1.0433	0.9609	0.9608	0.9609	0.9602	0.9607	0.9611	1.1235	0.961	0.9612	0.9608	0.9608	0.9608	0.9613	1.001	0.9577	0.9592	0.9618	0.9609	0.9612	0.9608	0.9608	0.961	0.9608	0.9607	0.9611	0.9582	0.9609	0.9614	0.9613	0.9586	0.959	0.9608	0.9616	0.9615	0.9617	0.9709	0.9608	0.9611	0.9608	1.0471	0.9612	4.2836	0.957	1.0551
  L	0.9337	0.938	3.4229	0.9325	1.441	0.9672	1.1586	1.4007	1.9461	0.9314	0.9629	0	0.9312	0.9475	0.9325	0.9371	0.9318	0.9482	0.9346	1.0706	13.4377	0.9317	0.931	1.0265	1.3286	0.9308	0.9345	1.3008	5.6012	2.391	0.931	1.3979	0.9308	0.942	0.9419	10.0243	5.1224	1.015	0.9744	0.9345	0.931	0.9313	0.9333	0.931	0.9305	0.9345	6.8438	0.9325	1.7349	0.9377	6.3648	0.9327	0.9319	1.3968	0.9383	2.7032	2.0561	0.9305	0.9364	0.9305	1.5493	0.9341	10.1495	10.231	0.9327
  M	0.9631	0.9629	0.9596	0.9629	0.9623	0.9619	0.9612	0.9629	0.9311	0.963	0.9608	0.9312	0	0.9628	0.9629	0.9627	0.963	0.9515	0.963	0.9627	0.9558	0.9634	0.9629	0.9628	0.9616	0.9629	0.963	0.9579	0.9595	0.9625	0.963	0.9629	0.963	0.9629	0.9601	0.9548	2.3827	0.9631	0.963	0.963	0.9631	0.9629	0.963	0.9629	0.9629	0.963	0.9554	0.9629	0.9631	0.9629	0.9545	0.959	0.963	0.9628	0.9631	0.9631	0.9567	0.963	0.9628	0.963	0.9613	0.963	0.8801	0.9536	0.9627
  N	0.963	0.9629	0.96	0.9633	0.9622	1.406	0.98	0.9629	1.1093	0.963	1.0007	0.9475	0.9628	0	0.9629	0.9631	0.9628	1.8874	0.9629	0.9627	1.0099	0.9633	0.9629	0.9628	0.9617	0.9628	0.9629	0.9589	0.9599	0.9625	0.9629	0.9628	0.9629	0.9629	0.9604	0.9554	0.9592	0.9631	0.963	0.9629	0.9629	0.9629	0.9629	0.9629	0.9629	0.9629	0.9562	0.9629	0.963	0.9629	0.9553	0.9625	0.9629	0.9629	0.9631	0.9629	1.1081	0.9629	0.9628	0.9629	0.9617	0.963	1.0473	1.1834	0.9627
  O	0.9631	0.9629	0.9595	0.9629	0.9623	0.9618	0.9612	0.9629	0.9307	0.963	0.9607	0.9325	0.9629	0.9629	0	0.9627	0.9629	0.9514	0.963	0.9626	0.9556	0.9631	0.9629	0.9628	0.9616	0.9629	0.963	0.9578	0.9594	0.9625	0.963	0.9629	0.963	0.9629	0.9601	1.4072	0.9535	0.9631	0.963	0.963	0.963	0.9629	0.9629	0.963	0.9629	0.963	1.4334	0.9629	0.963	0.9629	0.9545	0.959	0.963	0.9628	0.9631	0.9628	0.9566	0.963	0.9628	0.963	0.9613	0.963	0.8792	0.9764	0.9627
  P	0.9629	0.9675	1.3856	0.9627	0.9621	1.5238	0.9694	0.9627	1.4088	0.9628	0.9615	0.9371	0.9627	0.9631	0.9627	0	0.9626	2.2567	0.9628	0.9627	1.2754	0.9632	0.9627	0.9626	0.9616	0.9626	0.9628	0.9592	0.9611	0.9625	0.9627	0.9626	0.9627	0.9805	0.9608	0.956	1.4671	0.9634	0.9629	0.9628	0.9627	0.9627	0.9629	0.9627	0.9627	0.9637	0.9568	0.9628	0.9631	0.9628	0.9561	0.96	0.9627	0.9627	0.9642	0.963	0.9584	1.0697	0.9626	0.9627	3.3267	0.9628	1.8108	0.9552	0.9626
  Q	0.9631	0.9629	0.9596	0.9629	0.9625	0.962	0.9612	0.9629	0.9313	0.963	0.9608	0.9318	0.963	0.9628	0.9629	0.9626	0	0.9516	0.963	0.9626	0.9558	0.9633	0.9629	0.9628	0.9616	0.9629	0.963	0.9579	0.9596	0.9625	0.9629	0.9628	0.963	0.9629	0.9601	1.1411	1.9497	0.9631	0.963	0.963	0.9629	0.9629	0.963	0.9629	0.9629	0.963	1.7382	0.9629	0.9631	0.9629	0.9547	0.959	0.963	0.9628	0.9631	0.963	0.9567	0.963	0.9628	0.9629	0.9613	0.963	0.8806	0.9539	0.9627
  R	0.9522	0.9542	0.9569	3.358	0.9512	5.3102	1.236	0.9523	0.9403	0.9518	1.0378	0.9482	0.9515	1.8874	0.9514	2.2567	0.9516	0	0.9528	0.9591	1.059	1.9417	0.9515	0.9521	0.9509	0.9514	0.9528	4.2663	0.9564	0.9534	0.9515	0.9518	0.9514	0.9535	0.9537	0.9871	5.9578	0.9535	0.9515	0.9528	0.9515	0.9515	0.9523	0.9515	0.9513	0.9528	1.3858	0.952	0.9533	0.9537	0.9532	5.9147	0.9516	0.9548	0.9543	0.956	1.1992	0.9514	0.9527	0.9513	1.6753	0.9526	1.4786	0.9503	0.9521
  S	0.9632	0.963	0.9601	0.963	0.9624	0.962	0.9614	0.963	0.9345	0.9631	0.9611	0.9346	0.963	0.9629	0.963	0.9628	0.963	0.9528	0	0.9627	0.9566	0.9631	0.963	0.9629	0.9618	0.963	0.963	0.9585	0.9599	0.9626	0.963	0.9629	0.963	0.963	0.9605	0.9556	0.954	0.9633	0.9631	0.963	0.963	0.963	0.963	0.963	0.963	0.963	0.9565	0.963	0.9631	0.963	0.9555	0.9595	0.9631	0.9629	0.9631	0.9629	0.9574	0.9631	0.9629	0.963	0.9616	0.9631	1.3326	0.9546	0.9628
  T	0.9629	0.9627	1.3024	0.9626	0.9624	0.9628	1.0625	0.9626	1.0698	0.9627	0.9631	1.0706	0.9627	0.9627	0.9626	0.9627	0.9626	0.9591	0.9627	0	0.9623	0.9627	0.9626	0.9627	0.9622	0.9626	0.9627	0.9613	0.9623	0.9627	0.9626	0.9626	0.9626	0.9628	1.2485	0.9604	1.0616	0.9637	1.0185	0.9627	0.9626	0.9626	1.011	0.9626	0.9626	0.9627	0.9609	0.9627	1.0383	0.9627	0.9603	0.9613	0.9626	0.9627	0.9628	0.9632	0.9609	0.9626	0.9627	0.9626	0.9626	0.9628	9.9455	0.9599	0.9627
  U	0.9564	0.9576	3.905	0.9561	0.9558	0.997	0.9615	0.9563	3.0606	0.9559	1.0433	13.4377	0.9558	1.0099	0.9556	1.2754	0.9558	1.059	0.9566	0.9623	0	0.9568	0.9557	0.9565	0.958	0.9556	0.9566	1.2899	1.8465	0.9581	0.9559	0.956	0.9556	3.6788	0.9828	0.9586	7.6251	1.4347	0.9735	0.9566	0.9557	0.9557	0.97	0.9557	0.9556	0.9566	1.0052	0.9561	0.9585	1.0932	1.1811	1.3359	1.0213	0.9582	0.9574	1.6519	1.041	0.9556	0.9567	0.9556	0.9668	0.9566	3.7625	1.818	0.9561
  V	0.9633	0.9631	1.305	0.9631	0.9624	1.5096	1.0451	0.963	0.9307	0.9632	0.9609	0.9317	0.9634	0.9633	0.9631	0.9632	0.9633	1.9417	0.9631	0.9627	0.9568	0	0.9632	0.963	0.9618	0.9631	0.9631	0.9588	0.9599	0.9626	0.9632	0.963	0.9631	0.9634	0.9602	0.9555	1.3012	0.9635	0.9633	0.9631	0.9632	0.9632	0.9632	0.9632	0.9631	0.9631	0.9586	0.9631	1.2577	0.9631	0.9548	0.9594	0.9632	0.963	0.9632	1.2154	0.9571	0.9632	0.963	0.9632	0.9616	0.9632	0.8799	0.9537	0.963
  W	0.9631	0.9629	0.9595	0.9629	0.9623	0.9618	0.9612	0.9629	0.9309	0.963	0.9608	0.931	0.9629	0.9629	0.9629	0.9627	0.9629	0.9515	0.963	0.9626	0.9557	0.9632	0	0.9628	0.9616	0.9629	0.963	0.9578	0.9594	0.9625	0.963	0.9629	0.963	0.9629	0.9601	0.955	1.4288	0.9631	0.9631	0.963	0.963	0.9629	0.963	0.963	0.9629	0.963	0.9553	0.9629	0.9631	0.9629	0.9545	0.959	0.963	0.9628	0.9631	0.9628	0.9566	0.963	0.9628	0.963	0.9613	0.963	0.8796	0.9535	0.9627
  X	0.963	0.9628	1.131	0.9628	0.9622	0.9618	0.9614	0.9628	0.9332	0.9629	0.9609	1.0265	0.9628	0.9628	0.9628	0.9626	0.9628	0.9521	0.9629	0.9627	0.9565	0.963	0.9628	0	0.9617	0.9628	0.9629	0.9581	0.9598	0.9625	0.9629	0.9628	0.9628	0.9629	0.9602	1.9102	0.9538	0.9632	0.9629	0.9629	0.9628	0.9628	0.9628	0.9628	0.9628	0.9629	1.4339	0.9628	0.9736	0.9628	0.9552	0.9591	0.9629	0.9628	0.963	0.9628	0.957	0.9629	0.9627	0.9628	0.9614	0.9629	1.142	0.9547	0.9626
  Y	0.9619	0.9619	0.9596	0.9617	0.9613	0.9608	0.9607	0.9622	0.9319	0.9617	0.9602	1.3286	0.9616	0.9617	0.9616	0.9616	0.9616	0.9509	0.9618	0.9622	0.958	0.9618	0.9616	0.9617	0	0.9616	0.9618	0.957	0.9603	0.9619	0.9617	0.9618	0.9617	0.9619	0.9594	0.9603	0.9536	0.9621	0.9618	0.9618	0.9617	0.9616	0.9617	0.9617	0.9616	0.9618	0.9573	0.9617	0.9622	0.9619	0.9553	0.9579	0.9618	0.9621	0.962	0.9624	0.9563	0.9617	0.9617	0.9617	0.9609	0.9619	0.8826	1.4932	0.9615
  Z	0.9631	0.9629	0.9594	0.9629	0.9623	0.9618	0.9612	0.9629	0.9308	0.963	0.9607	0.9308	0.9629	0.9628	0.9629	0.9626	0.9629	0.9514	0.963	0.9626	0.9556	0.9631	0.9629	0.9628	0.9616	0	0.963	0.9578	0.9594	0.9625	0.963	0.9628	0.9629	0.9629	0.96	0.9546	0.9528	0.9631	0.963	0.963	0.9629	0.9629	0.9629	0.9629	0.9629	0.963	1.4329	0.9629	0.963	0.9629	0.9544	0.9589	0.963	0.9628	0.9631	0.9627	0.9566	0.963	0.9628	0.963	0.9613	0.963	0.8792	0.9535	0.9627
  [	0.9632	0.963	0.9601	0.963	0.9624	0.962	0.9614	0.963	0.9345	0.9631	0.9611	0.9345	0.963	0.9629	0.963	0.9628	0.963	0.9528	0.963	0.9627	0.9566	0.9631	0.963	0.9629	0.9618	0.963	0	0.9585	0.9599	0.9626	0.963	0.9629	0.963	0.963	0.9605	0.9556	0.954	0.9633	0.9631	0.963	0.963	0.963	0.963	0.963	0.963	0.963	0.9562	0.963	0.9631	0.963	0.9555	0.9595	0.9631	0.9633	0.9631	0.9629	0.9574	0.9631	0.9629	0.963	0.9616	0.9631	1.3324	0.9546	0.9628
  \	0.9584	0.959	1.0312	1.4134	0.9574	1.3535	0.9833	0.9582	0.9349	1.357	1.1235	1.3008	0.9579	0.9589	0.9578	0.9592	0.9579	4.2663	0.9585	0.9613	1.2899	0.9588	0.9578	0.9581	0.957	0.9578	0.9585	0	0.9703	0.9586	0.9579	0.958	0.9579	1.1564	0.9574	1.2559	3.864	0.9592	0.958	0.9585	0.9579	0.9579	0.9583	0.9579	0.9615	0.9585	0.9545	0.9581	0.9588	0.9589	1.0314	1.4722	0.958	0.9594	1.2759	0.9597	0.9547	0.9579	0.966	0.9578	1.663	0.9585	1.2537	0.952	1.2024
  ]	1.1179	0.9603	1.4464	0.9595	0.9598	0.9637	1.0622	0.9598	2.3137	0.9595	0.961	5.6012	0.9595	0.9599	0.9594	0.9611	0.9596	0.9564	0.9599	0.9623	1.8465	0.9599	0.9594	0.9598	0.9603	0.9594	0.9599	0.9703	0	0.9947	0.9594	0.9595	0.9594	0.9631	0.9597	2.5028	1.552	0.9613	0.9595	0.9599	0.9594	0.9595	0.9597	0.9594	0.9594	0.9599	2.2939	0.9596	0.9602	0.9602	1.7208	0.958	0.9595	0.9615	1.1047	2.9152	0.9583	0.9594	0.96	0.9594	1.4765	0.9675	4.5087	1.7182	0.96
  ^	0.9627	0.9626	0.9607	0.9625	0.962	0.9618	0.9615	0.9625	0.9378	0.9626	0.9612	2.391	0.9625	0.9625	0.9625	0.9625	0.9625	0.9534	0.9626	0.9627	0.9581	0.9626	0.9625	0.9625	0.9619	0.9625	0.9626	0.9586	0.9947	0	0.9625	0.9625	0.9625	0.9626	0.9604	1.413	0.9573	0.9631	0.9626	0.9626	0.9625	0.9625	0.9625	0.9625	0.9625	0.9626	0.9835	0.9626	0.9627	0.9626	0.9562	0.9594	0.9626	0.9626	0.9628	0.9626	0.9576	0.9626	0.9625	0.9625	1.8102	0.9626	1.4544	0.9555	0.9624
  _	0.9632	0.9629	0.9607	0.963	0.9623	0.9619	0.9612	0.9629	0.9309	0.9631	0.9608	0.931	0.963	0.9629	0.963	0.9627	0.9629	0.9515	0.963	0.9626	0.9559	0.9632	0.963	0.9629	0.9617	0.963	0.963	0.9579	0.9594	0.9625	0	0.9629	0.963	0.963	0.9601	0.9547	1.4282	0.9632	0.9631	0.963	0.963	0.963	0.963	0.963	0.963	0.963	0.9553	0.963	0.9631	0.963	0.9545	0.959	0.9631	0.9629	0.9631	0.9629	0.9567	0.9631	0.9629	0.963	0.9614	0.9631	0.8798	0.9537	0.9628
  `	0.9631	0.9629	0.9597	0.9629	0.9623	0.9618	0.9612	0.9628	0.932	0.963	0.9608	1.3979	0.9629	0.9628	0.9629	0.9626	0.9628	0.9518	0.9629	0.9626	0.956	0.963	0.9629	0.9628	0.9618	0.9628	0.9629	0.958	0.9595	0.9625	0.9629	0	0.9629	0.9629	0.9602	0.955	0.9532	0.9631	0.963	0.9629	0.9629	0.9629	0.9629	0.9629	0.9629	0.9629	0.9556	0.9629	0.963	0.9629	0.9548	0.9591	0.963	0.9628	0.9631	0.9627	0.9568	0.9629	0.9628	0.9629	0.9614	0.963	0.8824	0.9539	0.9627
  a	0.9632	0.9629	0.9595	0.963	0.9623	0.9618	0.9612	0.9629	0.9308	0.9631	0.9608	0.9308	0.963	0.9629	0.963	0.9627	0.963	0.9514	0.963	0.9626	0.9556	0.9631	0.963	0.9628	0.9617	0.9629	0.963	0.9579	0.9594	0.9625	0.963	0.9629	0	0.963	0.9601	0.9547	0.9528	0.9632	0.9631	0.963	0.963	0.963	0.963	0.963	0.963	0.963	1.4333	0.963	0.9631	0.963	0.9545	0.959	0.9631	0.9629	0.9631	0.9628	0.9567	0.9631	0.9629	0.963	0.9613	0.9631	0.8793	0.9535	0.9628
  b	0.9632	0.9629	1.0385	0.963	0.9624	0.9711	0.9615	0.9629	0.9359	0.9631	0.9613	0.942	0.9629	0.9629	0.9629	0.9805	0.9629	0.9535	0.963	0.9628	3.6788	0.9634	0.9629	0.9629	0.9619	0.9629	0.963	1.1564	0.9631	0.9626	0.963	0.9629	0.963	0	0.9606	0.9561	2.8448	0.9806	0.9631	0.963	0.963	0.963	0.9631	0.963	0.963	0.963	0.9566	0.963	0.9632	1.3378	0.9558	0.9601	0.9632	0.9629	0.9631	0.9646	0.9577	0.963	0.9629	0.963	0.9617	0.963	1.4912	0.9555	0.9628
  c	0.9604	0.9608	0.9607	0.9602	0.9597	0.9604	0.9762	0.9603	3.9827	0.9602	1.001	0.9419	0.9601	0.9604	0.9601	0.9608	0.9601	0.9537	0.9605	1.2485	0.9828	0.9602	0.9601	0.9602	0.9594	0.96	0.9605	0.9574	0.9597	0.9604	0.9601	0.9602	0.9601	0.9606	0	0.9565	1.0988	0.9609	0.9602	0.9604	0.9601	0.9601	1.0192	0.9601	0.96	0.9604	0.957	0.9602	1.0593	0.9607	0.9569	0.9578	0.9602	0.9609	0.9607	0.961	0.9928	0.9601	0.9603	0.9601	0.9607	0.9605	2.3136	0.9556	0.9601
  d	0.9553	0.9565	1.1662	0.9549	3.4432	1.0137	0.9587	1.4331	0.9478	0.9548	0.9577	10.0243	0.9548	0.9554	1.4072	0.956	1.1411	0.9871	0.9556	0.9604	0.9586	0.9555	0.955	1.9102	0.9603	0.9546	0.9556	1.2559	2.5028	1.413	0.9547	0.955	0.9547	0.9561	0.9565	0	5.2284	0.9569	0.9548	0.9556	0.9547	1.085	0.9553	0.9547	0.9545	0.9556	9.6805	0.9551	0.9562	0.9564	3.4958	0.9534	0.9551	0.962	0.9563	1.472	0.955	0.9546	1.1557	0.9546	0.9585	0.9555	0.9428	7.5397	1.4287
  e	0.9538	0.9558	3.6307	0.9532	0.9788	5.9181	0.9593	0.9536	1.6012	0.9534	0.9592	5.1224	2.3827	0.9592	0.9535	1.4671	1.9497	5.9578	0.954	1.0616	7.6251	1.3012	1.4288	0.9538	0.9536	0.9528	0.954	3.864	1.552	0.9573	1.4282	0.9532	0.9528	2.8448	1.0988	5.2284	0	1.9076	1.003	0.954	1.4292	1.1882	1.0441	1.4293	0.9527	0.954	9.502	0.9534	1.1041	1.4322	1.5534	0.9942	1.1576	1.4406	0.9549	1.529	1.9245	0.9527	1.0778	0.9527	2.4328	0.9539	13.0446	2.3009	1.4349
  f	0.9633	0.9633	1.0933	0.9631	0.9627	0.9624	0.9625	0.9631	0.9385	0.9632	0.9618	1.015	0.9631	0.9631	0.9631	0.9634	0.9631	0.9535	0.9633	0.9637	1.4347	0.9635	0.9631	0.9632	0.9621	0.9631	0.9633	0.9592	0.9613	0.9631	0.9632	0.9631	0.9632	0.9806	0.9609	0.9569	1.9076	0	0.9635	0.9632	0.9631	0.9631	0.9633	0.9632	0.9632	0.9632	0.9585	0.9632	0.9639	0.9633	0.9578	0.9599	0.9632	0.9633	0.9634	0.9638	0.958	0.9632	0.9631	0.9632	1.0749	0.9633	1.5137	0.956	0.963
  g	0.9632	0.963	1.7477	0.963	0.9624	0.962	0.998	0.963	0.9307	0.9632	0.9609	0.9744	0.963	0.963	0.963	0.9629	0.963	0.9515	0.9631	1.0185	0.9735	0.9633	0.9631	0.9629	0.9618	0.963	0.9631	0.958	0.9595	0.9626	0.9631	0.963	0.9631	0.9631	0.9602	0.9548	1.003	0.9635	0	0.9631	0.9631	0.9631	1.1353	0.9631	0.9631	0.9631	0.9555	0.9631	0.9643	0.963	0.9546	0.9591	0.9631	0.9629	0.9632	0.963	0.9567	0.9631	0.9629	0.9631	0.9614	0.9631	0.8832	0.9536	0.9629
  h	0.9632	0.963	0.9601	0.963	0.9624	0.962	0.9614	0.963	0.9345	0.9631	0.9612	0.9345	0.963	0.9629	0.963	0.9628	0.963	0.9528	0.963	0.9627	0.9566	0.9631	0.963	0.9629	0.9618	0.963	0.963	0.9585	0.9599	0.9626	0.963	0.9629	0.963	0.963	0.9604	0.9556	0.954	0.9632	0.9631	0	0.963	0.963	0.963	0.963	0.963	0.963	0.9562	0.963	0.9631	0.963	0.9555	0.9595	0.9631	0.9629	0.9631	0.9628	0.9574	0.963	0.9629	0.963	0.9616	0.9631	1.3322	0.9546	0.9628
  i	0.9631	0.9629	0.9595	0.963	0.9623	0.9619	0.9612	0.9629	0.9309	0.9631	0.9608	0.931	0.9631	0.9629	0.963	0.9627	0.9629	0.9515	0.963	0.9626	0.9557	0.9632	0.963	0.9628	0.9617	0.9629	0.963	0.9579	0.9594	0.9625	0.963	0.9629	0.963	0.963	0.9601	0.9547	1.4292	0.9631	0.9631	0.963	0	0.963	0.963	0.963	0.963	0.963	0.9553	0.963	0.9631	0.9629	0.9545	0.959	0.963	0.9629	0.9631	0.9629	0.9567	0.963	0.9628	0.963	0.9613	0.963	0.8796	0.9535	0.9628
  j	0.9631	0.9629	0.9595	0.9629	0.9624	0.9619	0.9612	0.9629	0.9308	0.963	0.9608	0.9313	0.9629	0.9629	0.9629	0.9627	0.9629	0.9515	0.963	0.9626	0.9557	0.9632	0.9629	0.9628	0.9616	0.9629	0.963	0.9579	0.9595	0.9625	0.963	0.9629	0.963	0.963	0.9601	1.085	1.1882	0.9631	0.9631	0.963	0.963	0	0.963	0.963	0.963	0.963	1.0687	0.963	0.9631	0.9629	0.9545	0.959	0.963	0.9629	0.9631	0.9629	0.9567	0.963	0.9628	0.963	0.9613	0.963	0.8795	0.9537	0.9627
  k	0.9631	0.9629	1.2788	0.9629	0.9623	0.9622	0.9615	0.9629	1.7608	0.963	0.961	0.9333	0.963	0.9629	0.9629	0.9629	0.963	0.9523	0.963	1.011	0.97	0.9632	0.963	0.9628	0.9617	0.9629	0.963	0.9583	0.9597	0.9625	0.963	0.9629	0.963	0.9631	1.0192	0.9553	1.0441	0.9633	1.1353	0.963	0.963	0.963	0	0.963	0.963	0.963	0.9561	0.963	1.0603	0.963	0.9551	0.9593	0.963	0.9629	0.9631	0.9629	0.9572	0.963	0.9628	0.963	0.9615	0.963	0.9128	0.9542	0.9628
  l	0.9631	0.9629	0.9595	0.963	0.9623	0.9619	0.9612	0.9629	0.9309	0.9631	0.9608	0.931	0.9629	0.9629	0.963	0.9627	0.9629	0.9515	0.963	0.9626	0.9557	0.9632	0.963	0.9628	0.9617	0.9629	0.963	0.9579	0.9594	0.9625	0.963	0.9629	0.963	0.963	0.9601	0.9547	1.4293	0.9632	0.9631	0.963	0.963	0.963	0.963	0	0.963	0.963	0.9553	0.963	0.9631	0.963	0.9545	0.959	0.963	0.9629	0.9631	0.9629	0.9567	0.963	0.9629	0.963	0.9613	0.9631	0.8797	0.9535	0.9628
  m	0.9631	0.9629	0.9594	0.963	0.9623	0.9618	0.9612	0.9629	0.9304	0.963	0.9607	0.9305	0.9629	0.9629	0.9629	0.9627	0.9629	0.9513	0.963	0.9626	0.9556	0.9631	0.9629	0.9628	0.9616	0.9629	0.963	0.9615	0.9594	0.9625	0.963	0.9629	0.963	0.963	0.96	0.9545	0.9527	0.9632	0.9631	0.963	0.963	0.963	0.963	0.963	0	0.963	0.9551	0.963	0.9631	0.9629	0.9543	0.959	0.963	0.9629	0.9671	0.9627	0.9566	0.963	0.9628	0.963	1.4496	0.963	0.8785	0.9534	0.9627
  n	0.9632	0.9629	0.9601	0.963	0.9624	0.962	0.9614	0.9629	0.9345	0.9631	0.9611	0.9345	0.963	0.9629	0.963	0.9637	0.963	0.9528	0.963	0.9627	0.9566	0.9631	0.963	0.9629	0.9618	0.963	0.963	0.9585	0.9599	0.9626	0.963	0.9629	0.963	0.963	0.9604	0.9556	0.954	0.9632	0.9631	0.963	0.963	0.963	0.963	0.963	0.963	0	0.9562	0.963	0.9631	0.963	0.9555	0.9595	0.9631	0.9629	0.9635	0.9628	0.9574	0.963	0.9629	0.963	0.9616	0.9631	1.3317	0.9546	0.9628
  o	0.956	0.9571	1.5362	0.9555	4.2047	1.8263	1.4191	0.9559	1.6982	0.9554	0.9582	6.8438	0.9554	0.9562	1.4334	0.9568	1.7382	1.3858	0.9565	0.9609	1.0052	0.9586	0.9553	1.4339	0.9573	1.4329	0.9562	0.9545	2.2939	0.9835	0.9553	0.9556	1.4333	0.9566	0.957	9.6805	9.502	0.9585	0.9555	0.9562	0.9553	1.0687	0.9561	0.9553	0.9551	0.9562	0	0.9556	1.2147	0.9568	2.1933	0.954	0.9556	0.9578	0.9569	3.2982	1.2305	0.9552	0.9568	0.9552	0.9591	0.9561	2.2128	2.6118	0.9559
  p	0.9631	0.9629	0.9598	0.963	0.9623	0.9619	0.9613	0.9629	0.9325	0.963	0.9609	0.9325	0.9629	0.9629	0.9629	0.9628	0.9629	0.952	0.963	0.9627	0.9561	0.9631	0.9629	0.9628	0.9617	0.9629	0.963	0.9581	0.9596	0.9626	0.963	0.9629	0.963	0.963	0.9602	0.9551	0.9534	0.9632	0.9631	0.963	0.963	0.963	0.963	0.963	0.963	0.963	0.9556	0	0.9631	0.9629	0.9549	0.9592	0.963	0.9887	0.9631	0.9628	0.957	0.963	0.9628	0.963	1.2621	0.963	1.0841	0.954	0.9628
  q	0.9632	0.963	2.2737	0.963	0.9626	0.9625	1.3677	0.963	1.1638	0.9631	0.9614	1.7349	0.9631	0.963	0.963	0.9631	0.9631	0.9533	0.9631	1.0383	0.9585	1.2577	0.9631	0.9736	0.9622	0.963	0.9631	0.9588	0.9602	0.9627	0.9631	0.963	0.9631	0.9632	1.0593	0.9562	1.1041	0.9639	0.9643	0.9631	0.9631	0.9631	1.0603	0.9631	0.9631	0.9631	1.2147	0.9631	0	0.9631	0.986	0.9596	0.9631	0.963	0.9632	0.9633	0.9578	0.9631	0.9629	0.9631	0.9617	0.9632	1.2164	0.9551	0.9629
  r	0.9631	0.9629	0.9882	0.9629	0.9624	0.9621	0.9616	0.9629	0.9371	0.963	0.9613	0.9377	0.9629	0.9629	0.9629	0.9628	0.9629	0.9537	0.963	0.9627	1.0932	0.9631	0.9629	0.9628	0.9619	0.9629	0.963	0.9589	0.9602	0.9626	0.963	0.9629	0.963	1.3378	0.9607	0.9564	1.4322	0.9633	0.963	0.963	0.9629	0.9629	0.963	0.963	0.9629	0.963	0.9568	0.9629	0.9631	0	0.9562	0.9598	0.963	0.9629	0.9631	0.9631	0.9579	0.963	0.9628	0.963	0.9617	0.963	1.7903	0.9554	0.9628
  s	0.9554	0.9564	2.2193	0.9547	0.9548	1.1928	0.9591	0.9551	2.1932	0.9547	0.9586	6.3648	0.9545	0.9553	0.9545	0.9561	0.9547	0.9532	0.9555	0.9603	1.1811	0.9548	0.9545	0.9552	0.9553	0.9544	0.9555	1.0314	1.7208	0.9562	0.9545	0.9548	0.9545	0.9558	0.9569	3.4958	1.5534	0.9578	0.9546	0.9555	0.9545	0.9545	0.9551	0.9545	0.9543	0.9555	2.1933	0.9549	0.986	0.9562	0	0.9535	0.9545	0.957	0.9562	1.0947	0.979	0.9544	1.1053	0.9544	0.9587	0.9554	7.612	1.228	0.9549
  t	0.9594	0.9599	0.9585	0.9595	0.9584	1.2473	0.9596	0.9592	0.9325	0.9591	0.959	0.9327	0.959	0.9625	0.959	0.96	0.959	5.9147	0.9595	0.9613	1.3359	0.9594	0.959	0.9591	0.9579	0.9589	0.9595	1.4722	0.958	0.9594	0.959	0.9591	0.959	0.9601	0.9578	0.9534	0.9942	0.9599	0.9591	0.9595	0.959	0.959	0.9593	0.959	0.959	0.9595	0.954	0.9592	0.9596	0.9598	0.9535	0	0.9591	0.9601	0.9599	0.9602	1.046	0.959	0.9593	0.959	1.1136	0.9594	0.8856	0.952	0.959
  u	0.9632	0.963	0.9597	0.963	0.9623	0.962	0.9612	0.963	0.931	0.9631	0.9608	0.9319	0.963	0.9629	0.963	0.9627	0.963	0.9516	0.9631	0.9626	1.0213	0.9632	0.963	0.9629	0.9618	0.963	0.9631	0.958	0.9595	0.9626	0.9631	0.963	0.9631	0.9632	0.9602	0.9551	1.1576	0.9632	0.9631	0.9631	0.963	0.963	0.963	0.963	0.963	0.9631	0.9556	0.963	0.9631	0.963	0.9545	0.9591	0	0.9629	0.9632	0.9629	0.9567	0.9631	0.9629	0.9631	0.9614	0.9631	0.88	1.2693	0.9628
  v	0.9631	0.9629	0.9611	0.9629	0.9624	0.9622	0.9618	0.9628	0.9403	0.9629	0.9616	1.3968	0.9628	0.9629	0.9628	0.9627	0.9628	0.9548	0.9629	0.9627	0.9582	0.963	0.9628	0.9628	0.9621	0.9628	0.9633	0.9594	0.9615	0.9626	0.9629	0.9628	0.9629	0.9629	0.9609	0.962	1.4406	0.9633	0.9629	0.9629	0.9629	0.9629	0.9629	0.9629	0.9629	0.9629	0.9578	0.9887	0.963	0.9629	0.957	0.9601	0.9629	0	0.963	0.963	0.9585	0.9629	0.9628	0.9629	1.0087	0.963	2.2617	0.9564	0.9628
  w	1.1005	0.9631	0.9607	0.9654	0.9626	0.9623	0.9985	0.9631	0.937	0.9632	0.9615	0.9383	0.9631	0.9631	0.9631	0.9642	0.9631	0.9543	0.9631	0.9628	0.9574	0.9632	0.9631	0.963	0.962	0.9631	0.9631	1.2759	1.1047	0.9628	0.9631	0.9631	0.9631	0.9631	0.9607	0.9563	0.9549	0.9634	0.9632	0.9631	0.9631	0.9631	0.9631	0.9631	0.9671	0.9635	0.9569	0.9631	0.9632	0.9631	0.9562	0.9599	0.9632	0.963	0	0.9632	0.9579	0.9632	0.963	0.9632	1.7833	1.0088	1.7298	0.9553	0.963
  x	0.9633	0.9629	0.9817	0.9627	0.9627	0.9643	0.9622	0.9628	0.9436	0.9628	0.9617	2.7032	0.9631	0.9629	0.9628	0.963	0.963	0.956	0.9629	0.9632	1.6519	1.2154	0.9628	0.9628	0.9624	0.9627	0.9629	0.9597	2.9152	0.9626	0.9629	0.9627	0.9628	0.9646	0.961	1.472	1.529	0.9638	0.963	0.9628	0.9629	0.9629	0.9629	0.9629	0.9627	0.9628	3.2982	0.9628	0.9633	0.9631	1.0947	0.9602	0.9629	0.963	0.9632	0	0.9604	0.9628	0.9628	0.9628	0.9622	0.9629	1.8376	1.007	0.9628
  y	0.9571	0.9583	0.9592	0.9571	0.9564	1.6348	1.4663	0.9571	4.0507	0.9568	0.9709	2.0561	0.9567	1.1081	0.9566	0.9584	0.9567	1.1992	0.9574	0.9609	1.041	0.9571	0.9566	0.957	0.9563	0.9566	0.9574	0.9547	0.9583	0.9576	0.9567	0.9568	0.9567	0.9577	0.9928	0.955	1.9245	0.958	0.9567	0.9574	0.9567	0.9567	0.9572	0.9567	0.9566	0.9574	1.2305	0.957	0.9578	0.9579	0.979	1.046	0.9567	0.9585	0.9579	0.9604	0	0.9566	0.9573	0.9566	0.9799	0.9573	1.2106	0.9839	0.9568
  z	0.9632	0.963	0.9595	0.963	0.9623	0.9619	0.9612	0.963	0.9304	0.9631	0.9608	0.9305	0.963	0.9629	0.963	1.0697	0.963	0.9514	0.9631	0.9626	0.9556	0.9632	0.963	0.9629	0.9617	0.963	0.9631	0.9579	0.9594	0.9626	0.9631	0.9629	0.9631	0.963	0.9601	0.9546	0.9527	0.9632	0.9631	0.963	0.963	0.963	0.963	0.963	0.963	0.963	0.9552	0.963	0.9631	0.963	0.9544	0.959	0.9631	0.9629	0.9632	0.9628	0.9566	0	0.9629	0.9631	1.3817	0.9631	0.8785	0.9534	0.9628
  {	0.963	0.9628	0.9604	0.9628	0.9623	0.9629	0.9614	0.9628	0.9397	0.9629	0.9611	0.9364	0.9628	0.9628	0.9628	0.9626	0.9628	0.9527	0.9629	0.9627	0.9567	0.963	0.9628	0.9627	0.9617	0.9628	0.9629	0.966	0.96	0.9625	0.9629	0.9628	0.9629	0.9629	0.9603	1.1557	1.0778	0.9631	0.9629	0.9629	0.9628	0.9628	0.9628	0.9629	0.9628	0.9629	0.9568	0.9628	0.9629	0.9628	1.1053	0.9593	0.9629	0.9628	0.963	0.9628	0.9573	0.9629	0	0.9629	0.9616	0.9629	1.3251	0.9546	0.9627
  |	0.9632	0.963	0.9595	0.963	0.9623	0.9619	1.4419	0.9629	0.9305	0.9631	0.9608	0.9305	0.963	0.9629	0.963	0.9627	0.9629	0.9513	0.963	0.9626	0.9556	0.9632	0.963	0.9628	0.9617	0.963	0.963	0.9578	0.9594	0.9625	0.963	0.9629	0.963	0.963	0.9601	0.9546	0.9527	0.9632	0.9631	0.963	0.963	0.963	0.963	0.963	0.963	0.963	0.9552	0.963	0.9631	0.963	0.9544	0.959	0.9631	0.9629	0.9632	0.9628	0.9566	0.9631	0.9629	0	0.9613	0.9631	0.8785	0.9534	0.9628
  }	0.9619	0.9618	0.9627	1.0205	0.9611	1.0357	0.9618	0.9614	0.9492	0.9615	1.0471	1.5493	0.9613	0.9617	0.9613	3.3267	0.9613	1.6753	0.9616	0.9626	0.9668	0.9616	0.9613	0.9614	0.9609	0.9613	0.9616	1.663	1.4765	1.8102	0.9614	0.9614	0.9613	0.9617	0.9607	0.9585	2.4328	1.0749	0.9614	0.9616	0.9613	0.9613	0.9615	0.9613	1.4496	0.9616	0.9591	1.2621	0.9617	0.9617	0.9587	1.1136	0.9614	1.0087	1.7833	0.9622	0.9799	1.3817	0.9616	0.9613	0	0.9617	5.2243	0.9578	0.9615
  ~	0.9684	0.963	0.9602	0.963	0.9624	0.962	1.0394	0.963	0.9346	0.9631	0.9612	0.9341	0.963	0.963	0.963	0.9628	0.963	0.9526	0.9631	0.9628	0.9566	0.9632	0.963	0.9629	0.9619	0.963	0.9631	0.9585	0.9675	0.9626	0.9631	0.963	0.9631	0.963	0.9605	0.9555	0.9539	0.9633	0.9631	0.9631	0.963	0.963	0.963	0.9631	0.963	0.9631	0.9561	0.963	0.9632	0.963	0.9554	0.9594	0.9631	0.963	1.0088	0.9629	0.9573	0.9631	0.9629	0.9631	0.9617	0	1.2563	0.9545	0.9629
  	1.0915	1.7973	6.6432	0.8821	0.8811	1.2112	4.6002	0.8861	74.2004	0.9383	4.2836	10.1495	0.8801	1.0473	0.8792	1.8108	0.8806	1.4786	1.3326	9.9455	3.7625	0.8799	0.8796	1.142	0.8826	0.8792	1.3324	1.2537	4.5087	1.4544	0.8798	0.8824	0.8793	1.4912	2.3136	0.9428	13.0446	1.5137	0.8832	1.3322	0.8796	0.8795	0.9128	0.8797	0.8785	1.3317	2.2128	1.0841	1.2164	1.7903	7.612	0.8856	0.88	2.2617	1.7298	1.8376	1.2106	0.8785	1.3251	0.8785	5.2243	1.2563	0	1.4024	1.0474
  	0.9543	0.9556	0.9617	0.9537	0.9547	0.9552	0.9578	1.9258	2.2657	0.9536	0.957	10.231	0.9536	1.1834	0.9764	0.9552	0.9539	0.9503	0.9546	0.9599	1.818	0.9537	0.9535	0.9547	1.4932	0.9535	0.9546	0.952	1.7182	0.9555	0.9537	0.9539	0.9535	0.9555	0.9556	7.5397	2.3009	0.956	0.9536	0.9546	0.9535	0.9537	0.9542	0.9535	0.9534	0.9546	2.6118	0.954	0.9551	0.9554	1.228	0.952	1.2693	0.9564	0.9553	1.007	0.9839	0.9534	0.9546	0.9534	0.9578	0.9545	1.4024	0	0.9538
  	0.9629	0.9628	0.9825	0.9628	0.9621	0.9618	0.9794	0.9627	0.9326	1.0149	1.0551	0.9327	0.9627	0.9627	0.9627	0.9626	0.9627	0.9521	0.9628	0.9627	0.9561	0.963	0.9627	0.9626	0.9615	0.9627	0.9628	1.2024	0.96	0.9624	0.9628	0.9627	0.9628	0.9628	0.9601	1.4287	1.4349	0.963	0.9629	0.9628	0.9628	0.9627	0.9628	0.9628	0.9627	0.9628	0.9559	0.9628	0.9629	0.9628	0.9549	0.959	0.9628	0.9628	0.963	0.9628	0.9568	0.9628	0.9627	0.9628	0.9615	0.9629	1.0474	0.9538	0

Actual rates from j->i (Q_ij):
	A	B	C	D	E	F	G	H	I	J	K	L	M	N	O	P	Q	R	S	T	U	V	W	X	Y	Z	[	\	]	^	_	`	a	b	c	d	e	f	g	h	i	j	k	l	m	n	o	p	q	r	s	t	u	v	w	x	y	z	{	|	}	~			
  A	0	0.0177	0.0176	0.0177	0.0177	0.0177	0.0177	0.0177	0.0171	0.0177	0.0176	0.0171	0.0177	0.0177	0.0177	0.0177	0.0177	0.0175	0.0177	0.0177	0.0175	0.0177	0.0177	0.0177	0.0176	0.0177	0.0177	0.0176	0.0205	0.0177	0.0177	0.0177	0.0177	0.0177	0.0176	0.0175	0.0175	0.0177	0.0177	0.0177	0.0177	0.0177	0.0177	0.0177	0.0177	0.0177	0.0175	0.0177	0.0177	0.0177	0.0175	0.0176	0.0177	0.0177	0.0202	0.0177	0.0176	0.0177	0.0177	0.0177	0.0176	0.0178	0.02	0.0175	0.0177
  B	0.0144	0	0.0144	0.0144	0.0144	0.0148	0.0148	0.0144	0.0207	0.0144	0.0144	0.0141	0.0144	0.0144	0.0144	0.0145	0.0144	0.0143	0.0144	0.0144	0.0144	0.0144	0.0144	0.0144	0.0144	0.0144	0.0144	0.0144	0.0144	0.0144	0.0144	0.0144	0.0144	0.0144	0.0144	0.0143	0.0143	0.0144	0.0144	0.0144	0.0144	0.0144	0.0144	0.0144	0.0144	0.0144	0.0143	0.0144	0.0144	0.0144	0.0143	0.0144	0.0144	0.0144	0.0144	0.0144	0.0144	0.0144	0.0144	0.0144	0.0144	0.0144	0.0269	0.0143	0.0144
  C	0.0073	0.0073	0	0.0073	0.0073	0.0073	0.0125	0.0073	0.0094	0.0073	0.0077	0.0259	0.0073	0.0073	0.0073	0.0105	0.0073	0.0072	0.0073	0.0099	0.0296	0.0099	0.0073	0.0086	0.0073	0.0073	0.0073	0.0078	0.0109	0.0073	0.0073	0.0073	0.0073	0.0079	0.0073	0.0088	0.0275	0.0083	0.0132	0.0073	0.0073	0.0073	0.0097	0.0073	0.0073	0.0073	0.0116	0.0073	0.0172	0.0075	0.0168	0.0073	0.0073	0.0073	0.0073	0.0074	0.0073	0.0073	0.0073	0.0073	0.0073	0.0073	0.0503	0.0073	0.0074
  D	0.0181	0.0181	0.0181	0	0.0181	0.0181	0.0181	0.0181	0.0176	0.0181	0.0181	0.0176	0.0181	0.0181	0.0181	0.0181	0.0181	0.0633	0.0181	0.0181	0.018	0.0181	0.0181	0.0181	0.0181	0.0181	0.0181	0.0266	0.0181	0.0181	0.0181	0.0181	0.0181	0.0181	0.0181	0.018	0.018	0.0181	0.0181	0.0181	0.0181	0.0181	0.0181	0.0181	0.0181	0.0181	0.018	0.0181	0.0181	0.0181	0.018	0.0181	0.0181	0.0181	0.0182	0.0181	0.018	0.0181	0.0181	0.0181	0.0192	0.0181	0.0166	0.018	0.0181
  E	0.0183	0.0183	0.0182	0.0183	0	0.0183	0.0183	0.0183	0.0177	0.0183	0.0182	0.0274	0.0183	0.0183	0.0183	0.0183	0.0183	0.0181	0.0183	0.0183	0.0182	0.0183	0.0183	0.0183	0.0183	0.0183	0.0183	0.0182	0.0182	0.0183	0.0183	0.0183	0.0183	0.0183	0.0182	0.0654	0.0186	0.0183	0.0183	0.0183	0.0183	0.0183	0.0183	0.0183	0.0183	0.0183	0.0799	0.0183	0.0183	0.0183	0.0181	0.0182	0.0183	0.0183	0.0183	0.0183	0.0182	0.0183	0.0183	0.0183	0.0183	0.0183	0.0167	0.0181	0.0183
  F	0.016	0.0164	0.0159	0.016	0.0159	0	0.0176	0.016	0.0214	0.016	0.0176	0.016	0.016	0.0233	0.0159	0.0253	0.016	0.0881	0.016	0.016	0.0165	0.025	0.016	0.0159	0.0159	0.0159	0.016	0.0224	0.016	0.0159	0.016	0.0159	0.016	0.0161	0.0159	0.0168	0.0981	0.016	0.016	0.016	0.016	0.016	0.016	0.016	0.0159	0.016	0.0303	0.016	0.016	0.016	0.0198	0.0207	0.016	0.016	0.016	0.016	0.0271	0.016	0.016	0.016	0.0172	0.016	0.0201	0.0158	0.016
  G	0.0094	0.0097	0.0161	0.0094	0.0094	0.0104	0	0.0094	0.027	0.0095	0.0208	0.0113	0.0094	0.0096	0.0094	0.0095	0.0094	0.0121	0.0094	0.0104	0.0094	0.0102	0.0094	0.0094	0.0094	0.0094	0.0094	0.0096	0.0104	0.0094	0.0094	0.0094	0.0094	0.0094	0.0095	0.0094	0.0094	0.0094	0.0098	0.0094	0.0094	0.0094	0.0094	0.0094	0.0094	0.0094	0.0139	0.0094	0.0134	0.0094	0.0094	0.0094	0.0094	0.0094	0.0098	0.0094	0.0143	0.0094	0.0094	0.0141	0.0094	0.0102	0.045	0.0094	0.0096
  H	0.0172	0.0172	0.0172	0.0172	0.0172	0.0172	0.0172	0	0.0251	0.0172	0.0172	0.0251	0.0172	0.0172	0.0172	0.0172	0.0172	0.0171	0.0172	0.0172	0.0171	0.0172	0.0172	0.0172	0.0172	0.0172	0.0172	0.0172	0.0172	0.0172	0.0172	0.0172	0.0172	0.0172	0.0172	0.0257	0.0171	0.0173	0.0172	0.0172	0.0172	0.0172	0.0172	0.0172	0.0172	0.0172	0.0171	0.0172	0.0172	0.0172	0.0171	0.0172	0.0172	0.0172	0.0172	0.0172	0.0171	0.0172	0.0172	0.0172	0.0172	0.0172	0.0159	0.0345	0.0172
  I	0.0017	0.0025	0.0022	0.0017	0.0017	0.0023	0.005	0.0025	0	0.0017	0.0032	0.0035	0.0017	0.002	0.0017	0.0025	0.0017	0.0017	0.0017	0.0019	0.0055	0.0017	0.0017	0.0017	0.0017	0.0017	0.0017	0.0017	0.0042	0.0017	0.0017	0.0017	0.0017	0.0017	0.0072	0.0017	0.0029	0.0017	0.0017	0.0017	0.0017	0.0017	0.0032	0.0017	0.0017	0.0017	0.0031	0.0017	0.0021	0.0017	0.004	0.0017	0.0017	0.0017	0.0017	0.0017	0.0073	0.0017	0.0017	0.0017	0.0017	0.0017	0.1337	0.0041	0.0017
  J	0.0184	0.0184	0.0185	0.0184	0.0184	0.0184	0.0185	0.0184	0.0178	0	0.0191	0.0178	0.0184	0.0184	0.0184	0.0184	0.0184	0.0182	0.0184	0.0184	0.0183	0.0184	0.0184	0.0184	0.0184	0.0184	0.0184	0.026	0.0184	0.0184	0.0184	0.0184	0.0184	0.0184	0.0184	0.0183	0.0183	0.0184	0.0184	0.0184	0.0184	0.0184	0.0184	0.0184	0.0184	0.0184	0.0183	0.0184	0.0184	0.0184	0.0183	0.0184	0.0184	0.0184	0.0184	0.0184	0.0183	0.0184	0.0184	0.0184	0.0184	0.0184	0.018	0.0183	0.0194
  K	0.0099	0.0099	0.0105	0.0099	0.0099	0.011	0.022	0.0099	0.0186	0.0103	0	0.01	0.0099	0.0103	0.0099	0.0099	0.0099	0.0107	0.0099	0.01	0.0108	0.0099	0.0099	0.0099	0.0099	0.0099	0.0099	0.0116	0.0099	0.0099	0.0099	0.0099	0.0099	0.0099	0.0104	0.0099	0.0099	0.0099	0.0099	0.0099	0.0099	0.0099	0.0099	0.0099	0.0099	0.0099	0.0099	0.0099	0.0099	0.0099	0.0099	0.0099	0.0099	0.0099	0.0099	0.0099	0.01	0.0099	0.0099	0.0099	0.0108	0.0099	0.0443	0.0099	0.0109
  L	0.0066	0.0066	0.0241	0.0066	0.0101	0.0068	0.0081	0.0098	0.0137	0.0065	0.0068	0	0.0065	0.0067	0.0066	0.0066	0.0066	0.0067	0.0066	0.0075	0.0945	0.0066	0.0065	0.0072	0.0093	0.0065	0.0066	0.0091	0.0394	0.0168	0.0065	0.0098	0.0065	0.0066	0.0066	0.0705	0.036	0.0071	0.0069	0.0066	0.0065	0.0065	0.0066	0.0065	0.0065	0.0066	0.0481	0.0066	0.0122	0.0066	0.0448	0.0066	0.0066	0.0098	0.0066	0.019	0.0145	0.0065	0.0066	0.0065	0.0109	0.0066	0.0714	0.0719	0.0066
  M	0.0185	0.0185	0.0184	0.0185	0.0185	0.0185	0.0185	0.0185	0.0179	0.0185	0.0185	0.0179	0	0.0185	0.0185	0.0185	0.0185	0.0183	0.0185	0.0185	0.0184	0.0185	0.0185	0.0185	0.0185	0.0185	0.0185	0.0184	0.0184	0.0185	0.0185	0.0185	0.0185	0.0185	0.0185	0.0183	0.0458	0.0185	0.0185	0.0185	0.0185	0.0185	0.0185	0.0185	0.0185	0.0185	0.0184	0.0185	0.0185	0.0185	0.0183	0.0184	0.0185	0.0185	0.0185	0.0185	0.0184	0.0185	0.0185	0.0185	0.0185	0.0185	0.0169	0.0183	0.0185
  N	0.0172	0.0172	0.0172	0.0172	0.0172	0.0252	0.0175	0.0172	0.0199	0.0172	0.0179	0.017	0.0172	0	0.0172	0.0172	0.0172	0.0338	0.0172	0.0172	0.0181	0.0172	0.0172	0.0172	0.0172	0.0172	0.0172	0.0172	0.0172	0.0172	0.0172	0.0172	0.0172	0.0172	0.0172	0.0171	0.0172	0.0172	0.0172	0.0172	0.0172	0.0172	0.0172	0.0172	0.0172	0.0172	0.0171	0.0172	0.0172	0.0172	0.0171	0.0172	0.0172	0.0172	0.0172	0.0172	0.0198	0.0172	0.0172	0.0172	0.0172	0.0172	0.0187	0.0212	0.0172
  O	0.0187	0.0187	0.0186	0.0187	0.0187	0.0187	0.0187	0.0187	0.0181	0.0187	0.0187	0.0181	0.0187	0.0187	0	0.0187	0.0187	0.0185	0.0187	0.0187	0.0186	0.0187	0.0187	0.0187	0.0187	0.0187	0.0187	0.0186	0.0186	0.0187	0.0187	0.0187	0.0187	0.0187	0.0187	0.0273	0.0185	0.0187	0.0187	0.0187	0.0187	0.0187	0.0187	0.0187	0.0187	0.0187	0.0278	0.0187	0.0187	0.0187	0.0185	0.0186	0.0187	0.0187	0.0187	0.0187	0.0186	0.0187	0.0187	0.0187	0.0187	0.0187	0.0171	0.019	0.0187
  P	0.0154	0.0155	0.0222	0.0154	0.0154	0.0244	0.0156	0.0154	0.0226	0.0154	0.0154	0.015	0.0154	0.0155	0.0154	0	0.0154	0.0362	0.0154	0.0154	0.0205	0.0155	0.0154	0.0154	0.0154	0.0154	0.0154	0.0154	0.0154	0.0154	0.0154	0.0154	0.0154	0.0157	0.0154	0.0153	0.0235	0.0155	0.0154	0.0154	0.0154	0.0154	0.0154	0.0154	0.0154	0.0155	0.0154	0.0154	0.0155	0.0154	0.0153	0.0154	0.0154	0.0154	0.0155	0.0155	0.0154	0.0172	0.0154	0.0154	0.0534	0.0154	0.0291	0.0153	0.0154
  Q	0.0184	0.0184	0.0183	0.0184	0.0184	0.0184	0.0184	0.0184	0.0178	0.0184	0.0183	0.0178	0.0184	0.0184	0.0184	0.0184	0	0.0182	0.0184	0.0184	0.0183	0.0184	0.0184	0.0184	0.0184	0.0184	0.0184	0.0183	0.0183	0.0184	0.0184	0.0184	0.0184	0.0184	0.0183	0.0218	0.0372	0.0184	0.0184	0.0184	0.0184	0.0184	0.0184	0.0184	0.0184	0.0184	0.0332	0.0184	0.0184	0.0184	0.0182	0.0183	0.0184	0.0184	0.0184	0.0184	0.0183	0.0184	0.0184	0.0184	0.0184	0.0184	0.0168	0.0182	0.0184
  R	0.0139	0.0139	0.0139	0.0489	0.0139	0.0774	0.018	0.0139	0.0137	0.0139	0.0151	0.0138	0.0139	0.0275	0.0139	0.0329	0.0139	0	0.0139	0.014	0.0154	0.0283	0.0139	0.0139	0.0139	0.0139	0.0139	0.0622	0.0139	0.0139	0.0139	0.0139	0.0139	0.0139	0.0139	0.0144	0.0868	0.0139	0.0139	0.0139	0.0139	0.0139	0.0139	0.0139	0.0139	0.0139	0.0202	0.0139	0.0139	0.0139	0.0139	0.0862	0.0139	0.0139	0.0139	0.0139	0.0175	0.0139	0.0139	0.0139	0.0244	0.0139	0.0215	0.0138	0.0139
  S	0.0165	0.0165	0.0164	0.0165	0.0165	0.0165	0.0165	0.0165	0.016	0.0165	0.0165	0.016	0.0165	0.0165	0.0165	0.0165	0.0165	0.0163	0	0.0165	0.0164	0.0165	0.0165	0.0165	0.0165	0.0165	0.0165	0.0164	0.0164	0.0165	0.0165	0.0165	0.0165	0.0165	0.0165	0.0164	0.0163	0.0165	0.0165	0.0165	0.0165	0.0165	0.0165	0.0165	0.0165	0.0165	0.0164	0.0165	0.0165	0.0165	0.0164	0.0164	0.0165	0.0165	0.0165	0.0165	0.0164	0.0165	0.0165	0.0165	0.0165	0.0165	0.0228	0.0164	0.0165
  T	0.0062	0.0062	0.0084	0.0062	0.0062	0.0062	0.0069	0.0062	0.0069	0.0062	0.0062	0.0069	0.0062	0.0062	0.0062	0.0062	0.0062	0.0062	0.0062	0	0.0062	0.0062	0.0062	0.0062	0.0062	0.0062	0.0062	0.0062	0.0062	0.0062	0.0062	0.0062	0.0062	0.0062	0.0081	0.0062	0.0068	0.0062	0.0066	0.0062	0.0062	0.0062	0.0065	0.0062	0.0062	0.0062	0.0062	0.0062	0.0067	0.0062	0.0062	0.0062	0.0062	0.0062	0.0062	0.0062	0.0062	0.0062	0.0062	0.0062	0.0062	0.0062	0.0641	0.0062	0.0062
