Map from character to field name
A:	Algeria
B:	Argentina
C:	Australia
D:	Austria
E:	Bangladesh
F:	Belgium
G:	Brazil
H:	Cambodia
I:	Canada
J:	Chad
K:	Chile
L:	China
M:	Czech Republic
N:	Denmark
O:	Egypt
P:	France
Q:	Georgia
R:	Germany
S:	Guam
T:	Guatemala
U:	Hong Kong
V:	Hungary
W:	Iceland
X:	India
Y:	Indonesia
Z:	Iran
[:	Ireland
\:	Italy
]:	Japan
^:	Kazakhstan
_:	Kuwait
`:	Laos
a:	Luxembourg
b:	Malaysia
c:	Mexico
d:	Mongolia
e:	Netherlands
f:	New Zealand
g:	Nicaragua
h:	Nigeria
i:	Norway
j:	Pakistan
k:	Peru
l:	Philippines
m:	Poland
n:	Romania
o:	Russia
p:	Saudi Arabia
q:	Singapore
r:	South Africa
s:	South Korea
t:	Spain
u:	Sri Lanka
v:	Sweden
w:	Switzerland
x:	Taiwan
y:	Thailand
z:	Turkey
{:	Ukraine
|:	United Arab Emirates
}:	United Kingdom
~:	Uruguay
:	Usa
:	Vietnam
:	Zambia
:	?


Substitution rate (mu): 16.62028

Equilibrium frequencies (pi_i):
  A: 0.0183
  B: 0.0156
  C: 0.0095
  D: 0.0187
  E: 0.0203
  F: 0.0182
  G: 0.0077
  H: 0.018
  I: 0.002
  J: 0.0193
  K: 0.0129
  L: 0.0058
  M: 0.019
  N: 0.017
  O: 0.0194
  P: 0.0141
  Q: 0.0193
  R: 0.0122
  S: 0.0171
  T: 0.0078
  U: 0.0075
  V: 0.0193
  W: 0.0186
  X: 0.018
  Y: 0.0187
  Z: 0.0193
  [: 0.0185
  \: 0.0183
  ]: 0.0078
  ^: 0.0164
  _: 0.0191
  `: 0.0193
  a: 0.0193
  b: 0.014
  c: 0.0107
  d: 0.0109
  e: 0.0048
  f: 0.0169
  g: 0.0175
  h: 0.0194
  i: 0.0194
  j: 0.0176
  k: 0.0153
  l: 0.0191
  m: 0.0193
  n: 0.0188
  o: 0.0116
  p: 0.0155
  q: 0.015
  r: 0.0144
  s: 0.0073
  t: 0.019
  u: 0.0191
  v: 0.0139
  w: 0.0163
  x: 0.0141
  y: 0.0168
  z: 0.0194
  {: 0.0177
  |: 0.0193
  }: 0.0101
  ~: 0.0176
  : 0.005
  : 0.0127
  : 0.0194

Symmetrized rates from j->i (W_ij):
	A	B	C	D	E	F	G	H	I	J	K	L	M	N	O	P	Q	R	S	T	U	V	W	X	Y	Z	[	\	]	^	_	`	a	b	c	d	e	f	g	h	i	j	k	l	m	n	o	p	q	r	s	t	u	v	w	x	y	z	{	|	}	~			
  A	0	0.9677	0.9649	0.9679	0.967	0.9664	0.9652	0.9677	0.9345	0.9679	0.9683	0.9412	0.9679	0.9678	0.9679	0.9673	0.9679	0.9578	0.9679	0.9675	0.9605	0.9677	0.9679	0.9677	0.965	0.9677	0.9679	0.9628	1.2514	0.9678	0.9679	0.9679	0.9678	0.9681	0.9633	0.9622	0.9573	0.9681	0.9679	0.9679	0.9679	0.9678	0.9678	0.9678	0.9677	0.9679	0.9633	0.9679	0.9679	0.968	0.9604	0.9641	0.9679	0.9679	0.9683	0.9675	0.9603	0.9679	0.968	0.9679	0.9653	0.968	1.0931	0.9579	0.9675
  B	0.9677	0	0.9646	0.9675	0.9667	0.9663	0.9651	0.9673	0.9378	0.9675	1.1204	0.9424	0.9675	0.9674	0.9675	0.967	0.9675	0.9589	0.9675	0.967	0.9604	0.9673	0.9675	0.9673	0.965	0.9674	0.9675	0.9632	0.964	0.9674	0.9675	0.9674	0.9675	0.9675	0.9636	0.9625	0.9578	0.9677	0.9675	0.9675	0.9675	0.9674	0.9674	0.9675	0.9674	0.9675	0.9626	0.9675	0.9675	0.9676	0.9602	0.9642	0.9675	0.9675	0.9676	0.9664	0.9611	0.9675	0.9676	0.9675	0.9651	0.9676	1.7796	0.9587	0.9672
  C	0.9649	0.9646	0	0.9642	0.9633	0.9641	1.604	0.9643	0.9505	1.0416	1.1706	1.9468	0.9641	0.9651	0.9638	1.1203	0.9641	0.9612	0.9643	0.9736	1.8481	1.4438	0.9644	1.0121	0.9627	0.9638	0.964	1.2094	1.8508	0.965	0.964	0.9638	0.9638	1.1782	0.9727	0.9648	3.2015	1.1651	1.0513	0.9639	0.9639	0.9642	1.1213	0.9639	0.9638	0.964	1.3504	0.9647	1.5341	0.9653	1.4799	0.9619	0.9639	0.9651	0.9647	0.9698	1.0673	0.9638	0.9645	0.9638	0.9653	0.9645	5.2369	1.0968	1.1823
  D	0.9679	0.9675	0.9642	0	0.9668	0.9665	0.9644	0.9675	0.9319	0.9679	0.9678	1.1849	0.9678	0.9682	0.9677	0.967	0.9678	3.3592	0.9677	0.9669	0.9597	0.9677	0.9677	0.9676	0.9648	0.9676	0.9677	1.4214	0.9632	0.9676	0.9677	0.9677	0.9677	0.9676	0.9629	0.9618	0.956	0.968	0.9678	0.9677	0.9678	0.9676	0.9676	0.9677	0.968	0.9678	0.9619	0.9677	0.9677	0.9677	0.9588	0.9639	0.9677	0.9676	0.9681	0.9664	0.96	0.9677	0.9678	0.9677	0.9653	0.9677	0.8921	0.9575	0.9674
  E	0.967	0.9667	0.9633	0.9668	0	0.9654	0.9637	0.9667	0.9288	0.9669	0.9671	0.9353	0.9669	0.9668	1.2796	0.9663	0.967	0.9559	0.9669	0.9665	0.9581	0.9666	0.9669	0.9668	0.9637	0.9667	0.9669	0.9612	0.9629	0.9791	0.9668	0.9668	0.9668	0.967	0.962	4.2563	0.9625	0.9671	0.9669	0.9668	0.9669	0.9668	0.9668	0.9668	0.9667	0.9669	3.1051	0.9669	0.967	0.9671	0.9577	0.9626	0.9668	0.9669	0.967	0.9659	0.9588	0.9668	0.9669	0.9668	0.9638	0.9669	0.8856	0.956	0.9664
  F	0.9664	0.9663	0.9641	0.9665	0.9654	0	0.9641	0.9661	0.9329	0.9663	1.1341	0.9481	0.9686	1.0127	0.9663	1.4464	1.4494	3.7645	0.9664	0.9664	1.0319	1.4831	0.9665	0.9661	0.9634	0.9661	0.9663	1.4451	0.9633	0.9664	0.9663	0.9661	0.9662	0.9671	0.9622	0.9613	3.974	0.9667	0.9664	0.9662	0.9666	0.9663	0.9664	0.9662	0.9661	0.9663	2.6382	0.9665	0.9667	0.967	0.9587	0.9691	0.9662	0.9667	0.9665	0.9657	1.1889	0.9662	0.9666	0.9662	0.9643	0.9664	1.0365	0.9572	0.9663
  G	0.9652	0.9651	1.604	0.9644	0.9637	0.9641	0	0.9644	0.9544	0.9649	1.5348	1.336	0.9644	0.9648	0.9642	0.9654	0.9643	0.9615	0.9647	1.3814	1.011	0.9642	0.9646	0.9645	0.9632	0.9642	0.9645	0.9643	0.966	1.0214	0.9643	0.9642	0.9643	0.9655	0.9642	0.9635	0.9634	0.9653	1.2051	0.9643	0.9643	0.9646	0.9652	0.9643	0.9642	0.9644	0.9637	0.9651	1.3819	0.9653	0.981	0.9627	0.9643	0.9654	0.9653	0.965	0.963	0.9643	0.965	1.4464	1.0847	1.249	8.065	0.9614	0.9657
  H	0.9677	0.9673	0.9643	0.9675	0.9667	0.9661	0.9644	0	0.9331	0.9676	0.9676	1.7989	0.9676	0.9675	0.9675	0.9669	0.9675	0.9576	0.9675	0.9669	0.9595	0.9673	0.9675	0.9674	0.9647	0.9674	0.9675	0.9625	0.9703	0.9674	0.9675	0.9675	0.9675	0.9675	0.9629	0.9922	0.9564	0.968	0.9676	0.9675	0.9676	0.9675	0.9674	0.9675	0.9674	0.9675	0.9961	0.9675	0.9675	0.9676	0.959	0.9638	0.9675	0.9675	0.9676	0.9738	0.96	0.9675	0.9676	0.9675	0.9646	0.9675	0.8961	2.3958	0.9671
  I	0.9345	0.9378	0.9505	0.9319	0.9288	0.9329	0.9544	0.9331	0	0.9308	0.995	0.9554	0.9313	0.935	0.9304	0.9903	0.9307	0.9434	0.9348	0.9532	0.9548	0.9307	0.9324	0.9332	0.9315	0.9307	0.9323	0.9323	1.4445	0.9363	0.9311	0.9307	0.9307	0.9414	3.9441	0.9459	0.9736	0.9353	0.9342	0.9307	0.9306	0.934	1.0402	0.9311	0.9307	0.9318	0.9492	0.9379	0.939	0.9406	1.9078	0.9308	0.931	0.9412	0.9367	0.9406	0.936	0.9306	0.9351	0.9306	0.9499	0.9345	58.0714	1.4132	0.9306
  J	0.9679	0.9675	1.0416	0.9679	0.9669	0.9663	0.9649	0.9676	0.9308	0	1.022	0.9368	0.9679	0.9676	0.9678	0.967	0.9678	0.9572	0.9678	0.9669	0.9589	0.9676	0.9678	0.9677	0.9648	0.9677	0.9678	1.3453	0.9631	0.9677	0.9678	0.9678	0.9678	0.9677	0.9628	0.9615	0.9557	0.968	0.9678	0.9678	0.9679	0.9677	0.9677	0.9678	0.9677	0.9678	0.9617	0.9678	0.9678	0.9679	0.9585	0.9638	0.9678	0.9677	0.9678	0.9664	0.9598	0.9678	0.9678	0.9678	0.9646	0.9678	0.8915	0.9568	1.0237
  K	0.9683	1.1204	1.1706	0.9678	0.9671	1.1341	1.5348	0.9676	0.995	1.022	0	0.9565	0.9678	0.9683	0.9677	0.9691	0.9677	0.9622	0.9682	0.9715	1.0087	0.9677	0.968	0.9679	0.9657	0.9676	0.9679	1.4065	0.9688	0.9682	0.9677	0.9676	0.9676	0.9693	0.9669	0.9642	1.1961	0.9686	0.9681	1.4509	0.9677	0.968	0.9686	0.9677	0.9676	0.9678	0.966	0.9687	0.9688	0.9692	0.973	0.9651	0.9676	0.9692	0.9688	0.9683	1.1673	0.9677	0.9684	0.9677	1.2437	0.9684	3.1099	0.9612	1.2565
  L	0.9412	0.9424	1.9468	1.1849	0.9353	0.9481	1.336	1.7989	0.9554	0.9368	0.9565	0	0.9372	0.9429	0.9365	0.9459	0.9367	0.9463	0.94	1.0478	10.7628	0.9369	0.9383	1.0427	1.4026	0.9366	0.938	1.1811	5.0209	2.2572	0.9369	0.9367	0.9367	0.9464	0.9502	9.4475	1.1452	1.2452	1.1571	0.9365	0.9365	0.9403	0.9433	0.937	0.9367	0.9375	4.2956	0.9426	1.9607	0.9445	8.1449	0.9359	0.937	0.9459	0.9417	4.0903	1.41	0.9365	0.9402	0.9365	1.4278	0.9398	16.0742	8.1355	0.9366
  M	0.9679	0.9675	0.9641	0.9678	0.9669	0.9686	0.9644	0.9676	0.9313	0.9679	0.9678	0.9372	0	0.9678	0.9678	0.967	1.2632	0.9618	0.9678	0.9669	0.9594	0.9677	0.9679	0.9676	0.9648	0.9677	0.9678	0.9628	0.9632	0.9677	0.9679	0.9678	0.9678	0.9678	0.9628	0.9617	2.23	0.968	0.9678	0.9678	1.1407	0.9677	0.9676	0.9678	0.9677	0.9678	0.9846	0.9677	0.9678	0.9679	0.9587	0.9639	0.9678	0.9677	0.9678	0.9665	0.96	0.9678	0.9679	0.9678	0.9647	0.9678	0.891	0.9571	0.9676
  N	0.9678	0.9674	0.9651	0.9682	0.9668	1.0127	0.9648	0.9675	0.935	0.9676	0.9683	0.9429	0.9678	0	0.9676	0.9674	0.9678	1.506	0.9676	0.967	1.1356	0.9679	0.9677	0.9675	0.9649	0.9675	0.9676	0.9648	0.9644	0.9675	0.9677	0.9675	0.9676	0.9686	0.9633	0.9623	1.1551	0.9681	0.9677	0.9676	0.9677	0.9675	0.9675	0.9676	0.9675	0.9676	0.9639	0.9676	0.9677	0.9677	0.9596	0.9655	0.9676	0.9676	0.9676	0.9666	0.9608	0.9676	0.9678	0.9676	0.9652	0.9676	1.3475	1.2508	0.9673
  O	0.9679	0.9675	0.9638	0.9677	1.2796	0.9663	0.9642	0.9675	0.9304	0.9678	0.9677	0.9365	0.9678	0.9676	0	0.967	0.9678	0.9569	0.9677	0.9669	0.9588	0.9675	0.9677	0.9676	0.9647	0.9676	0.9678	0.9623	0.9631	0.9676	0.9677	0.9677	0.9677	0.9676	0.9627	0.9962	0.9642	0.9679	0.9678	0.9677	0.9678	0.9676	0.9676	0.9677	0.9676	0.9678	1.6966	0.9677	0.9677	0.9678	0.9584	0.9637	0.9677	0.9676	0.9677	0.9664	0.9596	0.9677	0.9678	0.9677	0.9644	0.9677	0.8888	0.9568	0.9673
  P	0.9673	0.967	1.1203	0.967	0.9663	1.4464	0.9654	0.9669	0.9903	0.967	0.9691	0.9459	0.967	0.9674	0.967	0	0.967	2.404	0.9671	0.967	0.9618	0.967	0.9671	0.9669	0.9648	0.9669	0.967	0.9633	0.9657	0.9671	0.967	0.9669	0.9669	0.9673	0.9639	0.9628	1.0724	0.9675	0.9671	0.9669	0.967	0.967	0.9671	0.967	0.9669	1.299	0.9632	0.9672	0.9672	0.9673	0.9622	0.9641	0.967	0.9673	1.1688	0.9662	0.9617	0.9671	0.9676	0.967	2.8995	0.9671	2.7603	0.9594	0.9667
  Q	0.9679	0.9675	0.9641	0.9678	0.967	1.4494	0.9643	0.9675	0.9307	0.9678	0.9677	0.9367	1.2632	0.9678	0.9678	0.967	0	0.9607	0.9678	0.9669	0.9593	0.9677	0.9678	0.9676	0.9647	0.9676	0.9678	0.9627	0.9632	0.9676	0.9678	0.9677	0.9677	0.9678	0.9627	0.9617	1.3856	0.968	0.9678	0.9677	1.2964	0.9677	0.9676	0.9678	0.9676	0.9678	1.7817	0.9677	0.9678	0.9678	0.9585	0.9638	0.9678	0.9677	0.9678	0.9665	0.9598	0.9678	0.9679	0.9678	0.9646	0.9678	0.8899	0.957	0.9675
  R	0.9578	0.9589	0.9612	3.3592	0.9559	3.7645	0.9615	0.9576	0.9434	0.9572	0.9622	0.9463	0.9618	1.506	0.9569	2.404	0.9607	0	0.9582	0.9629	1.0529	2.0109	0.9579	0.9576	0.9554	0.9569	0.9574	3.3345	0.9611	0.9586	0.9572	0.9569	0.957	0.9605	0.9587	0.9579	6.1328	0.9586	0.958	0.9569	0.9587	0.9612	0.9591	0.9571	0.9569	0.9573	0.9843	0.9591	0.9594	0.9601	0.9582	6.514	0.9571	0.9739	0.9589	0.9593	0.9541	0.9569	0.9583	0.9569	1.4409	0.958	2.2304	1.09	0.9573
  S	0.9679	0.9675	0.9643	0.9677	0.9669	0.9664	0.9647	0.9675	0.9348	0.9678	0.9682	0.94	0.9678	0.9676	0.9677	0.9671	0.9678	0.9582	0	0.967	0.9598	0.9676	0.9678	0.9676	0.965	0.9676	0.9678	0.963	0.9636	0.9676	0.9677	0.9677	0.9677	0.9676	0.9633	0.9622	0.9567	0.9679	0.9678	0.9677	0.9678	0.9677	0.9676	0.9677	0.9676	0.9678	0.9623	0.9677	0.9677	0.9678	0.9595	0.9642	0.9677	0.9676	0.9678	0.9665	0.9606	0.9677	0.9678	0.9677	0.9649	0.9678	1.3454	0.958	0.9674
  T	0.9675	0.967	0.9736	0.9669	0.9665	0.9664	1.3814	0.9669	0.9532	0.9669	0.9715	1.0478	0.9669	0.967	0.9669	0.967	0.9669	0.9629	0.967	0	0.964	0.9668	0.9671	0.9669	0.9657	0.9669	0.967	0.9648	0.9662	0.9671	0.9669	0.9669	0.9669	0.9671	0.982	0.9648	0.9631	0.9671	0.9685	0.9669	0.9669	0.967	1.1387	0.9669	0.9669	0.967	0.9649	0.9671	0.9805	0.9671	0.964	0.9653	0.9669	0.9672	0.9671	0.9666	0.9642	0.9669	0.9673	0.9669	0.9664	0.9672	7.1518	0.9628	0.9668
  U	0.9605	0.9604	1.8481	0.9597	0.9581	1.0319	1.011	0.9595	0.9548	0.9589	1.0087	10.7628	0.9594	1.1356	0.9588	0.9618	0.9593	1.0529	0.9598	0.964	0	0.9591	0.9599	0.9595	0.9583	0.9588	0.9592	1.4377	3.5953	0.9603	0.9592	0.9588	0.9588	2.6606	0.9612	0.9607	6.6794	1.3953	0.9599	0.9588	0.959	0.9596	0.9607	0.959	0.9587	0.9591	1.0857	0.9606	0.9612	0.9615	1.0174	0.9584	0.9698	0.9615	0.9603	1.34	0.9672	0.9588	0.9601	0.9588	1.4441	0.9597	4.8842	2.3581	0.9592
  V	0.9677	0.9673	1.4438	0.9677	0.9666	1.4831	0.9642	0.9673	0.9307	0.9676	0.9677	0.9369	0.9677	0.9679	0.9675	0.967	0.9677	2.0109	0.9676	0.9668	0.9591	0	0.9676	0.9674	0.9645	0.9674	0.9676	0.9625	0.963	0.9674	0.9676	0.9675	0.9675	0.9675	0.9626	0.9614	1.4232	0.968	0.9676	0.9675	0.9677	0.9675	0.9692	0.9675	0.9674	0.9676	0.9724	0.9675	0.9676	0.9677	0.9584	0.9639	0.9676	0.9675	0.9676	0.9662	0.9596	0.9675	0.9676	0.9675	0.9644	0.9676	0.8928	0.9568	0.9672
  W	0.9679	0.9675	0.9644	0.9677	0.9669	0.9665	0.9646	0.9675	0.9324	0.9678	0.968	0.9383	0.9679	0.9677	0.9677	0.9671	0.9678	0.9579	0.9678	0.9671	0.9599	0.9676	0	0.9676	0.9648	0.9676	0.9678	0.9628	0.9644	0.9677	0.9678	0.9677	0.9677	0.9679	0.963	0.9618	1.3492	0.968	0.9678	0.9677	0.9678	0.9677	0.9676	0.9678	0.9676	0.9678	0.9627	0.9677	0.9678	0.9679	0.959	0.9639	0.9677	0.9677	0.9678	0.9664	0.9601	0.9677	0.968	0.9677	0.9651	0.9678	0.9814	0.9573	0.9674
  X	0.9677	0.9673	1.0121	0.9676	0.9668	0.9661	0.9645	0.9674	0.9332	0.9677	0.9679	1.0427	0.9676	0.9675	0.9676	0.9669	0.9676	0.9576	0.9676	0.9669	0.9595	0.9674	0.9676	0	0.9647	0.9674	0.9676	0.9626	0.9635	0.9675	0.9676	0.9675	0.9675	0.9675	0.963	1.9237	0.9562	0.968	0.9676	0.9675	0.9676	0.9675	0.9674	0.9675	0.9674	0.9676	1.4435	0.9676	0.9676	0.9676	0.9591	0.9638	0.9676	0.9675	0.9676	0.9663	0.9601	0.9675	0.9676	0.9675	0.9646	0.9676	1.1999	0.9576	0.9672
  Y	0.965	0.965	0.9627	0.9648	0.9637	0.9634	0.9632	0.9647	0.9315	0.9648	0.9657	1.4026	0.9648	0.9649	0.9647	0.9648	0.9647	0.9554	0.965	0.9657	0.9583	0.9645	0.9648	0.9647	0	0.9646	0.9649	0.9597	0.962	0.9651	0.9647	0.9647	0.9647	0.9654	0.9612	0.9603	0.955	0.9655	0.965	0.9647	0.9648	0.9649	0.9652	0.9647	0.9646	0.9648	0.9601	0.9653	0.9654	0.9655	0.9578	0.9609	0.9647	0.9654	0.9652	0.9642	0.9574	0.9647	0.965	0.9647	0.963	0.965	0.8911	0.9555	0.9643
  Z	0.9677	0.9674	0.9638	0.9676	0.9667	0.9661	0.9642	0.9674	0.9307	0.9677	0.9676	0.9366	0.9677	0.9675	0.9676	0.9669	0.9676	0.9569	0.9676	0.9669	0.9588	0.9674	0.9676	0.9674	0.9646	0	0.9676	0.9622	0.963	0.9675	0.9676	0.9676	0.9676	0.9675	0.9627	0.9615	0.9553	0.9678	0.9676	0.9676	0.9677	0.9675	0.9675	0.9676	0.9675	0.9676	1.4423	0.9676	0.9676	0.9677	0.9584	0.9636	0.9676	0.9675	0.9676	0.9662	0.9596	0.9676	0.9677	0.9676	0.9644	0.9676	0.8893	0.9567	0.9672
  [	0.9679	0.9675	0.964	0.9677	0.9669	0.9663	0.9645	0.9675	0.9323	0.9678	0.9679	0.938	0.9678	0.9676	0.9678	0.967	0.9678	0.9574	0.9678	0.967	0.9592	0.9676	0.9678	0.9676	0.9649	0.9676	0	0.9626	0.9633	0.9676	0.9678	0.9677	0.9677	0.9677	0.963	0.9618	0.9559	0.9679	0.9678	0.9677	0.9678	0.9677	0.9676	0.9677	0.9676	0.9678	0.9619	1.0808	0.9677	0.9678	0.9589	0.9639	0.9678	1.2405	0.9678	0.9664	0.9601	0.9677	0.9678	0.9678	0.9647	0.9678	1.0714	0.9573	0.9673
  \	0.9628	0.9632	1.2094	1.4214	0.9612	1.4451	0.9643	0.9625	0.9323	1.3453	1.4065	1.1811	0.9628	0.9648	0.9623	0.9633	0.9627	3.3345	0.963	0.9648	1.4377	0.9625	0.9628	0.9626	0.9597	0.9622	0.9626	0	0.9627	0.9631	0.9625	0.9623	0.9623	0.9642	0.9601	0.959	4.3086	0.9636	0.9629	0.9624	0.9626	0.9628	0.9634	0.9624	1.4425	0.9625	0.9593	0.9634	0.9637	0.9643	0.9574	1.0119	0.9624	0.9639	1.4451	0.9629	0.9559	0.9623	0.9632	0.9623	1.8722	0.9629	0.9829	0.9545	1.1503
  ]	1.2514	0.964	1.8508	0.9632	0.9629	0.9633	0.966	0.9703	1.4445	0.9631	0.9688	5.0209	0.9632	0.9644	0.9631	0.9657	0.9632	0.9611	0.9636	0.9662	3.5953	0.963	0.9644	0.9635	0.962	0.963	0.9633	0.9627	0	0.9673	0.9631	1.4445	0.963	0.9665	0.9637	1.2754	1.7181	0.9652	0.9636	0.963	0.9631	0.9635	0.9642	0.9631	0.963	0.9632	3.6285	0.9641	0.9645	0.9645	2.5184	0.9615	0.9631	0.9647	0.9645	3.6161	0.9611	0.963	0.966	0.963	1.4494	0.9639	6.0157	3.5916	0.963
  ^	0.9678	0.9674	0.965	0.9676	0.9791	0.9664	1.0214	0.9674	0.9363	0.9677	0.9682	2.2572	0.9677	0.9675	0.9676	0.9671	0.9676	0.9586	0.9676	0.9671	0.9603	0.9674	0.9677	0.9675	0.9651	0.9675	0.9676	0.9631	0.9673	0	0.9676	0.9676	0.9676	0.9676	0.9634	1.8158	1.072	0.9683	0.9677	0.9676	0.9677	0.9676	0.9675	0.9676	0.9675	0.9676	1.1812	0.9676	0.9677	0.9677	0.96	0.9642	0.9676	0.9676	0.9677	0.9666	0.9609	0.9676	0.9679	0.9676	1.4237	0.9677	1.294	0.9585	0.9672
  _	0.9679	0.9675	0.964	0.9677	0.9668	0.9663	0.9643	0.9675	0.9311	0.9678	0.9677	0.9369	0.9679	0.9677	0.9677	0.967	0.9678	0.9572	0.9677	0.9669	0.9592	0.9676	0.9678	0.9676	0.9647	0.9676	0.9678	0.9625	0.9631	0.9676	0	0.9677	0.9677	1.0544	0.9628	0.9616	1.3685	0.968	0.9678	0.9677	0.9679	0.9676	0.9676	0.9677	0.9676	0.9678	0.9618	0.9677	0.9677	0.9678	0.9585	0.9638	0.9677	0.9676	0.9677	0.9663	0.9598	0.9677	0.9678	0.9677	0.9645	0.9677	0.8912	0.957	0.9674
  `	0.9679	0.9674	0.9638	0.9677	0.9668	0.9661	0.9642	0.9675	0.9307	0.9678	0.9676	0.9367	0.9678	0.9675	0.9677	0.9669	0.9677	0.9569	0.9677	0.9669	0.9588	0.9675	0.9677	0.9675	0.9647	0.9676	0.9677	0.9623	1.4445	0.9676	0.9677	0	0.9677	0.9676	0.9627	0.9615	0.9553	0.9679	0.9677	0.9677	0.9678	0.9676	0.9675	0.9677	0.9676	0.9677	0.9616	0.9677	0.9677	0.9677	0.9584	0.9637	0.9677	0.9676	0.9677	0.9663	0.9596	0.9677	0.9677	0.9677	0.9644	0.9677	0.8893	0.9574	0.9673
  a	0.9678	0.9675	0.9638	0.9677	0.9668	0.9662	0.9643	0.9675	0.9307	0.9678	0.9676	0.9367	0.9678	0.9676	0.9677	0.9669	0.9677	0.957	0.9677	0.9669	0.9588	0.9675	0.9677	0.9675	0.9647	0.9676	0.9677	0.9623	0.963	0.9676	0.9677	0.9677	0	0.9676	0.9627	0.9615	0.9554	0.9679	0.9677	0.9677	0.9678	0.9676	0.9676	0.9677	0.9676	0.9677	1.4424	0.9677	0.9677	0.9677	0.9584	0.9637	0.9677	0.9676	0.9677	0.9663	0.9597	0.9677	0.9678	0.9677	0.9644	0.9677	0.8894	0.9568	0.9673
  b	0.9681	0.9675	1.1782	0.9676	0.967	0.9671	0.9655	0.9675	0.9414	0.9677	0.9693	0.9464	0.9678	0.9686	0.9676	0.9673	0.9678	0.9605	0.9676	0.9671	2.6606	0.9675	0.9679	0.9675	0.9654	0.9675	0.9677	0.9642	0.9665	0.9676	1.0544	0.9676	0.9676	0	0.9649	0.9632	2.518	1.1949	0.9677	0.9676	0.9678	0.9676	0.9676	0.9676	0.9675	0.9677	0.9639	0.9676	0.9678	0.9689	0.9613	0.9647	0.9678	0.9676	0.9677	0.967	0.9622	0.9676	0.9679	0.9676	0.9656	0.9677	2.4843	1.2609	0.9676
  c	0.9633	0.9636	0.9727	0.9629	0.962	0.9622	0.9642	0.9629	3.9441	0.9628	0.9669	0.9502	0.9628	0.9633	0.9627	0.9639	0.9627	0.9587	0.9633	0.982	0.9612	0.9626	0.963	0.963	0.9612	0.9627	0.963	0.9601	0.9637	0.9634	0.9628	0.9627	0.9627	0.9649	0	0.9615	0.9604	0.9636	0.9639	0.9627	0.9628	0.9631	1.1126	0.9628	0.9627	0.9629	0.9615	0.9637	0.9695	0.9641	1.0064	0.9606	0.9628	0.9641	0.9636	0.9634	0.9592	0.9627	0.9633	0.9627	0.9636	0.9633	3.514	0.9584	0.9625
  d	0.9622	0.9625	0.9648	0.9618	4.2563	0.9613	0.9635	0.9922	0.9459	0.9615	0.9642	9.4475	0.9617	0.9623	0.9962	0.9628	0.9617	0.9579	0.9622	0.9648	0.9607	0.9614	0.9618	1.9237	0.9603	0.9615	0.9618	0.959	1.2754	1.8158	0.9616	0.9615	0.9615	0.9632	0.9615	0	1.0814	0.9641	0.9622	0.9615	0.9615	0.962	0.9627	0.9616	0.9614	0.9617	7.1339	0.9627	0.963	0.9631	1.5061	0.9593	0.9616	0.9632	0.9625	0.9863	1.9155	0.9615	0.9621	0.9615	0.9628	0.9621	0.9339	2.748	0.9613
  e	0.9573	0.9578	3.2015	0.956	0.9625	3.974	0.9634	0.9564	0.9736	0.9557	1.1961	1.1452	2.23	1.1551	0.9642	1.0724	1.3856	6.1328	0.9567	0.9631	6.6794	1.4232	1.3492	0.9562	0.955	0.9553	0.9559	4.3086	1.7181	1.072	1.3685	0.9553	0.9554	2.518	0.9604	1.0814	0	1.6097	0.9684	0.9553	1.06	1.0668	0.9681	1.4332	0.9553	0.9557	8.2319	0.9579	1.4209	1.1706	1.2023	0.9561	0.9976	1.5284	0.9575	1.0875	1.912	0.9553	1.5468	0.9553	2.493	0.9567	15.498	2.3928	1.3945
  f	0.9681	0.9677	1.1651	0.968	0.9671	0.9667	0.9653	0.968	0.9353	0.968	0.9686	1.2452	0.968	0.9681	0.9679	0.9675	0.968	0.9586	0.9679	0.9671	1.3953	0.968	0.968	0.968	0.9655	0.9678	0.9679	0.9636	0.9652	0.9683	0.968	0.9679	0.9679	1.1949	0.9636	0.9641	1.6097	0	0.9681	0.9679	0.968	0.9678	0.9679	0.9679	0.9678	0.968	0.9636	0.9679	0.9687	0.968	0.9622	0.9644	0.968	0.9678	0.9679	0.9674	0.9614	0.9679	0.968	0.9679	0.9652	0.9679	1.3531	1.2314	0.9678
  g	0.9679	0.9675	1.0513	0.9678	0.9669	0.9664	1.2051	0.9676	0.9342	0.9678	0.9681	1.1571	0.9678	0.9677	0.9678	0.9671	0.9678	0.958	0.9678	0.9685	0.9599	0.9676	0.9678	0.9676	0.965	0.9676	0.9678	0.9629	0.9636	0.9677	0.9678	0.9677	0.9677	0.9677	0.9639	0.9622	0.9684	0.9681	0	0.9678	0.9678	0.9677	1.0737	0.9677	0.9676	0.9678	0.9623	0.9677	0.9681	0.9678	0.9595	0.9641	0.9678	0.9677	0.9678	0.9665	0.9605	0.9678	0.9678	0.9678	0.9648	0.9678	1.2312	0.9579	0.9674
  h	0.9679	0.9675	0.9639	0.9677	0.9668	0.9662	0.9643	0.9675	0.9307	0.9678	1.4509	0.9365	0.9678	0.9676	0.9677	0.9669	0.9677	0.9569	0.9677	0.9669	0.9588	0.9675	0.9677	0.9675	0.9647	0.9676	0.9677	0.9624	0.963	0.9676	0.9677	0.9677	0.9677	0.9676	0.9627	0.9615	0.9553	0.9679	0.9678	0	0.9678	0.9676	0.9676	0.9677	0.9676	0.9677	0.9616	0.9677	0.9677	0.9677	0.9584	0.9637	0.9677	0.9676	0.9677	0.9663	0.9597	0.9677	0.9678	0.9677	0.9644	0.9677	0.8898	0.9567	0.9673
  i	0.9679	0.9675	0.9639	0.9678	0.9669	0.9666	0.9643	0.9676	0.9306	0.9679	0.9677	0.9365	1.1407	0.9677	0.9678	0.967	1.2964	0.9587	0.9678	0.9669	0.959	0.9677	0.9678	0.9676	0.9648	0.9677	0.9678	0.9626	0.9631	0.9677	0.9679	0.9678	0.9678	0.9678	0.9628	0.9615	1.06	0.968	0.9678	0.9678	0	0.9677	0.9676	0.9678	0.9677	0.9678	0.9634	0.9678	0.9678	0.9678	0.9584	0.9638	0.9678	0.9677	0.9678	0.9664	0.9598	0.9678	0.9679	0.9678	0.9645	0.9678	0.8892	0.9569	0.9674
  j	0.9678	0.9674	0.9642	0.9676	0.9668	0.9663	0.9646	0.9675	0.934	0.9677	0.968	0.9403	0.9677	0.9675	0.9676	0.967	0.9677	0.9612	0.9677	0.967	0.9596	0.9675	0.9677	0.9675	0.9649	0.9675	0.9677	0.9628	0.9635	0.9676	0.9676	0.9676	0.9676	0.9676	0.9631	0.962	1.0668	0.9678	0.9677	0.9676	0.9677	0	0.9675	0.9676	0.9675	0.9677	0.9621	0.9676	0.9677	0.9677	0.9593	0.964	0.9676	0.9696	0.9677	0.9664	0.9604	0.9676	0.9677	0.9676	0.9648	0.9677	1.2341	0.9577	0.9673
  k	0.9678	0.9674	1.1213	0.9676	0.9668	0.9664	0.9652	0.9674	1.0402	0.9677	0.9686	0.9433	0.9676	0.9675	0.9676	0.9671	0.9676	0.9591	0.9676	1.1387	0.9607	0.9692	0.9676	0.9674	0.9652	0.9675	0.9676	0.9634	0.9642	0.9675	0.9676	0.9675	0.9676	0.9676	1.1126	0.9627	0.9681	0.9679	1.0737	0.9676	0.9676	0.9675	0	0.9676	0.9675	0.9676	0.9629	0.9676	1.2575	0.9677	0.9605	0.9644	0.9676	0.9676	0.9676	0.9665	0.9614	0.9676	0.9677	0.9676	0.9652	0.9677	1.8449	0.959	0.9673
  l	0.9678	0.9675	0.9639	0.9677	0.9668	0.9662	0.9643	0.9675	0.9311	0.9678	0.9677	0.937	0.9678	0.9676	0.9677	0.967	0.9678	0.9571	0.9677	0.9669	0.959	0.9675	0.9678	0.9675	0.9647	0.9676	0.9677	0.9624	0.9631	0.9676	0.9677	0.9677	0.9677	0.9676	0.9628	0.9616	1.4332	0.9679	0.9677	0.9677	0.9678	0.9676	0.9676	0	0.9676	0.9677	0.9617	0.9677	0.9677	0.9678	0.9585	0.9638	0.9677	0.9676	0.9677	0.9663	0.9598	0.9677	0.9678	0.9677	0.9645	0.9677	0.8902	0.9569	0.9674
  m	0.9677	0.9674	0.9638	0.968	0.9667	0.9661	0.9642	0.9674	0.9307	0.9677	0.9676	0.9367	0.9677	0.9675	0.9676	0.9669	0.9676	0.9569	0.9676	0.9669	0.9587	0.9674	0.9676	0.9674	0.9646	0.9675	0.9676	1.4425	0.963	0.9675	0.9676	0.9676	0.9676	0.9675	0.9627	0.9614	0.9553	0.9678	0.9676	0.9676	0.9677	0.9675	0.9675	0.9676	0	0.9676	0.9615	0.9676	0.9676	0.9677	0.9584	0.9636	0.9676	0.9675	0.968	0.9662	0.9596	0.9676	0.9677	0.9676	0.9645	0.9676	0.8893	0.9567	0.9672
  n	0.9679	0.9675	0.964	0.9678	0.9669	0.9663	0.9644	0.9675	0.9318	0.9678	0.9678	0.9375	0.9678	0.9676	0.9678	1.299	0.9678	0.9573	0.9678	0.967	0.9591	0.9676	0.9678	0.9676	0.9648	0.9676	0.9678	0.9625	0.9632	0.9676	0.9678	0.9677	0.9677	0.9677	0.9629	0.9617	0.9557	0.968	0.9678	0.9677	0.9678	0.9677	0.9676	0.9677	0.9676	0	0.9618	0.9677	0.9677	0.9678	0.9587	0.9638	0.9678	0.9676	1.0541	0.9664	0.9599	0.9678	0.9678	0.9678	0.9647	0.9678	1.003	0.9571	0.9673
  o	0.9633	0.9626	1.3504	0.9619	3.1051	2.6382	0.9637	0.9961	0.9492	0.9617	0.966	4.2956	0.9846	0.9639	1.6966	0.9632	1.7817	0.9843	0.9623	0.9649	1.0857	0.9724	0.9627	1.4435	0.9601	1.4423	0.9619	0.9593	3.6285	1.1812	0.9618	0.9616	1.4424	0.9639	0.9615	7.1339	8.2319	0.9636	0.9623	0.9616	0.9634	0.9621	0.9629	0.9617	0.9615	0.9618	0	0.9628	1.0469	0.9636	1.2859	0.9593	0.9617	0.9634	0.9626	1.3962	0.9585	0.9616	0.9627	0.9616	0.966	0.9623	2.8562	1.6766	0.9619
  p	0.9679	0.9675	0.9647	0.9677	0.9669	0.9665	0.9651	0.9675	0.9379	0.9678	0.9687	0.9426	0.9677	0.9676	0.9677	0.9672	0.9677	0.9591	0.9677	0.9671	0.9606	0.9675	0.9677	0.9676	0.9653	0.9676	1.0808	0.9634	0.9641	0.9676	0.9677	0.9677	0.9677	0.9676	0.9637	0.9627	0.9579	0.9679	0.9677	0.9677	0.9678	0.9676	0.9676	0.9677	0.9676	0.9677	0.9628	0	0.9677	0.9677	0.9603	0.9645	0.9677	2.0402	0.9677	0.9666	0.9614	0.9677	0.9679	0.9677	1.2336	0.9678	1.8	0.9589	0.9674
  q	0.9679	0.9675	1.5341	0.9677	0.967	0.9667	1.3819	0.9675	0.939	0.9678	0.9688	1.9607	0.9678	0.9677	0.9677	0.9672	0.9678	0.9594	0.9677	0.9805	0.9612	0.9676	0.9678	0.9676	0.9654	0.9676	0.9677	0.9637	0.9645	0.9677	0.9677	0.9677	0.9677	0.9678	0.9695	0.963	1.4209	0.9687	0.9681	0.9677	0.9678	0.9677	1.2575	0.9677	0.9676	0.9677	1.0469	0.9677	0	0.9678	1.1705	0.9646	0.9677	0.9677	0.9677	0.9668	0.9617	0.9677	0.9679	0.9677	0.9654	0.9678	1.8491	0.9593	0.9675
  r	0.968	0.9676	0.9653	0.9677	0.9671	0.967	0.9653	0.9676	0.9406	0.9679	0.9692	0.9445	0.9679	0.9677	0.9678	0.9673	0.9678	0.9601	0.9678	0.9671	0.9615	0.9677	0.9679	0.9676	0.9655	0.9677	0.9678	0.9643	0.9645	0.9677	0.9678	0.9677	0.9677	0.9689	0.9641	0.9631	1.1706	0.968	0.9678	0.9677	0.9678	0.9677	0.9677	0.9678	0.9677	0.9678	0.9636	0.9677	0.9678	0	0.9609	0.9648	0.9678	0.9677	0.9678	0.9667	0.962	0.9677	0.968	0.9678	0.9656	0.9678	2.2684	0.9597	1.5405
  s	0.9604	0.9602	1.4799	0.9588	0.9577	0.9587	0.981	0.959	1.9078	0.9585	0.973	8.1449	0.9587	0.9596	0.9584	0.9622	0.9585	0.9582	0.9595	0.964	1.0174	0.9584	0.959	0.9591	0.9578	0.9584	0.9589	0.9574	2.5184	0.96	0.9585	0.9584	0.9584	0.9613	1.0064	1.5061	1.2023	0.9622	0.9595	0.9584	0.9584	0.9593	0.9605	0.9585	0.9584	0.9587	1.2859	0.9603	1.1705	0.9609	0	0.9571	0.9585	0.9612	0.96	1.5517	0.9579	0.9584	0.9596	0.9584	0.9625	0.9595	7.815	0.9596	0.9584
  t	0.9641	0.9642	0.9619	0.9639	0.9626	0.9691	0.9627	0.9638	0.9308	0.9638	0.9651	0.9359	0.9639	0.9655	0.9637	0.9641	0.9638	6.514	0.9642	0.9653	0.9584	0.9639	0.9639	0.9638	0.9609	0.9636	0.9639	1.0119	0.9615	0.9642	0.9638	0.9637	0.9637	0.9647	0.9606	0.9593	0.9561	0.9644	0.9641	0.9637	0.9638	0.964	0.9644	0.9638	0.9636	0.9638	0.9593	0.9645	0.9646	0.9648	0.9571	0	0.9638	0.9648	0.9644	0.9634	0.9564	0.9637	0.9641	0.9637	0.9624	0.9641	0.8895	0.9549	0.9633
  u	0.9679	0.9675	0.9639	0.9677	0.9668	0.9662	0.9643	0.9675	0.931	0.9678	0.9676	0.937	0.9678	0.9676	0.9677	0.967	0.9678	0.9571	0.9677	0.9669	0.9698	0.9676	0.9677	0.9676	0.9647	0.9676	0.9678	0.9624	0.9631	0.9676	0.9677	0.9677	0.9677	0.9678	0.9628	0.9616	0.9976	0.968	0.9678	0.9677	0.9678	0.9676	0.9676	0.9677	0.9676	0.9678	0.9617	0.9677	0.9677	0.9678	0.9585	0.9638	0	0.9676	0.9677	0.9663	0.9598	0.9677	0.9678	0.9677	0.9645	0.9677	0.89	1.3991	0.9673
  v	0.9679	0.9675	0.9651	0.9676	0.9669	0.9667	0.9654	0.9675	0.9412	0.9677	0.9692	0.9459	0.9677	0.9676	0.9676	0.9673	0.9677	0.9739	0.9676	0.9672	0.9615	0.9675	0.9677	0.9675	0.9654	0.9675	1.2405	0.9639	0.9647	0.9676	0.9676	0.9676	0.9676	0.9676	0.9641	0.9632	1.5284	0.9678	0.9677	0.9676	0.9677	0.9696	0.9676	0.9676	0.9675	0.9676	0.9634	2.0402	0.9677	0.9677	0.9612	0.9648	0.9676	0	0.9677	0.9667	0.962	0.9676	0.9679	0.9676	1.185	0.9677	2.4436	0.9598	0.9674
  w	0.9683	0.9676	0.9647	0.9681	0.967	0.9665	0.9653	0.9676	0.9367	0.9678	0.9688	0.9417	0.9678	0.9676	0.9677	1.1688	0.9678	0.9589	0.9678	0.9671	0.9603	0.9676	0.9678	0.9676	0.9652	0.9676	0.9678	1.4451	0.9645	0.9677	0.9677	0.9677	0.9677	0.9677	0.9636	0.9625	0.9575	0.9679	0.9678	0.9677	0.9678	0.9677	0.9676	0.9677	0.968	1.0541	0.9626	0.9677	0.9677	0.9678	0.96	0.9644	0.9677	0.9677	0	0.9666	0.9611	0.9677	0.9679	0.9677	1.4479	0.9687	1.691	0.9585	0.9674
  x	0.9675	0.9664	0.9698	0.9664	0.9659	0.9657	0.965	0.9738	0.9406	0.9664	0.9683	4.0903	0.9665	0.9666	0.9664	0.9662	0.9665	0.9593	0.9665	0.9666	1.34	0.9662	0.9664	0.9663	0.9642	0.9662	0.9664	0.9629	3.6161	0.9666	0.9663	0.9663	0.9663	0.967	0.9634	0.9863	1.0875	0.9674	0.9665	0.9663	0.9664	0.9664	0.9665	0.9663	0.9662	0.9664	1.3962	0.9666	0.9668	0.9667	1.5517	0.9634	0.9663	0.9667	0.9666	0	0.9609	0.9663	0.9666	0.9663	0.9649	0.9665	1.8502	1.1425	0.966
  y	0.9603	0.9611	1.0673	0.96	0.9588	1.1889	0.963	0.96	0.936	0.9598	1.1673	1.41	0.96	0.9608	0.9596	0.9617	0.9598	0.9541	0.9606	0.9642	0.9672	0.9596	0.9601	0.9601	0.9574	0.9596	0.9601	0.9559	0.9611	0.9609	0.9598	0.9596	0.9597	0.9622	0.9592	1.9155	1.912	0.9614	0.9605	0.9597	0.9598	0.9604	0.9614	0.9598	0.9596	0.9599	0.9585	0.9614	0.9617	0.962	0.9579	0.9564	0.9598	0.962	0.9611	0.9609	0	0.9597	0.9606	0.9597	1.4391	0.9605	1.5304	0.9532	0.9595
  z	0.9679	0.9675	0.9638	0.9677	0.9668	0.9662	0.9643	0.9675	0.9306	0.9678	0.9677	0.9365	0.9678	0.9676	0.9677	0.9671	0.9678	0.9569	0.9677	0.9669	0.9588	0.9675	0.9677	0.9675	0.9647	0.9676	0.9677	0.9623	0.963	0.9676	0.9677	0.9677	0.9677	0.9676	0.9627	0.9615	0.9553	0.9679	0.9678	0.9677	0.9678	0.9676	0.9676	0.9677	0.9676	0.9678	0.9616	0.9677	0.9677	0.9677	0.9584	0.9637	0.9677	0.9676	0.9677	0.9663	0.9597	0	0.9678	0.9677	1.4468	0.9677	0.8891	0.9567	0.9673
  {	0.968	0.9676	0.9645	0.9678	0.9669	0.9666	0.965	0.9676	0.9351	0.9678	0.9684	0.9402	0.9679	0.9678	0.9678	0.9676	0.9679	0.9583	0.9678	0.9673	0.9601	0.9676	0.968	0.9676	0.965	0.9677	0.9678	0.9632	0.966	0.9679	0.9678	0.9677	0.9678	0.9679	0.9633	0.9621	1.5468	0.968	0.9678	0.9678	0.9679	0.9677	0.9677	0.9678	0.9677	0.9678	0.9627	0.9679	0.9679	0.968	0.9596	0.9641	0.9678	0.9679	0.9679	0.9666	0.9606	0.9678	0	0.9678	1.0614	0.9679	1.18	0.9578	0.9675
  |	0.9679	0.9675	0.9638	0.9677	0.9668	0.9662	1.4464	0.9675	0.9306	0.9678	0.9677	0.9365	0.9678	0.9676	0.9677	0.967	0.9678	0.9569	0.9677	0.9669	0.9588	0.9675	0.9677	0.9675	0.9647	0.9676	0.9678	0.9623	0.963	0.9676	0.9677	0.9677	0.9677	0.9676	0.9627	0.9615	0.9553	0.9679	0.9678	0.9677	0.9678	0.9676	0.9676	0.9677	0.9676	0.9678	0.9616	0.9677	0.9677	0.9678	0.9584	0.9637	0.9677	0.9676	0.9677	0.9663	0.9597	0.9677	0.9678	0	0.9644	0.9678	0.8891	0.9567	0.9673
  }	0.9653	0.9651	0.9653	0.9653	0.9638	0.9643	1.0847	0.9646	0.9499	0.9646	1.2437	1.4278	0.9647	0.9652	0.9644	2.8995	0.9646	1.4409	0.9649	0.9664	1.4441	0.9644	0.9651	0.9646	0.963	0.9644	0.9647	1.8722	1.4494	1.4237	0.9645	0.9644	0.9644	0.9656	0.9636	0.9628	2.493	0.9652	0.9648	0.9644	0.9645	0.9648	0.9652	0.9645	0.9645	0.9647	0.966	1.2336	0.9654	0.9656	0.9625	0.9624	0.9645	1.185	1.4479	0.9649	1.4391	1.4468	1.0614	0.9644	0	0.965	4.706	0.9615	0.9645
  ~	0.968	0.9676	0.9645	0.9677	0.9669	0.9664	1.249	0.9675	0.9345	0.9678	0.9684	0.9398	0.9678	0.9676	0.9677	0.9671	0.9678	0.958	0.9678	0.9672	0.9597	0.9676	0.9678	0.9676	0.965	0.9676	0.9678	0.9629	0.9639	0.9677	0.9677	0.9677	0.9677	0.9677	0.9633	0.9621	0.9567	0.9679	0.9678	0.9677	0.9678	0.9677	0.9677	0.9677	0.9676	0.9678	0.9623	0.9678	0.9678	0.9678	0.9595	0.9641	0.9677	0.9677	0.9687	0.9665	0.9605	0.9677	0.9679	0.9678	0.965	0	1.2383	0.9578	0.9674
  	1.0931	1.7796	5.2369	0.8921	0.8856	1.0365	8.065	0.8961	58.0714	0.8915	3.1099	16.0742	0.891	1.3475	0.8888	2.7603	0.8899	2.2304	1.3454	7.1518	4.8842	0.8928	0.9814	1.1999	0.8911	0.8893	1.0714	0.9829	6.0157	1.294	0.8912	0.8893	0.8894	2.4843	3.514	0.9339	15.498	1.3531	1.2312	0.8898	0.8892	1.2341	1.8449	0.8902	0.8893	1.003	2.8562	1.8	1.8491	2.2684	7.815	0.8895	0.89	2.4436	1.691	1.8502	1.5304	0.8891	1.18	0.8891	4.706	1.2383	0	0.9731	0.8957
  	0.9579	0.9587	1.0968	0.9575	0.956	0.9572	0.9614	2.3958	1.4132	0.9568	0.9612	8.1355	0.9571	1.2508	0.9568	0.9594	0.957	1.09	0.958	0.9628	2.3581	0.9568	0.9573	0.9576	0.9555	0.9567	0.9573	0.9545	3.5916	0.9585	0.957	0.9574	0.9568	1.2609	0.9584	2.748	2.3928	1.2314	0.9579	0.9567	0.9569	0.9577	0.959	0.9569	0.9567	0.9571	1.6766	0.9589	0.9593	0.9597	0.9596	0.9549	1.3991	0.9598	0.9585	1.1425	0.9532	0.9567	0.9578	0.9567	0.9615	0.9578	0.9731	0	0.9567
  	0.9675	0.9672	1.1823	0.9674	0.9664	0.9663	0.9657	0.9671	0.9306	1.0237	1.2565	0.9366	0.9676	0.9673	0.9673	0.9667	0.9675	0.9573	0.9674	0.9668	0.9592	0.9672	0.9674	0.9672	0.9643	0.9672	0.9673	1.1503	0.963	0.9672	0.9674	0.9673	0.9673	0.9676	0.9625	0.9613	1.3945	0.9678	0.9674	0.9673	0.9674	0.9673	0.9673	0.9674	0.9672	0.9673	0.9619	0.9674	0.9675	1.5405	0.9584	0.9633	0.9673	0.9674	0.9674	0.966	0.9595	0.9673	0.9675	0.9673	0.9645	0.9674	0.8957	0.9567	0

Actual rates from j->i (Q_ij):
	A	B	C	D	E	F	G	H	I	J	K	L	M	N	O	P	Q	R	S	T	U	V	W	X	Y	Z	[	\	]	^	_	`	a	b	c	d	e	f	g	h	i	j	k	l	m	n	o	p	q	r	s	t	u	v	w	x	y	z	{	|	}	~			
  A	0	0.0177	0.0176	0.0177	0.0177	0.0176	0.0176	0.0177	0.0171	0.0177	0.0177	0.0172	0.0177	0.0177	0.0177	0.0177	0.0177	0.0175	0.0177	0.0177	0.0175	0.0177	0.0177	0.0177	0.0176	0.0177	0.0177	0.0176	0.0229	0.0177	0.0177	0.0177	0.0177	0.0177	0.0176	0.0176	0.0175	0.0177	0.0177	0.0177	0.0177	0.0177	0.0177	0.0177	0.0177	0.0177	0.0176	0.0177	0.0177	0.0177	0.0175	0.0176	0.0177	0.0177	0.0177	0.0177	0.0175	0.0177	0.0177	0.0177	0.0176	0.0177	0.02	0.0175	0.0177
  B	0.0151	0	0.0151	0.0151	0.0151	0.0151	0.0151	0.0151	0.0147	0.0151	0.0175	0.0147	0.0151	0.0151	0.0151	0.0151	0.0151	0.015	0.0151	0.0151	0.015	0.0151	0.0151	0.0151	0.0151	0.0151	0.0151	0.0151	0.0151	0.0151	0.0151	0.0151	0.0151	0.0151	0.0151	0.015	0.015	0.0151	0.0151	0.0151	0.0151	0.0151	0.0151	0.0151	0.0151	0.0151	0.015	0.0151	0.0151	0.0151	0.015	0.0151	0.0151	0.0151	0.0151	0.0151	0.015	0.0151	0.0151	0.0151	0.0151	0.0151	0.0278	0.015	0.0151
  C	0.0092	0.0092	0	0.0092	0.0092	0.0092	0.0153	0.0092	0.0091	0.0099	0.0112	0.0186	0.0092	0.0092	0.0092	0.0107	0.0092	0.0092	0.0092	0.0093	0.0176	0.0138	0.0092	0.0097	0.0092	0.0092	0.0092	0.0115	0.0177	0.0092	0.0092	0.0092	0.0092	0.0112	0.0093	0.0092	0.0306	0.0111	0.01	0.0092	0.0092	0.0092	0.0107	0.0092	0.0092	0.0092	0.0129	0.0092	0.0146	0.0092	0.0141	0.0092	0.0092	0.0092	0.0092	0.0093	0.0102	0.0092	0.0092	0.0092	0.0092	0.0092	0.05	0.0105	0.0113
  D	0.0181	0.0181	0.018	0	0.018	0.018	0.018	0.0181	0.0174	0.0181	0.0181	0.0221	0.0181	0.0181	0.0181	0.018	0.0181	0.0627	0.0181	0.018	0.0179	0.0181	0.0181	0.0181	0.018	0.0181	0.0181	0.0265	0.018	0.0181	0.0181	0.0181	0.0181	0.0181	0.018	0.0179	0.0178	0.0181	0.0181	0.0181	0.0181	0.0181	0.0181	0.0181	0.0181	0.0181	0.0179	0.0181	0.0181	0.0181	0.0179	0.018	0.0181	0.0181	0.0181	0.018	0.0179	0.0181	0.0181	0.0181	0.018	0.0181	0.0166	0.0179	0.0181
  E	0.0196	0.0196	0.0195	0.0196	0	0.0196	0.0196	0.0196	0.0188	0.0196	0.0196	0.019	0.0196	0.0196	0.026	0.0196	0.0196	0.0194	0.0196	0.0196	0.0194	0.0196	0.0196	0.0196	0.0196	0.0196	0.0196	0.0195	0.0195	0.0199	0.0196	0.0196	0.0196	0.0196	0.0195	0.0864	0.0195	0.0196	0.0196	0.0196	0.0196	0.0196	0.0196	0.0196	0.0196	0.0196	0.063	0.0196	0.0196	0.0196	0.0194	0.0195	0.0196	0.0196	0.0196	0.0196	0.0195	0.0196	0.0196	0.0196	0.0196	0.0196	0.018	0.0194	0.0196
  F	0.0176	0.0176	0.0176	0.0176	0.0176	0	0.0176	0.0176	0.017	0.0176	0.0207	0.0173	0.0177	0.0185	0.0176	0.0264	0.0264	0.0686	0.0176	0.0176	0.0188	0.027	0.0176	0.0176	0.0176	0.0176	0.0176	0.0263	0.0176	0.0176	0.0176	0.0176	0.0176	0.0176	0.0175	0.0175	0.0724	0.0176	0.0176	0.0176	0.0176	0.0176	0.0176	0.0176	0.0176	0.0176	0.0481	0.0176	0.0176	0.0176	0.0175	0.0177	0.0176	0.0176	0.0176	0.0176	0.0217	0.0176	0.0176	0.0176	0.0176	0.0176	0.0189	0.0174	0.0176
  G	0.0074	0.0074	0.0123	0.0074	0.0074	0.0074	0	0.0074	0.0073	0.0074	0.0118	0.0102	0.0074	0.0074	0.0074	0.0074	0.0074	0.0074	0.0074	0.0106	0.0078	0.0074	0.0074	0.0074	0.0074	0.0074	0.0074	0.0074	0.0074	0.0078	0.0074	0.0074	0.0074	0.0074	0.0074	0.0074	0.0074	0.0074	0.0092	0.0074	0.0074	0.0074	0.0074	0.0074	0.0074	0.0074	0.0074	0.0074	0.0106	0.0074	0.0075	0.0074	0.0074	0.0074	0.0074	0.0074	0.0074	0.0074	0.0074	0.0111	0.0083	0.0096	0.0619	0.0074	0.0074
  H	0.0174	0.0174	0.0174	0.0174	0.0174	0.0174	0.0174	0	0.0168	0.0174	0.0174	0.0324	0.0174	0.0174	0.0174	0.0174	0.0174	0.0172	0.0174	0.0174	0.0173	0.0174	0.0174	0.0174	0.0174	0.0174	0.0174	0.0173	0.0175	0.0174	0.0174	0.0174	0.0174	0.0174	0.0173	0.0179	0.0172	0.0174	0.0174	0.0174	0.0174	0.0174	0.0174	0.0174	0.0174	0.0174	0.0179	0.0174	0.0174	0.0174	0.0173	0.0174	0.0174	0.0174	0.0174	0.0175	0.0173	0.0174	0.0174	0.0174	0.0174	0.0174	0.0161	0.0431	0.0174
  I	0.0018	0.0019	0.0019	0.0018	0.0018	0.0018	0.0019	0.0018	0	0.0018	0.002	0.0019	0.0018	0.0018	0.0018	0.002	0.0018	0.0019	0.0018	0.0019	0.0019	0.0018	0.0018	0.0018	0.0018	0.0018	0.0018	0.0018	0.0029	0.0019	0.0018	0.0018	0.0018	0.0019	0.0078	0.0019	0.0019	0.0019	0.0018	0.0018	0.0018	0.0018	0.0021	0.0018	0.0018	0.0018	0.0019	0.0019	0.0019	0.0019	0.0038	0.0018	0.0018	0.0019	0.0019	0.0019	0.0019	0.0018	0.0018	0.0018	0.0019	0.0018	0.1149	0.0028	0.0018
  J	0.0187	0.0187	0.0201	0.0187	0.0186	0.0186	0.0186	0.0187	0.0179	0	0.0197	0.0181	0.0187	0.0187	0.0187	0.0186	0.0187	0.0185	0.0187	0.0186	0.0185	0.0187	0.0187	0.0187	0.0186	0.0187	0.0187	0.0259	0.0186	0.0187	0.0187	0.0187	0.0187	0.0187	0.0186	0.0185	0.0184	0.0187	0.0187	0.0187	0.0187	0.0187	0.0187	0.0187	0.0187	0.0187	0.0185	0.0187	0.0187	0.0187	0.0185	0.0186	0.0187	0.0187	0.0187	0.0186	0.0185	0.0187	0.0187	0.0187	0.0186	0.0187	0.0172	0.0184	0.0197
  K	0.0125	0.0144	0.0151	0.0125	0.0125	0.0146	0.0198	0.0125	0.0128	0.0132	0	0.0123	0.0125	0.0125	0.0125	0.0125	0.0125	0.0124	0.0125	0.0125	0.013	0.0125	0.0125	0.0125	0.0124	0.0125	0.0125	0.0181	0.0125	0.0125	0.0125	0.0125	0.0125	0.0125	0.0125	0.0124	0.0154	0.0125	0.0125	0.0187	0.0125	0.0125	0.0125	0.0125	0.0125	0.0125	0.0125	0.0125	0.0125	0.0125	0.0125	0.0124	0.0125	0.0125	0.0125	0.0125	0.015	0.0125	0.0125	0.0125	0.016	0.0125	0.0401	0.0124	0.0162
  L	0.0055	0.0055	0.0113	0.0069	0.0054	0.0055	0.0077	0.0104	0.0055	0.0054	0.0055	0	0.0054	0.0055	0.0054	0.0055	0.0054	0.0055	0.0055	0.0061	0.0624	0.0054	0.0054	0.006	0.0081	0.0054	0.0054	0.0069	0.0291	0.0131	0.0054	0.0054	0.0054	0.0055	0.0055	0.0548	0.0066	0.0072	0.0067	0.0054	0.0054	0.0055	0.0055	0.0054	0.0054	0.0054	0.0249	0.0055	0.0114	0.0055	0.0472	0.0054	0.0054	0.0055	0.0055	0.0237	0.0082	0.0054	0.0055	0.0054	0.0083	0.0055	0.0932	0.0472	0.0054
  M	0.0184	0.0184	0.0183	0.0184	0.0184	0.0184	0.0183	0.0184	0.0177	0.0184	0.0184	0.0178	0	0.0184	0.0184	0.0184	0.024	0.0183	0.0184	0.0184	0.0182	0.0184	0.0184	0.0184	0.0183	0.0184	0.0184	0.0183	0.0183	0.0184	0.0184	0.0184	0.0184	0.0184	0.0183	0.0183	0.0423	0.0184	0.0184	0.0184	0.0216	0.0184	0.0184	0.0184	0.0184	0.0184	0.0187	0.0184	0.0184	0.0184	0.0182	0.0183	0.0184	0.0184	0.0184	0.0183	0.0182	0.0184	0.0184	0.0184	0.0183	0.0184	0.0169	0.0182	0.0184
  N	0.0165	0.0165	0.0164	0.0165	0.0165	0.0172	0.0164	0.0165	0.0159	0.0165	0.0165	0.016	0.0165	0	0.0165	0.0165	0.0165	0.0256	0.0165	0.0165	0.0193	0.0165	0.0165	0.0165	0.0164	0.0165	0.0165	0.0164	0.0164	0.0165	0.0165	0.0165	0.0165	0.0165	0.0164	0.0164	0.0197	0.0165	0.0165	0.0165	0.0165	0.0165	0.0165	0.0165	0.0165	0.0165	0.0164	0.0165	0.0165	0.0165	0.0163	0.0164	0.0165	0.0165	0.0165	0.0165	0.0164	0.0165	0.0165	0.0165	0.0164	0.0165	0.0229	0.0213	0.0165
  O	0.0188	0.0188	0.0187	0.0188	0.0249	0.0188	0.0187	0.0188	0.0181	0.0188	0.0188	0.0182	0.0188	0.0188	0	0.0188	0.0188	0.0186	0.0188	0.0188	0.0186	0.0188	0.0188	0.0188	0.0187	0.0188	0.0188	0.0187	0.0187	0.0188	0.0188	0.0188	0.0188	0.0188	0.0187	0.0194	0.0187	0.0188	0.0188	0.0188	0.0188	0.0188	0.0188	0.0188	0.0188	0.0188	0.033	0.0188	0.0188	0.0188	0.0186	0.0187	0.0188	0.0188	0.0188	0.0188	0.0186	0.0188	0.0188	0.0188	0.0187	0.0188	0.0173	0.0186	0.0188
  P	0.0136	0.0136	0.0157	0.0136	0.0136	0.0203	0.0136	0.0136	0.0139	0.0136	0.0136	0.0133	0.0136	0.0136	0.0136	0	0.0136	0.0338	0.0136	0.0136	0.0135	0.0136	0.0136	0.0136	0.0136	0.0136	0.0136	0.0135	0.0136	0.0136	0.0136	0.0136	0.0136	0.0136	0.0135	0.0135	0.0151	0.0136	0.0136	0.0136	0.0136	0.0136	0.0136	0.0136	0.0136	0.0183	0.0135	0.0136	0.0136	0.0136	0.0135	0.0135	0.0136	0.0136	0.0164	0.0136	0.0135	0.0136	0.0136	0.0136	0.0407	0.0136	0.0388	0.0135	0.0136
  Q	0.0187	0.0187	0.0186	0.0187	0.0187	0.028	0.0186	0.0187	0.018	0.0187	0.0187	0.0181	0.0244	0.0187	0.0187	0.0187	0	0.0185	0.0187	0.0187	0.0185	0.0187	0.0187	0.0187	0.0186	0.0187	0.0187	0.0186	0.0186	0.0187	0.0187	0.0187	0.0187	0.0187	0.0186	0.0186	0.0267	0.0187	0.0187	0.0187	0.025	0.0187	0.0187	0.0187	0.0187	0.0187	0.0344	0.0187	0.0187	0.0187	0.0185	0.0186	0.0187	0.0187	0.0187	0.0187	0.0185	0.0187	0.0187	0.0187	0.0186	0.0187	0.0172	0.0185	0.0187
  R	0.0117	0.0117	0.0118	0.0411	0.0117	0.0461	0.0118	0.0117	0.0116	0.0117	0.0118	0.0116	0.0118	0.0184	0.0117	0.0294	0.0118	0	0.0117	0.0118	0.0129	0.0246	0.0117	0.0117	0.0117	0.0117	0.0117	0.0408	0.0118	0.0117	0.0117	0.0117	0.0117	0.0118	0.0117	0.0117	0.0751	0.0117	0.0117	0.0117	0.0117	0.0118	0.0117	0.0117	0.0117	0.0117	0.0121	0.0117	0.0118	0.0118	0.0117	0.0798	0.0117	0.0119	0.0117	0.0117	0.0117	0.0117	0.0117	0.0117	0.0176	0.0117	0.0273	0.0133	0.0117
  S	0.0166	0.0166	0.0165	0.0166	0.0166	0.0166	0.0165	0.0166	0.016	0.0166	0.0166	0.0161	0.0166	0.0166	0.0166	0.0166	0.0166	0.0164	0	0.0166	0.0165	0.0166	0.0166	0.0166	0.0165	0.0166	0.0166	0.0165	0.0165	0.0166	0.0166	0.0166	0.0166	0.0166	0.0165	0.0165	0.0164	0.0166	0.0166	0.0166	0.0166	0.0166	0.0166	0.0166	0.0166	0.0166	0.0165	0.0166	0.0166	0.0166	0.0165	0.0165	0.0166	0.0166	0.0166	0.0166	0.0165	0.0166	0.0166	0.0166	0.0165	0.0166	0.0231	0.0164	0.0166
