Map from character to field name
A:	Algeria
B:	Argentina
C:	Australia
D:	Austria
E:	Bangladesh
F:	Belgium
G:	Brazil
H:	Cambodia
I:	Canada
J:	Chad
K:	Chile
L:	China
M:	Czech Republic
N:	Denmark
O:	Egypt
P:	France
Q:	Georgia
R:	Germany
S:	Guam
T:	Guatemala
U:	Hong Kong
V:	Hungary
W:	Iceland
X:	India
Y:	Indonesia
Z:	Iran
[:	Ireland
\:	Italy
]:	Japan
^:	Kazakhstan
_:	Kuwait
`:	Laos
a:	Luxembourg
b:	Malaysia
c:	Mexico
d:	Mongolia
e:	Netherlands
f:	New Zealand
g:	Nicaragua
h:	Nigeria
i:	Norway
j:	Pakistan
k:	Peru
l:	Philippines
m:	Poland
n:	Romania
o:	Russia
p:	Saudi Arabia
q:	Singapore
r:	South Africa
s:	South Korea
t:	Spain
u:	Sri Lanka
v:	Sweden
w:	Switzerland
x:	Taiwan
y:	Thailand
z:	Turkey
{:	Ukraine
|:	United Arab Emirates
}:	United Kingdom
~:	Uruguay
:	Usa
:	Vietnam
:	Zambia
:	?


Substitution rate (mu): 20.348921

Equilibrium frequencies (pi_i):
  A: 0.0181
  B: 0.0148
  C: 0.0086
  D: 0.0194
  E: 0.0191
  F: 0.0165
  G: 0.0071
  H: 0.0183
  I: 0.0019
  J: 0.0175
  K: 0.0091
  L: 0.0079
  M: 0.0191
  N: 0.0171
  O: 0.0199
  P: 0.0144
  Q: 0.0199
  R: 0.0116
  S: 0.0175
  T: 0.006
  U: 0.0068
  V: 0.0178
  W: 0.0198
  X: 0.0194
  Y: 0.0196
  Z: 0.0199
  [: 0.0202
  \: 0.0171
  ]: 0.0085
  ^: 0.0179
  _: 0.0198
  `: 0.0201
  a: 0.0199
  b: 0.017
  c: 0.0092
  d: 0.0118
  e: 0.005
  f: 0.0176
  g: 0.016
  h: 0.0175
  i: 0.0198
  j: 0.0197
  k: 0.0156
  l: 0.0198
  m: 0.0202
  n: 0.0187
  o: 0.0093
  p: 0.019
  q: 0.013
  r: 0.0156
  s: 0.0055
  t: 0.0192
  u: 0.0198
  v: 0.0142
  w: 0.0161
  x: 0.0119
  y: 0.0117
  z: 0.0202
  {: 0.0195
  |: 0.0202
  }: 0.011
  ~: 0.0189
  : 0.0049
  : 0.0119
  : 0.0192

Symmetrized rates from j->i (W_ij):
	A	B	C	D	E	F	G	H	I	J	K	L	M	N	O	P	Q	R	S	T	U	V	W	X	Y	Z	[	\	]	^	_	`	a	b	c	d	e	f	g	h	i	j	k	l	m	n	o	p	q	r	s	t	u	v	w	x	y	z	{	|	}	~			
  A	0	0.9639	0.9615	0.9639	0.9634	0.963	0.9633	0.9638	0.937	0.9639	0.9623	0.9406	0.9637	0.964	0.9639	0.9638	0.9639	0.9541	0.9639	0.9636	0.9566	0.9641	0.9638	0.9638	0.9626	0.9639	0.9639	0.9597	1.1022	0.9639	0.9639	0.9639	0.9639	0.9638	0.9617	0.9579	0.9545	0.9643	0.9639	0.9639	0.9639	0.9639	0.9639	0.9638	0.9639	0.9639	0.9582	0.9639	0.9637	0.964	0.9575	0.9613	0.9639	0.9641	0.9649	0.9634	0.9584	0.9639	0.9641	0.9639	0.9631	0.9641	1.216	0.9556	0.9637
  B	0.9639	0	0.9617	0.9638	0.9634	0.9631	0.9631	0.9637	1.1765	0.9638	0.9625	0.9443	0.9637	0.9639	0.9638	0.9638	0.9638	0.9559	0.9638	0.9635	0.9581	0.964	0.9637	0.9637	0.9627	0.9638	0.9638	0.9604	0.9616	0.9638	0.9638	0.9638	0.9638	0.9637	0.9621	0.9589	0.9559	0.9642	0.9638	0.9638	0.9638	0.9638	0.9638	0.9638	0.9638	0.9638	0.9591	0.9638	0.9637	0.9638	0.9582	0.9617	0.9638	0.964	0.9639	0.9635	1.0435	0.9638	0.9639	0.9638	0.9631	0.9639	1.982	0.9568	0.9637
  C	0.9615	0.9617	0	0.961	0.9615	1.1679	0.9973	0.9613	1.0204	0.9615	0.9656	1.4811	0.9612	0.9616	0.9608	0.9659	0.9608	0.9943	0.9612	1.0375	2.1338	0.9633	0.9608	0.9615	0.9609	0.9607	0.9607	0.9609	1.6481	0.964	0.9631	0.9607	0.9607	0.973	0.962	0.9628	4.9237	1.1333	0.9665	0.9612	0.9608	0.961	0.9621	0.9608	0.9607	0.961	1.0289	0.9609	1.2566	0.9669	1.1042	0.9599	0.9609	0.9626	0.9616	0.9871	0.9614	0.9607	0.9615	0.9607	0.9662	0.9611	6.5973	0.9624	0.961
  D	0.9639	0.9638	0.961	0	0.9634	0.9631	0.9628	0.9637	0.9337	0.9639	0.9619	1.0442	0.9637	0.9646	0.9638	0.9637	0.9638	3.3431	0.9639	0.9633	0.9565	0.9642	0.9638	0.9638	0.9625	0.9638	0.9639	1.2403	0.9606	0.964	0.9639	0.9639	0.9639	0.9638	0.9613	0.9576	0.9537	0.9644	0.9639	0.9639	0.9639	0.9639	0.9638	0.9638	0.9649	0.9639	0.9581	0.9638	0.9636	0.964	0.9564	0.9614	0.9639	0.9642	1.2202	0.963	0.958	0.9639	0.9643	0.9639	1.1054	0.9639	0.8819	0.9547	0.9637
  E	0.9634	0.9634	0.9615	0.9634	0	0.9631	0.9629	0.9634	0.9344	0.9633	0.9616	1.7105	0.9634	0.9635	1.1243	0.9632	0.9635	0.9543	0.9633	0.9632	0.9575	0.9639	0.9633	1.2636	0.9624	0.9633	0.9633	0.9595	0.9614	0.9639	0.9633	0.9633	0.9633	0.9635	0.9612	2.4768	1.2309	0.9644	0.9634	0.9633	0.9633	0.9994	0.9634	0.9633	0.9632	0.9633	3.6135	0.9633	0.9633	0.9636	0.9569	0.9606	0.9634	0.9641	0.9635	0.9637	0.9581	0.9633	0.9638	0.9633	0.9629	0.9633	0.8841	1.4337	0.9632
  F	0.963	0.9631	1.1679	0.9631	0.9631	0	1.0285	0.9628	0.9413	0.963	0.962	1.2592	0.9631	0.9683	0.9629	1.0944	0.9629	4.5728	0.963	0.9634	0.9637	1.0138	0.9628	0.9634	0.9624	0.9628	0.9628	1.4218	0.9618	0.9666	0.9629	0.9628	0.9629	0.9633	0.9625	1.3898	4.7136	0.9639	0.9631	0.963	0.9629	0.9633	0.9631	0.9628	0.9628	0.963	2.1445	0.9629	0.9633	0.9637	0.9583	1.5486	0.9629	0.9639	0.9633	0.9632	0.9666	0.9629	0.964	0.9628	1.0771	0.963	1.3322	0.9562	0.9628
  G	0.9633	0.9631	0.9973	0.9628	0.9629	1.0285	0	0.9627	2.3069	0.9627	1.0806	1.2719	0.9625	0.9633	0.9625	0.9636	0.9628	1.326	0.9627	0.9637	0.9631	1.1535	0.9625	0.9632	0.9621	0.9626	0.9625	0.9702	1.4176	0.9776	0.9625	0.9625	0.9626	0.9628	0.9903	0.962	0.9636	0.9634	0.963	0.9627	0.9625	0.9625	0.9643	0.9625	0.9625	0.9627	1.0875	0.9626	1.3701	0.963	1.0465	0.9622	0.9625	0.9634	1.0101	0.9644	1.047	0.9625	0.963	1.4438	0.9874	1.2934	8.214	0.9608	0.9677
  H	0.9638	0.9637	0.9613	0.9637	0.9634	0.9628	0.9627	0	1.3503	0.9637	0.962	1.4115	0.9636	0.9638	0.9637	0.9635	0.9637	0.9539	0.9637	0.9634	0.9564	0.9641	0.9636	0.9636	0.9625	0.9637	0.9637	0.9595	0.9611	0.9637	0.9637	0.9637	0.9637	0.9637	0.9615	1.437	0.9542	0.9644	0.9638	0.9637	0.9637	0.9638	0.9637	0.9637	0.9637	0.9637	0.9579	0.9637	0.9635	0.9638	0.957	0.9611	0.9638	0.9641	0.9638	0.9633	0.9583	0.9637	0.9638	0.9637	0.9628	0.9638	0.958	1.9005	0.9635
  I	0.937	1.1765	1.0204	0.9337	0.9344	0.9413	2.3069	1.3503	0	0.9363	1.4834	2.2746	0.9338	1.0358	0.9327	1.2	0.933	1.1771	0.9364	1.0039	1.3066	0.9369	0.9328	0.9337	0.933	0.9327	0.9322	0.9378	2.219	0.9364	0.9328	0.9324	0.9327	0.9921	2.3203	0.9456	0.9621	0.9368	0.939	0.9363	0.9328	0.933	1.0052	0.9328	0.9322	0.9348	1.4776	0.9341	0.9475	0.9394	1.4767	0.9343	0.9328	0.9417	0.9393	0.9635	2.1817	0.9323	0.9374	0.9323	0.9475	0.9353	71.7087	1.5529	0.9342
  J	0.9639	0.9638	0.9615	0.9639	0.9633	0.963	0.9627	0.9637	0.9363	0	0.9621	0.9405	0.9637	0.9639	0.9638	0.9636	0.9638	0.9543	0.9638	0.9634	0.9566	0.9641	0.9638	0.9637	0.9625	0.9638	0.9638	0.9597	0.9609	0.9638	0.9638	0.9638	0.9638	0.9637	0.9616	0.958	0.9543	0.9643	0.9639	0.9638	0.9638	0.9639	0.9638	0.9638	0.9638	0.9639	0.958	0.9638	0.9636	0.9639	0.9572	0.9613	0.9639	0.964	0.9639	0.9632	0.9584	0.9638	0.964	0.9638	0.9628	0.9639	1.3328	0.9555	0.9637
  K	0.9623	0.9625	0.9656	0.9619	0.9616	0.962	1.0806	0.962	1.4834	0.9621	0	0.9605	0.9618	0.9623	0.9618	0.9628	0.9618	0.9585	0.9621	0.9652	1.0622	0.9623	0.9618	0.9618	0.9612	0.9618	0.9618	1.1752	0.9632	0.9621	0.9618	0.9618	0.9618	0.9623	0.9623	0.9597	0.9605	0.9625	0.9624	0.9622	0.9618	0.9618	0.9624	0.9618	0.9618	0.962	0.9608	0.9619	0.9632	0.9624	0.9779	0.9606	0.9618	0.9628	0.963	0.9634	0.9604	0.9618	0.962	0.9618	1.5848	0.9622	5.3531	0.9588	1.0923
  L	0.9406	0.9443	1.4811	1.0442	1.7105	1.2592	1.2719	1.4115	2.2746	0.9405	0.9605	0	1.3639	0.9442	0.9376	1.2694	0.9376	1.6765	0.9405	0.956	11.037	1.1794	0.9376	1.3886	1.1972	0.9373	0.9369	1.3992	3.7038	2.691	0.9376	0.9372	0.9373	0.9437	0.9517	8.4455	5.3455	1.241	0.9426	0.9405	0.9376	1.0425	0.9431	0.9376	0.9371	0.939	7.0041	0.9389	1.0509	1.2233	5.962	0.9859	0.9384	1.6536	1.0139	2.6735	2.2451	0.937	0.9918	0.937	1.6343	0.939	7.9015	8.564	0.942
  M	0.9637	0.9637	0.9612	0.9637	0.9634	0.9631	0.9625	0.9636	0.9338	0.9637	0.9618	1.3639	0	0.9638	0.9637	0.9635	0.9637	0.9535	0.9637	0.9633	0.9563	0.9642	0.9636	0.9636	0.9626	0.9637	0.9637	0.9595	0.9607	0.9637	0.9637	0.9637	0.9637	0.9637	0.9613	0.965	1.9352	0.9645	0.9637	0.9637	0.9637	0.9638	0.9637	0.9637	0.9636	0.9637	0.9585	0.9636	0.9635	0.9639	0.9668	0.961	0.9637	0.9642	0.9638	0.963	0.9579	0.9637	0.9638	0.9637	0.9629	0.9637	0.8833	0.9552	0.9635
  N	0.964	0.9639	0.9616	0.9646	0.9635	0.9683	0.9633	0.9638	1.0358	0.9639	0.9623	0.9442	0.9638	0	0.9639	0.9642	0.964	1.673	0.9639	0.9635	1.0493	0.9646	0.9638	0.9639	0.9626	0.9639	0.9639	0.9621	0.9614	0.964	0.9639	0.9639	0.9639	0.9644	0.9618	0.9585	1.0322	0.9644	0.964	0.9639	0.9639	0.9639	0.9639	0.9639	0.9639	0.9639	0.994	0.9638	0.9639	0.964	0.9574	0.9633	0.964	0.9641	0.964	0.9635	1.0119	0.9639	0.9642	0.9639	0.9665	0.9639	1.3671	0.9564	0.9638
  O	0.9639	0.9638	0.9608	0.9638	1.1243	0.9629	0.9625	0.9637	0.9327	0.9638	0.9618	0.9376	0.9637	0.9639	0	0.9635	0.9638	0.953	0.9638	0.9633	0.9555	0.9641	0.9638	0.9638	0.9624	0.9638	0.9638	0.9592	0.9605	0.9638	0.9638	0.9638	0.9638	0.9637	0.9612	0.9576	1.4298	0.9643	0.9638	0.9638	0.9638	0.9639	0.9638	0.9638	0.9638	0.9638	1.307	0.9638	0.9635	0.9639	0.9561	0.961	0.9639	0.9641	0.9639	0.9629	0.9577	0.9638	0.9639	0.9638	0.9629	0.9639	0.8797	0.9544	0.9636
  P	0.9638	0.9638	0.9659	0.9637	0.9632	1.0944	0.9636	0.9635	1.2	0.9636	0.9628	1.2694	0.9635	0.9642	0.9635	0	0.9635	1.9143	0.9636	0.9638	1.6192	0.964	0.9635	0.9635	0.9626	0.9635	0.9635	0.9616	1.2303	0.9639	0.9635	0.9635	0.9635	1.0189	0.9631	0.9591	1.5879	0.9645	0.9637	0.9636	0.9635	0.9636	0.9637	0.9635	0.9635	1.2412	0.9602	0.9636	0.9638	0.9639	0.959	0.9617	0.9636	0.9641	0.9641	0.9638	0.9599	1.0221	0.9639	0.9635	2.939	0.9637	2.318	0.9576	0.9635
  Q	0.9639	0.9638	0.9608	0.9638	0.9635	0.9629	0.9628	0.9637	0.933	0.9638	0.9618	0.9376	0.9637	0.964	0.9638	0.9635	0	0.9534	0.9638	0.9633	0.9555	0.9641	0.9637	0.9638	0.9625	0.9638	0.9638	0.9592	0.9607	0.964	0.9638	0.9638	0.9638	0.9637	0.9613	0.9573	1.4279	0.9643	0.9638	0.9638	0.9638	0.9639	0.9638	0.9638	0.9638	0.9638	2.3962	0.9638	0.9636	0.9639	0.9562	0.961	0.9638	0.9641	0.9639	0.9629	0.9578	0.9638	0.9641	0.9638	0.9629	0.9639	0.8798	0.9544	0.9636
  R	0.9541	0.9559	0.9943	3.3431	0.9543	4.5728	1.326	0.9539	1.1771	0.9543	0.9585	1.6765	0.9535	1.673	0.953	1.9143	0.9534	0	0.9543	0.9606	1.2163	2.3426	0.953	0.9539	0.9531	0.9531	0.9528	6.1052	0.9603	1.0959	0.953	0.9529	0.9531	0.9554	0.9577	0.964	6.266	0.9552	0.9552	0.9543	0.953	0.9534	0.9554	0.953	0.9529	0.9537	1.4645	0.9535	0.9572	0.9743	1.0132	7.2283	0.9531	0.9606	0.9562	0.958	1.2983	0.9529	1.1569	0.9529	1.967	0.9537	2.1674	0.9538	0.9538
  S	0.9639	0.9638	0.9612	0.9639	0.9633	0.963	0.9627	0.9637	0.9364	0.9638	0.9621	0.9405	0.9637	0.9639	0.9638	0.9636	0.9638	0.9543	0	0.9634	0.9566	0.9641	0.9638	0.9638	0.9625	0.9638	0.9638	0.9597	0.9609	0.9638	0.9638	0.9638	0.9638	0.9637	0.9616	0.958	0.9543	0.9643	0.9639	0.9638	0.9638	0.9639	0.9638	0.9638	0.9638	0.9639	0.958	0.9638	0.9636	0.9639	0.957	0.9613	0.9639	0.964	0.9639	0.9632	0.9585	0.9638	0.964	0.9638	0.9629	0.9639	1.3342	0.9555	0.9637
  T	0.9636	0.9635	1.0375	0.9633	0.9632	0.9634	0.9637	0.9634	1.0039	0.9634	0.9652	0.956	0.9633	0.9635	0.9633	0.9638	0.9633	0.9606	0.9634	0	0.9632	0.9638	0.9633	0.9633	0.9629	0.9633	0.9633	0.9622	0.9634	0.9635	0.9633	0.9633	0.9633	0.9634	0.9889	0.9615	0.9607	0.9637	0.9639	0.9634	0.9633	0.9633	1.2105	0.9633	0.9633	0.9634	0.9622	0.9634	0.9936	0.9635	0.9616	0.9625	0.9633	0.9636	0.9635	0.9646	0.962	0.9633	0.9636	0.9633	0.9634	0.9635	10.7232	0.9609	0.9634
  U	0.9566	0.9581	2.1338	0.9565	0.9575	0.9637	0.9631	0.9564	1.3066	0.9566	1.0622	11.037	0.9563	1.0493	0.9555	1.6192	0.9555	1.2163	0.9566	0.9632	0	0.9583	0.9555	0.9558	0.9594	0.9554	0.9553	1.426	1.322	0.9575	0.9555	0.9554	0.9554	3.4144	0.9828	0.9592	10.1936	1.434	0.9575	0.9566	0.9555	0.9564	0.9577	0.9555	0.9553	0.9561	0.9776	0.9559	1.4348	0.9594	0.9882	0.9564	1.0432	0.9601	0.9576	1.4173	1.278	0.9553	0.9571	0.9553	0.967	0.9561	5.5459	3.2601	0.9559
  V	0.9641	0.964	0.9633	0.9642	0.9639	1.0138	1.1535	0.9641	0.9369	0.9641	0.9623	1.1794	0.9642	0.9646	0.9641	0.964	0.9641	2.3426	0.9641	0.9638	0.9583	0	0.9641	0.9642	0.9629	0.9641	0.9641	0.9604	0.9616	0.9647	0.9641	0.9641	0.9641	0.9641	0.9618	0.9599	0.981	0.965	0.9642	0.9641	0.9641	0.9642	0.9688	0.9641	0.9641	0.9641	0.9596	0.9644	1.0509	0.9643	0.9581	0.9619	0.9641	1.2218	0.9642	0.9637	0.959	0.9641	0.9644	0.9641	0.9636	0.9642	1.215	0.957	0.964
  W	0.9638	0.9637	0.9608	0.9638	0.9633	0.9628	0.9625	0.9636	0.9328	0.9638	0.9618	0.9376	0.9636	0.9638	0.9638	0.9635	0.9637	0.953	0.9638	0.9633	0.9555	0.9641	0	0.9637	0.9624	0.9638	0.9638	0.9592	0.9604	0.9637	0.9638	0.9638	0.9638	0.9637	0.9612	0.9573	1.4295	0.9643	0.9638	0.9638	0.9638	0.9639	0.9638	0.9637	0.9637	0.9638	0.9572	0.9637	0.9635	0.9639	0.9561	0.9609	0.9638	0.964	0.9639	0.9629	0.9577	0.9638	0.9639	0.9638	0.9627	0.9638	0.88	0.9544	0.9636
  X	0.9638	0.9637	0.9615	0.9638	1.2636	0.9634	0.9632	0.9636	0.9337	0.9637	0.9618	1.3886	0.9636	0.9639	0.9638	0.9635	0.9638	0.9539	0.9638	0.9633	0.9558	0.9642	0.9637	0	0.9624	0.9637	0.9637	0.9593	0.9608	0.9639	0.9637	0.9637	0.9638	0.9637	0.9613	0.958	1.0006	0.9645	0.9638	0.9637	0.9637	0.9638	0.9637	0.9637	0.9637	0.9638	2.1015	0.9637	0.9635	0.9638	0.9564	0.961	0.9638	0.9642	0.9639	0.963	0.9581	0.9637	0.964	0.9637	0.9628	0.9638	0.9019	0.9548	0.9636
  Y	0.9626	0.9627	0.9609	0.9625	0.9624	0.9624	0.9621	0.9625	0.933	0.9625	0.9612	1.1972	0.9626	0.9626	0.9624	0.9626	0.9625	0.9531	0.9625	0.9629	0.9594	0.9629	0.9624	0.9624	0	0.9623	0.9623	0.9587	1.1565	0.9628	0.9624	0.9624	0.9624	0.9627	0.9606	1.0244	1.2039	0.9634	0.9627	0.9625	0.9624	0.9625	0.9627	0.9624	0.9623	0.9625	1.0965	0.9624	0.9627	0.9628	0.9568	0.9596	0.9624	0.9632	0.9627	0.9627	0.9572	0.9623	0.9626	0.9623	0.9623	0.9625	0.8827	1.0328	0.9623
  Z	0.9639	0.9638	0.9607	0.9638	0.9633	0.9628	0.9626	0.9637	0.9327	0.9638	0.9618	0.9373	0.9637	0.9639	0.9638	0.9635	0.9638	0.9531	0.9638	0.9633	0.9554	0.9641	0.9638	0.9637	0.9623	0	0.9638	0.9591	0.9604	0.9638	0.9638	0.9638	0.9638	0.9637	0.9613	0.9572	0.953	0.9643	0.9638	0.9638	0.9638	0.9638	0.9638	0.9638	0.9638	0.9638	1.4357	0.9638	0.9635	0.9638	0.9561	0.961	0.9638	0.964	0.9639	0.9629	0.9577	0.9638	0.964	0.9638	0.9627	0.9639	0.8795	0.9543	0.9636
  [	0.9639	0.9638	0.9607	0.9639	0.9633	0.9628	0.9625	0.9637	0.9322	0.9638	0.9618	0.9369	0.9637	0.9639	0.9638	0.9635	0.9638	0.9528	0.9638	0.9633	0.9553	0.9641	0.9638	0.9637	0.9623	0.9638	0	0.9591	0.9603	0.9638	0.9638	0.9638	0.9638	0.9637	0.9612	0.9571	0.9528	0.9643	0.9639	0.9638	0.9638	0.9639	0.9638	0.9638	0.9638	0.9639	0.957	1.446	0.9635	0.9639	0.9559	0.961	0.9639	0.9641	0.9639	0.9629	0.9576	0.9638	0.964	0.9638	0.9627	0.9639	0.8784	0.9542	0.9636
  \	0.9597	0.9604	0.9609	1.2403	0.9595	1.4218	0.9702	0.9595	0.9378	0.9597	1.1752	1.3992	0.9595	0.9621	0.9592	0.9616	0.9592	6.1052	0.9597	0.9622	1.426	0.9604	0.9592	0.9593	0.9587	0.9591	0.9591	0	0.9602	0.9604	0.9593	0.9591	0.9591	0.9742	0.9596	0.9624	3.9928	0.9611	0.9602	0.9597	0.9593	0.9596	0.9602	0.9592	0.9599	0.9595	0.9602	0.9594	0.961	0.9732	0.9946	1.1375	0.9593	0.9635	1.1662	0.9609	0.957	0.9592	0.9599	0.9591	1.6682	0.9595	1.2185	0.9542	1.2789
  ]	1.1022	0.9616	1.6481	0.9606	0.9614	0.9618	1.4176	0.9611	2.219	0.9609	0.9632	3.7038	0.9607	0.9614	0.9605	1.2303	0.9607	0.9603	0.9609	0.9634	1.322	0.9616	0.9604	0.9608	1.1565	0.9604	0.9603	0.9602	0	1.0278	0.9604	1.4405	0.9605	0.9614	0.962	1.0516	1.9529	0.963	0.9613	0.9609	0.9604	0.9606	0.9614	0.9604	0.9604	0.9607	3.6951	0.9606	0.9625	0.9617	1.918	0.9594	0.9605	0.9625	0.963	2.0187	1.1281	0.9604	1.3043	0.9603	1.4796	0.9611	5.5211	3.9089	0.9607
  ^	0.9639	0.9638	0.964	0.964	0.9639	0.9666	0.9776	0.9637	0.9364	0.9638	0.9621	2.691	0.9637	0.964	0.9638	0.9639	0.964	1.0959	0.9638	0.9635	0.9575	0.9647	0.9637	0.9639	0.9628	0.9638	0.9638	0.9604	1.0278	0	0.9638	0.9638	0.9638	0.9638	0.9616	0.9595	1.2083	0.9652	0.9638	0.9638	0.9638	0.9639	0.9638	0.9638	0.9638	0.9638	1.2765	0.9638	0.9637	0.964	0.9577	0.9615	0.9638	0.9647	0.964	0.9636	0.9586	0.9638	0.9642	0.9638	1.9178	0.9638	0.9314	0.9563	0.9637
  _	0.9639	0.9638	0.9631	0.9639	0.9633	0.9629	0.9625	0.9637	0.9328	0.9638	0.9618	0.9376	0.9637	0.9639	0.9638	0.9635	0.9638	0.953	0.9638	0.9633	0.9555	0.9641	0.9638	0.9637	0.9624	0.9638	0.9638	0.9593	0.9604	0.9638	0	0.9638	0.9638	0.9637	0.9613	0.9573	1.4268	0.9643	0.9638	0.9638	0.9638	0.9639	0.9638	0.9638	0.9638	0.9638	0.9572	0.9638	0.9635	0.9639	0.9561	0.961	0.9639	0.9641	0.9639	0.9629	0.9577	0.9638	0.9639	0.9638	0.9628	0.9639	0.8806	0.9544	0.9636
  `	0.9639	0.9638	0.9607	0.9639	0.9633	0.9628	0.9625	0.9637	0.9324	0.9638	0.9618	0.9372	0.9637	0.9639	0.9638	0.9635	0.9638	0.9529	0.9638	0.9633	0.9554	0.9641	0.9638	0.9637	0.9624	0.9638	0.9638	0.9591	1.4405	0.9638	0.9638	0	0.9638	0.9637	0.9612	0.9572	0.9529	0.9643	0.9638	0.9638	0.9638	0.9639	0.9638	0.9638	0.9638	0.9639	0.9571	0.9638	0.9635	0.9639	0.956	0.961	0.9639	0.9641	0.9639	0.9629	0.9576	0.9638	0.964	0.9638	0.9627	0.9639	0.8791	0.9543	0.9636
  a	0.9639	0.9638	0.9607	0.9639	0.9633	0.9629	0.9626	0.9637	0.9327	0.9638	0.9618	0.9373	0.9637	0.9639	0.9638	0.9635	0.9638	0.9531	0.9638	0.9633	0.9554	0.9641	0.9638	0.9638	0.9624	0.9638	0.9638	0.9591	0.9605	0.9638	0.9638	0.9638	0	0.9637	0.9613	0.9572	0.953	0.9643	0.9639	0.9638	0.9638	0.9639	0.9638	0.9638	0.9638	0.9639	1.4361	0.9638	0.9635	0.9639	0.9561	0.961	0.9639	0.9641	0.9639	0.9629	0.9577	0.9638	0.964	0.9638	0.9627	0.9639	0.8795	0.9543	0.9636
  b	0.9638	0.9637	0.973	0.9638	0.9635	0.9633	0.9628	0.9637	0.9921	0.9637	0.9623	0.9437	0.9637	0.9644	0.9637	1.0189	0.9637	0.9554	0.9637	0.9634	3.4144	0.9641	0.9637	0.9637	0.9627	0.9637	0.9637	0.9742	0.9614	0.9638	0.9637	0.9637	0.9637	0	0.9617	0.9585	3.1253	0.9646	0.9638	0.9637	0.9637	0.9639	0.9638	0.9637	0.9637	0.9638	0.9588	0.9637	0.9639	1.3377	0.9575	0.9613	1.0596	0.9641	0.9638	0.9641	0.9591	0.9637	0.9639	0.9637	0.9633	0.9638	1.4174	1.1103	0.9636
  c	0.9617	0.9621	0.962	0.9613	0.9612	0.9625	0.9903	0.9615	2.3203	0.9616	0.9623	0.9517	0.9613	0.9618	0.9612	0.9631	0.9613	0.9577	0.9616	0.9889	0.9828	0.9618	0.9612	0.9613	0.9606	0.9613	0.9612	0.9596	0.962	0.9616	0.9613	0.9612	0.9613	0.9617	0	0.9595	0.9589	0.9619	0.9619	0.9616	0.9613	0.9613	0.9767	0.9612	0.9612	0.9615	0.9878	0.9614	1.1019	0.9619	0.9602	0.96	0.9613	0.9622	0.9619	0.9644	1.0554	0.9612	0.9615	0.9612	0.9621	0.9615	4.9116	0.9582	0.9613
  d	0.9579	0.9589	0.9628	0.9576	2.4768	1.3898	0.962	1.437	0.9456	0.958	0.9597	8.4455	0.965	0.9585	0.9576	0.9591	0.9573	0.964	0.958	0.9615	0.9592	0.9599	0.9573	0.958	1.0244	0.9572	0.9571	0.9624	1.0516	0.9595	0.9573	0.9572	0.9572	0.9585	0.9595	0	1.6655	0.961	0.9586	0.958	0.9573	1.0613	0.9587	0.9573	0.9571	0.9576	6.6933	0.9575	0.9597	0.9833	2.6766	0.956	0.9574	1.0239	0.9587	2.3985	1.4382	0.9572	0.9583	0.9572	0.9605	0.9576	0.9213	4.6613	0.9575
  e	0.9545	0.9559	4.9237	0.9537	1.2309	4.7136	0.9636	0.9542	0.9621	0.9543	0.9605	5.3455	1.9352	1.0322	1.4298	1.5879	1.4279	6.266	0.9543	0.9607	10.1936	0.981	1.4295	1.0006	1.2039	0.953	0.9528	3.9928	1.9529	1.2083	1.4268	0.9529	0.953	3.1253	0.9589	1.6655	0	1.9524	0.9559	0.9543	1.4295	1.2023	0.9563	1.4283	0.9529	0.9538	10.9085	0.9536	1.291	1.2588	1.7178	0.9542	1.1961	1.0078	0.9556	0.9673	1.429	0.9529	0.9661	0.9528	2.6044	0.9537	13.0094	1.928	1.4308
  f	0.9643	0.9642	1.1333	0.9644	0.9644	0.9639	0.9634	0.9644	0.9368	0.9643	0.9625	1.241	0.9645	0.9644	0.9643	0.9645	0.9643	0.9552	0.9643	0.9637	1.434	0.965	0.9643	0.9645	0.9634	0.9643	0.9643	0.9611	0.963	0.9652	0.9643	0.9643	0.9643	0.9646	0.9619	0.961	1.9524	0	0.9645	0.9643	0.9643	0.9645	0.9644	0.9643	0.9643	0.9643	0.9603	0.9643	0.9648	0.9645	0.9588	0.9619	0.9644	0.9649	0.9644	0.9645	0.9594	0.9643	0.9645	0.9643	1.1228	0.9643	1.2504	0.9585	0.9642
  g	0.9639	0.9638	0.9665	0.9639	0.9634	0.9631	0.963	0.9638	0.939	0.9639	0.9624	0.9426	0.9637	0.964	0.9638	0.9637	0.9638	0.9552	0.9639	0.9639	0.9575	0.9642	0.9638	0.9638	0.9627	0.9638	0.9639	0.9602	0.9613	0.9638	0.9638	0.9638	0.9639	0.9638	0.9619	0.9586	0.9559	0.9645	0	0.9639	0.9638	0.9639	1.1672	0.9638	0.9638	0.9639	0.9586	0.9638	0.9643	0.9639	0.9578	0.9616	0.9639	0.9641	0.964	0.9633	0.959	0.9639	0.964	0.9639	0.9631	0.9639	1.7103	0.9563	0.9637
  h	0.9639	0.9638	0.9612	0.9639	0.9633	0.963	0.9627	0.9637	0.9363	0.9638	0.9622	0.9405	0.9637	0.9639	0.9638	0.9636	0.9638	0.9543	0.9638	0.9634	0.9566	0.9641	0.9638	0.9637	0.9625	0.9638	0.9638	0.9597	0.9609	0.9638	0.9638	0.9638	0.9638	0.9637	0.9616	0.958	0.9543	0.9643	0.9639	0	0.9638	0.9639	0.9638	0.9638	0.9638	0.9639	0.958	0.9638	0.9636	0.9639	0.957	0.9613	0.9639	0.964	0.9639	0.9632	0.9584	0.9638	0.964	0.9638	0.9629	0.9639	1.3333	0.9555	0.9637
  i	0.9639	0.9638	0.9608	0.9639	0.9633	0.9629	0.9625	0.9637	0.9328	0.9638	0.9618	0.9376	0.9637	0.9639	0.9638	0.9635	0.9638	0.953	0.9638	0.9633	0.9555	0.9641	0.9638	0.9637	0.9624	0.9638	0.9638	0.9593	0.9604	0.9638	0.9638	0.9638	0.9638	0.9637	0.9613	0.9573	1.4295	0.9643	0.9638	0.9638	0	0.9639	0.9638	0.9638	0.9638	0.9638	0.9572	0.9638	0.9635	0.9639	0.9561	0.961	0.9639	0.9641	0.9639	0.9629	0.9577	0.9638	0.9639	0.9638	0.9628	0.9639	0.88	0.9544	0.9636
  j	0.9639	0.9638	0.961	0.9639	0.9994	0.9633	0.9625	0.9638	0.933	0.9639	0.9618	1.0425	0.9638	0.9639	0.9639	0.9636	0.9639	0.9534	0.9639	0.9633	0.9564	0.9642	0.9639	0.9638	0.9625	0.9638	0.9639	0.9596	0.9606	0.9639	0.9639	0.9639	0.9639	0.9639	0.9613	1.0613	1.2023	0.9645	0.9639	0.9639	0.9639	0	0.9639	0.9639	0.9638	0.9639	0.9652	0.9638	0.9636	0.9639	0.9565	0.9611	0.9639	0.9642	0.964	0.9631	0.9579	0.9639	0.964	0.9639	0.9629	0.9639	0.8808	0.9558	0.9637
  k	0.9639	0.9638	0.9621	0.9638	0.9634	0.9631	0.9643	0.9637	1.0052	0.9638	0.9624	0.9431	0.9637	0.9639	0.9638	0.9637	0.9638	0.9554	0.9638	1.2105	0.9577	0.9688	0.9638	0.9637	0.9627	0.9638	0.9638	0.9602	0.9614	0.9638	0.9638	0.9638	0.9638	0.9638	0.9767	0.9587	0.9563	0.9644	1.1672	0.9638	0.9638	0.9639	0	0.9638	0.9638	0.9639	0.9588	0.9638	0.9806	0.9639	0.9583	0.9616	0.9638	0.9642	0.9639	0.9634	0.9591	0.9638	0.9639	0.9638	0.9631	0.9639	1.8238	0.9564	0.9637
  l	0.9638	0.9638	0.9608	0.9638	0.9633	0.9628	0.9625	0.9637	0.9328	0.9638	0.9618	0.9376	0.9637	0.9639	0.9638	0.9635	0.9638	0.953	0.9638	0.9633	0.9555	0.9641	0.9637	0.9637	0.9624	0.9638	0.9638	0.9592	0.9604	0.9638	0.9638	0.9638	0.9638	0.9637	0.9612	0.9573	1.4283	0.9643	0.9638	0.9638	0.9638	0.9639	0.9638	0	0.9638	0.9638	0.9572	0.9638	0.9635	0.9639	0.9561	0.961	0.9638	0.9641	0.9639	0.9629	0.9577	0.9638	0.9639	0.9638	0.9628	0.9639	0.8811	0.9544	0.9636
  m	0.9639	0.9638	0.9607	0.9649	0.9632	0.9628	0.9625	0.9637	0.9322	0.9638	0.9618	0.9371	0.9636	0.9639	0.9638	0.9635	0.9638	0.9529	0.9638	0.9633	0.9553	0.9641	0.9637	0.9637	0.9623	0.9638	0.9638	0.9599	0.9604	0.9638	0.9638	0.9638	0.9638	0.9637	0.9612	0.9571	0.9529	0.9643	0.9638	0.9638	0.9638	0.9638	0.9638	0.9638	0	0.9638	0.957	0.9638	0.9635	0.9638	0.956	0.9609	0.9638	0.964	0.9679	0.9629	0.9576	0.9638	0.9639	0.9638	1.4566	0.9639	0.8786	0.9542	0.9636
  n	0.9639	0.9638	0.961	0.9639	0.9633	0.963	0.9627	0.9637	0.9348	0.9639	0.962	0.939	0.9637	0.9639	0.9638	1.2412	0.9638	0.9537	0.9639	0.9634	0.9561	0.9641	0.9638	0.9638	0.9625	0.9638	0.9639	0.9595	0.9607	0.9638	0.9638	0.9639	0.9639	0.9638	0.9615	0.9576	0.9538	0.9643	0.9639	0.9639	0.9638	0.9639	0.9639	0.9638	0.9638	0	0.9576	0.9638	0.9636	0.9639	0.9566	0.9612	0.9639	0.9641	0.964	0.9631	0.9581	0.9639	0.964	0.9639	0.963	0.9639	1.1103	0.9549	0.9637
  o	0.9582	0.9591	1.0289	0.9581	3.6135	2.1445	1.0875	0.9579	1.4776	0.958	0.9608	7.0041	0.9585	0.994	1.307	0.9602	2.3962	1.4645	0.958	0.9622	0.9776	0.9596	0.9572	2.1015	1.0965	1.4357	0.957	0.9602	3.6951	1.2765	0.9572	0.9571	1.4361	0.9588	0.9878	6.6933	10.9085	0.9603	0.9586	0.958	0.9572	0.9652	0.9588	0.9572	0.957	0.9576	0	0.9574	1.0132	0.9613	2.3493	0.958	0.9574	0.9623	0.9587	2.3913	1.0383	0.957	1.3387	0.9571	1.0426	0.9576	2.9303	2.5569	1.4382
  p	0.9639	0.9638	0.9609	0.9638	0.9633	0.9629	0.9626	0.9637	0.9341	0.9638	0.9619	0.9389	0.9636	0.9638	0.9638	0.9636	0.9638	0.9535	0.9638	0.9634	0.9559	0.9644	0.9637	0.9637	0.9624	0.9638	1.446	0.9594	0.9606	0.9638	0.9638	0.9638	0.9638	0.9637	0.9614	0.9575	0.9536	0.9643	0.9638	0.9638	0.9638	0.9638	0.9638	0.9638	0.9638	0.9638	0.9574	0	0.9636	0.9638	0.9565	0.9611	0.9638	1.8551	0.9639	0.963	0.958	0.9638	0.9639	0.9638	1.0162	0.9639	1.1073	0.9547	0.9636
  q	0.9637	0.9637	1.2566	0.9636	0.9633	0.9633	1.3701	0.9635	0.9475	0.9636	0.9632	1.0509	0.9635	0.9639	0.9635	0.9638	0.9636	0.9572	0.9636	0.9936	1.4348	1.0509	0.9635	0.9635	0.9627	0.9635	0.9635	0.961	0.9625	0.9637	0.9635	0.9635	0.9635	0.9639	1.1019	0.9597	1.291	0.9648	0.9643	0.9636	0.9635	0.9636	0.9806	0.9635	0.9635	0.9636	1.0132	0.9636	0	0.9638	1.1231	0.9617	0.9636	0.9642	0.9638	0.9902	0.9639	0.9635	0.9637	0.9636	0.9634	0.9637	2.8161	0.9584	0.9635
  r	0.964	0.9638	0.9669	0.964	0.9636	0.9637	0.963	0.9638	0.9394	0.9639	0.9624	1.2233	0.9639	0.964	0.9639	0.9639	0.9639	0.9743	0.9639	0.9635	0.9594	0.9643	0.9639	0.9638	0.9628	0.9638	0.9639	0.9732	0.9617	0.964	0.9639	0.9639	0.9639	1.3377	0.9619	0.9833	1.2588	0.9645	0.9639	0.9639	0.9639	0.9639	0.9639	0.9639	0.9638	0.9639	0.9613	0.9638	0.9638	0	1.0081	0.9618	0.9639	0.9694	0.964	0.9636	0.9592	0.9639	0.964	0.9639	0.9632	0.9639	1.7986	0.9574	0.9638
  s	0.9575	0.9582	1.1042	0.9564	0.9569	0.9583	1.0465	0.957	1.4767	0.9572	0.9779	5.962	0.9668	0.9574	0.9561	0.959	0.9562	1.0132	0.957	0.9616	0.9882	0.9581	0.9561	0.9564	0.9568	0.9561	0.9559	0.9946	1.918	0.9577	0.9561	0.956	0.9561	0.9575	0.9602	2.6766	1.7178	0.9588	0.9578	0.957	0.9561	0.9565	0.9583	0.9561	0.956	0.9566	2.3493	0.9565	1.1231	1.0081	0	0.9558	0.9562	0.9802	0.9578	2.1311	0.9591	0.956	0.9573	0.956	0.9602	0.9567	12.4989	1.6383	0.9565
  t	0.9613	0.9617	0.9599	0.9614	0.9606	1.5486	0.9622	0.9611	0.9343	0.9613	0.9606	0.9859	0.961	0.9633	0.961	0.9617	0.961	7.2283	0.9613	0.9625	0.9564	0.9619	0.9609	0.961	0.9596	0.961	0.961	1.1375	0.9594	0.9615	0.961	0.961	0.961	0.9613	0.96	0.956	0.9542	0.9619	0.9616	0.9613	0.961	0.9611	0.9616	0.961	0.9609	0.9612	0.958	0.9611	0.9617	0.9618	0.9558	0	0.961	0.9621	0.9617	0.9613	0.9568	0.961	0.9619	0.961	0.9619	0.9612	0.8827	0.9531	0.9609
  u	0.9639	0.9638	0.9609	0.9639	0.9634	0.9629	0.9625	0.9638	0.9328	0.9639	0.9618	0.9384	0.9637	0.964	0.9639	0.9636	0.9638	0.9531	0.9639	0.9633	1.0432	0.9641	0.9638	0.9638	0.9624	0.9638	0.9639	0.9593	0.9605	0.9638	0.9639	0.9639	0.9639	1.0596	0.9613	0.9574	1.1961	0.9644	0.9639	0.9639	0.9639	0.9639	0.9638	0.9638	0.9638	0.9639	0.9574	0.9638	0.9636	0.9639	0.9562	0.961	0	0.9641	0.964	0.9631	0.9578	0.9639	0.964	0.9639	0.9628	0.9639	0.8802	1.1203	0.9637
  v	0.9641	0.964	0.9626	0.9642	0.9641	0.9639	0.9634	0.9641	0.9417	0.964	0.9628	1.6536	0.9642	0.9641	0.9641	0.9641	0.9641	0.9606	0.964	0.9636	0.9601	1.2218	0.964	0.9642	0.9632	0.964	0.9641	0.9635	0.9625	0.9647	0.9641	0.9641	0.9641	0.9641	0.9622	1.0239	1.0078	0.9649	0.9641	0.964	0.9641	0.9642	0.9642	0.9641	0.964	0.9641	0.9623	1.8551	0.9642	0.9694	0.9802	0.9621	0.9641	0	0.9642	0.9642	0.9601	0.9641	0.9642	0.9641	1.3928	0.9641	2.1422	0.9596	0.964
  w	0.9649	0.9639	0.9616	1.2202	0.9635	0.9633	1.0101	0.9638	0.9393	0.9639	0.963	1.0139	0.9638	0.964	0.9639	0.9641	0.9639	0.9562	0.9639	0.9635	0.9576	0.9642	0.9639	0.9639	0.9627	0.9639	0.9639	1.1662	0.963	0.964	0.9639	0.9639	0.9639	0.9638	0.9619	0.9587	0.9556	0.9644	0.964	0.9639	0.9639	0.964	0.9639	0.9639	0.9679	0.964	0.9587	0.9639	0.9638	0.964	0.9578	0.9617	0.964	0.9642	0	0.9635	0.959	0.964	0.9641	0.964	1.8237	1.1032	1.7466	0.9564	0.9638
  x	0.9634	0.9635	0.9871	0.963	0.9637	0.9632	0.9644	0.9633	0.9635	0.9632	0.9634	2.6735	0.963	0.9635	0.9629	0.9638	0.9629	0.958	0.9632	0.9646	1.4173	0.9637	0.9629	0.963	0.9627	0.9629	0.9629	0.9609	2.0187	0.9636	0.9629	0.9629	0.9629	0.9641	0.9644	2.3985	0.9673	0.9645	0.9633	0.9632	0.9629	0.9631	0.9634	0.9629	0.9629	0.9631	2.3913	0.963	0.9902	0.9636	2.1311	0.9613	0.9631	0.9642	0.9635	0	0.9958	0.9629	0.9636	0.9629	0.9638	0.9631	2.8417	3.7419	0.9629
  y	0.9584	1.0435	0.9614	0.958	0.9581	0.9666	1.047	0.9583	2.1817	0.9584	0.9604	2.2451	0.9579	1.0119	0.9577	0.9599	0.9578	1.2983	0.9585	0.962	1.278	0.959	0.9577	0.9581	0.9572	0.9577	0.9576	0.957	1.1281	0.9586	0.9577	0.9576	0.9577	0.9591	1.0554	1.4382	1.429	0.9594	0.959	0.9584	0.9577	0.9579	0.9591	0.9577	0.9576	0.9581	1.0383	0.958	0.9639	0.9592	0.9591	0.9568	0.9578	0.9601	0.959	0.9958	0	0.9576	0.9583	0.9576	0.9674	0.9581	3.0002	1.0778	0.9579
  z	0.9639	0.9638	0.9607	0.9639	0.9633	0.9629	0.9625	0.9637	0.9323	0.9638	0.9618	0.937	0.9637	0.9639	0.9638	1.0221	0.9638	0.9529	0.9638	0.9633	0.9553	0.9641	0.9638	0.9637	0.9623	0.9638	0.9638	0.9592	0.9604	0.9638	0.9638	0.9638	0.9638	0.9637	0.9612	0.9572	0.9529	0.9643	0.9639	0.9638	0.9638	0.9639	0.9638	0.9638	0.9638	0.9639	0.957	0.9638	0.9635	0.9639	0.956	0.961	0.9639	0.9641	0.964	0.9629	0.9576	0	0.964	0.9638	1.3925	0.9639	0.8786	0.9542	0.9636
  {	0.9641	0.9639	0.9615	0.9643	0.9638	0.964	0.963	0.9638	0.9374	0.964	0.962	0.9918	0.9638	0.9642	0.9639	0.9639	0.9641	1.1569	0.964	0.9636	0.9571	0.9644	0.9639	0.964	0.9626	0.964	0.964	0.9599	1.3043	0.9642	0.9639	0.964	0.964	0.9639	0.9615	0.9583	0.9661	0.9645	0.964	0.964	0.9639	0.964	0.9639	0.9639	0.9639	0.964	1.3387	0.9639	0.9637	0.964	0.9573	0.9619	0.964	0.9642	0.9641	0.9636	0.9583	0.964	0	0.964	0.9633	0.964	0.9515	0.9564	0.9638
  |	0.9639	0.9638	0.9607	0.9639	0.9633	0.9628	1.4438	0.9637	0.9323	0.9638	0.9618	0.937	0.9637	0.9639	0.9638	0.9635	0.9638	0.9529	0.9638	0.9633	0.9553	0.9641	0.9638	0.9637	0.9623	0.9638	0.9638	0.9591	0.9603	0.9638	0.9638	0.9638	0.9638	0.9637	0.9612	0.9572	0.9528	0.9643	0.9639	0.9638	0.9638	0.9639	0.9638	0.9638	0.9638	0.9639	0.9571	0.9638	0.9636	0.9639	0.956	0.961	0.9639	0.9641	0.964	0.9629	0.9576	0.9638	0.964	0	0.9627	0.9639	0.8787	0.9542	0.9636
  }	0.9631	0.9631	0.9662	1.1054	0.9629	1.0771	0.9874	0.9628	0.9475	0.9628	1.5848	1.6343	0.9629	0.9665	0.9629	2.939	0.9629	1.967	0.9629	0.9634	0.967	0.9636	0.9627	0.9628	0.9623	0.9627	0.9627	1.6682	1.4796	1.9178	0.9628	0.9627	0.9627	0.9633	0.9621	0.9605	2.6044	1.1228	0.9631	0.9629	0.9628	0.9629	0.9631	0.9628	1.4566	0.963	1.0426	1.0162	0.9634	0.9632	0.9602	0.9619	0.9628	1.3928	1.8237	0.9638	0.9674	1.3925	0.9633	0.9627	0	0.9629	4.0069	0.9594	0.963
  ~	0.9641	0.9639	0.9611	0.9639	0.9633	0.963	1.2934	0.9638	0.9353	0.9639	0.9622	0.939	0.9637	0.9639	0.9639	0.9637	0.9639	0.9537	0.9639	0.9635	0.9561	0.9642	0.9638	0.9638	0.9625	0.9639	0.9639	0.9595	0.9611	0.9638	0.9639	0.9639	0.9639	0.9638	0.9615	0.9576	0.9537	0.9643	0.9639	0.9639	0.9639	0.9639	0.9639	0.9639	0.9639	0.9639	0.9576	0.9639	0.9637	0.9639	0.9567	0.9612	0.9639	0.9641	1.1032	0.9631	0.9581	0.9639	0.964	0.9639	0.9629	0	1.0824	0.9549	0.9637
  	1.216	1.982	6.5973	0.8819	0.8841	1.3322	8.214	0.958	71.7087	1.3328	5.3531	7.9015	0.8833	1.3671	0.8797	2.318	0.8798	2.1674	1.3342	10.7232	5.5459	1.215	0.88	0.9019	0.8827	0.8795	0.8784	1.2185	5.5211	0.9314	0.8806	0.8791	0.8795	1.4174	4.9116	0.9213	13.0094	1.2504	1.7103	1.3333	0.88	0.8808	1.8238	0.8811	0.8786	1.1103	2.9303	1.1073	2.8161	1.7986	12.4989	0.8827	0.8802	2.1422	1.7466	2.8417	3.0002	0.8786	0.9515	0.8787	4.0069	1.0824	0	2.1974	1.0092
  	0.9556	0.9568	0.9624	0.9547	1.4337	0.9562	0.9608	1.9005	1.5529	0.9555	0.9588	8.564	0.9552	0.9564	0.9544	0.9576	0.9544	0.9538	0.9555	0.9609	3.2601	0.957	0.9544	0.9548	1.0328	0.9543	0.9542	0.9542	3.9089	0.9563	0.9544	0.9543	0.9543	1.1103	0.9582	4.6613	1.928	0.9585	0.9563	0.9555	0.9544	0.9558	0.9564	0.9544	0.9542	0.9549	2.5569	0.9547	0.9584	0.9574	1.6383	0.9531	1.1203	0.9596	0.9564	3.7419	1.0778	0.9542	0.9564	0.9542	0.9594	0.9549	2.1974	0	0.9547
  	0.9637	0.9637	0.961	0.9637	0.9632	0.9628	0.9677	0.9635	0.9342	0.9637	1.0923	0.942	0.9635	0.9638	0.9636	0.9635	0.9636	0.9538	0.9637	0.9634	0.9559	0.964	0.9636	0.9636	0.9623	0.9636	0.9636	1.2789	0.9607	0.9637	0.9636	0.9636	0.9636	0.9636	0.9613	0.9575	1.4308	0.9642	0.9637	0.9637	0.9636	0.9637	0.9637	0.9636	0.9636	0.9637	1.4382	0.9636	0.9635	0.9638	0.9565	0.9609	0.9637	0.964	0.9638	0.9629	0.9579	0.9636	0.9638	0.9636	0.963	0.9637	1.0092	0.9547	0

Actual rates from j->i (Q_ij):
	A	B	C	D	E	F	G	H	I	J	K	L	M	N	O	P	Q	R	S	T	U	V	W	X	Y	Z	[	\	]	^	_	`	a	b	c	d	e	f	g	h	i	j	k	l	m	n	o	p	q	r	s	t	u	v	w	x	y	z	{	|	}	~			
  A	0	0.0174	0.0174	0.0174	0.0174	0.0174	0.0174	0.0174	0.017	0.0174	0.0174	0.017	0.0174	0.0174	0.0174	0.0174	0.0174	0.0173	0.0174	0.0174	0.0173	0.0175	0.0174	0.0174	0.0174	0.0174	0.0174	0.0174	0.0199	0.0174	0.0174	0.0174	0.0174	0.0174	0.0174	0.0173	0.0173	0.0175	0.0174	0.0174	0.0174	0.0174	0.0174	0.0174	0.0174	0.0174	0.0173	0.0174	0.0174	0.0174	0.0173	0.0174	0.0174	0.0175	0.0175	0.0174	0.0173	0.0174	0.0174	0.0174	0.0174	0.0174	0.022	0.0173	0.0174
  B	0.0143	0	0.0143	0.0143	0.0143	0.0143	0.0143	0.0143	0.0175	0.0143	0.0143	0.014	0.0143	0.0143	0.0143	0.0143	0.0143	0.0142	0.0143	0.0143	0.0142	0.0143	0.0143	0.0143	0.0143	0.0143	0.0143	0.0142	0.0143	0.0143	0.0143	0.0143	0.0143	0.0143	0.0143	0.0142	0.0142	0.0143	0.0143	0.0143	0.0143	0.0143	0.0143	0.0143	0.0143	0.0143	0.0142	0.0143	0.0143	0.0143	0.0142	0.0143	0.0143	0.0143	0.0143	0.0143	0.0155	0.0143	0.0143	0.0143	0.0143	0.0143	0.0294	0.0142	0.0143
  C	0.0082	0.0082	0	0.0082	0.0082	0.01	0.0085	0.0082	0.0087	0.0082	0.0083	0.0127	0.0082	0.0082	0.0082	0.0083	0.0082	0.0085	0.0082	0.0089	0.0183	0.0083	0.0082	0.0082	0.0082	0.0082	0.0082	0.0082	0.0141	0.0083	0.0083	0.0082	0.0082	0.0083	0.0082	0.0083	0.0422	0.0097	0.0083	0.0082	0.0082	0.0082	0.0082	0.0082	0.0082	0.0082	0.0088	0.0082	0.0108	0.0083	0.0095	0.0082	0.0082	0.0083	0.0082	0.0085	0.0082	0.0082	0.0082	0.0082	0.0083	0.0082	0.0565	0.0082	0.0082
  D	0.0187	0.0187	0.0187	0	0.0187	0.0187	0.0187	0.0187	0.0182	0.0187	0.0187	0.0203	0.0187	0.0188	0.0187	0.0187	0.0187	0.065	0.0187	0.0187	0.0186	0.0187	0.0187	0.0187	0.0187	0.0187	0.0187	0.0241	0.0187	0.0187	0.0187	0.0187	0.0187	0.0187	0.0187	0.0186	0.0185	0.0188	0.0187	0.0187	0.0187	0.0187	0.0187	0.0187	0.0188	0.0187	0.0186	0.0187	0.0187	0.0187	0.0186	0.0187	0.0187	0.0187	0.0237	0.0187	0.0186	0.0187	0.0187	0.0187	0.0215	0.0187	0.0171	0.0186	0.0187
  E	0.0184	0.0184	0.0184	0.0184	0	0.0184	0.0184	0.0184	0.0179	0.0184	0.0184	0.0327	0.0184	0.0184	0.0215	0.0184	0.0184	0.0182	0.0184	0.0184	0.0183	0.0184	0.0184	0.0242	0.0184	0.0184	0.0184	0.0183	0.0184	0.0184	0.0184	0.0184	0.0184	0.0184	0.0184	0.0474	0.0235	0.0184	0.0184	0.0184	0.0184	0.0191	0.0184	0.0184	0.0184	0.0184	0.0691	0.0184	0.0184	0.0184	0.0183	0.0184	0.0184	0.0184	0.0184	0.0184	0.0183	0.0184	0.0184	0.0184	0.0184	0.0184	0.0169	0.0274	0.0184
  F	0.0159	0.0159	0.0193	0.0159	0.0159	0	0.017	0.0159	0.0155	0.0159	0.0159	0.0208	0.0159	0.016	0.0159	0.0181	0.0159	0.0755	0.0159	0.0159	0.0159	0.0167	0.0159	0.0159	0.0159	0.0159	0.0159	0.0235	0.0159	0.016	0.0159	0.0159	0.0159	0.0159	0.0159	0.0229	0.0778	0.0159	0.0159	0.0159	0.0159	0.0159	0.0159	0.0159	0.0159	0.0159	0.0354	0.0159	0.0159	0.0159	0.0158	0.0256	0.0159	0.0159	0.0159	0.0159	0.016	0.0159	0.0159	0.0159	0.0178	0.0159	0.022	0.0158	0.0159
  G	0.0068	0.0068	0.007	0.0068	0.0068	0.0073	0	0.0068	0.0163	0.0068	0.0076	0.009	0.0068	0.0068	0.0068	0.0068	0.0068	0.0094	0.0068	0.0068	0.0068	0.0082	0.0068	0.0068	0.0068	0.0068	0.0068	0.0069	0.01	0.0069	0.0068	0.0068	0.0068	0.0068	0.007	0.0068	0.0068	0.0068	0.0068	0.0068	0.0068	0.0068	0.0068	0.0068	0.0068	0.0068	0.0077	0.0068	0.0097	0.0068	0.0074	0.0068	0.0068	0.0068	0.0071	0.0068	0.0074	0.0068	0.0068	0.0102	0.007	0.0091	0.0581	0.0068	0.0068
  H	0.0177	0.0177	0.0176	0.0177	0.0177	0.0176	0.0176	0	0.0247	0.0177	0.0176	0.0259	0.0177	0.0177	0.0177	0.0177	0.0177	0.0175	0.0177	0.0177	0.0175	0.0177	0.0177	0.0177	0.0176	0.0177	0.0177	0.0176	0.0176	0.0177	0.0177	0.0177	0.0177	0.0177	0.0176	0.0263	0.0175	0.0177	0.0177	0.0177	0.0177	0.0177	0.0177	0.0177	0.0177	0.0177	0.0176	0.0177	0.0177	0.0177	0.0175	0.0176	0.0177	0.0177	0.0177	0.0177	0.0176	0.0177	0.0177	0.0177	0.0176	0.0177	0.0176	0.0348	0.0177
  I	0.0018	0.0022	0.0019	0.0018	0.0018	0.0018	0.0044	0.0026	0	0.0018	0.0028	0.0043	0.0018	0.002	0.0018	0.0023	0.0018	0.0022	0.0018	0.0019	0.0025	0.0018	0.0018	0.0018	0.0018	0.0018	0.0018	0.0018	0.0042	0.0018	0.0018	0.0018	0.0018	0.0019	0.0044	0.0018	0.0018	0.0018	0.0018	0.0018	0.0018	0.0018	0.0019	0.0018	0.0018	0.0018	0.0028	0.0018	0.0018	0.0018	0.0028	0.0018	0.0018	0.0018	0.0018	0.0018	0.0041	0.0018	0.0018	0.0018	0.0018	0.0018	0.1363	0.003	0.0018
  J	0.0169	0.0169	0.0168	0.0169	0.0169	0.0169	0.0169	0.0169	0.0164	0	0.0169	0.0165	0.0169	0.0169	0.0169	0.0169	0.0169	0.0167	0.0169	0.0169	0.0168	0.0169	0.0169	0.0169	0.0169	0.0169	0.0169	0.0168	0.0168	0.0169	0.0169	0.0169	0.0169	0.0169	0.0168	0.0168	0.0167	0.0169	0.0169	0.0169	0.0169	0.0169	0.0169	0.0169	0.0169	0.0169	0.0168	0.0169	0.0169	0.0169	0.0168	0.0168	0.0169	0.0169	0.0169	0.0169	0.0168	0.0169	0.0169	0.0169	0.0169	0.0169	0.0233	0.0167	0.0169
  K	0.0088	0.0088	0.0088	0.0088	0.0088	0.0088	0.0098	0.0088	0.0135	0.0088	0	0.0087	0.0088	0.0088	0.0088	0.0088	0.0088	0.0087	0.0088	0.0088	0.0097	0.0088	0.0088	0.0088	0.0088	0.0088	0.0088	0.0107	0.0088	0.0088	0.0088	0.0088	0.0088	0.0088	0.0088	0.0087	0.0087	0.0088	0.0088	0.0088	0.0088	0.0088	0.0088	0.0088	0.0088	0.0088	0.0087	0.0088	0.0088	0.0088	0.0089	0.0087	0.0088	0.0088	0.0088	0.0088	0.0087	0.0088	0.0088	0.0088	0.0144	0.0088	0.0487	0.0087	0.0099
  L	0.0075	0.0075	0.0117	0.0083	0.0136	0.01	0.0101	0.0112	0.018	0.0075	0.0076	0	0.0108	0.0075	0.0074	0.0101	0.0074	0.0133	0.0075	0.0076	0.0874	0.0093	0.0074	0.011	0.0095	0.0074	0.0074	0.0111	0.0293	0.0213	0.0074	0.0074	0.0074	0.0075	0.0075	0.0669	0.0424	0.0098	0.0075	0.0075	0.0074	0.0083	0.0075	0.0074	0.0074	0.0074	0.0555	0.0074	0.0083	0.0097	0.0472	0.0078	0.0074	0.0131	0.008	0.0212	0.0178	0.0074	0.0079	0.0074	0.0129	0.0074	0.0626	0.0678	0.0075
  M	0.0184	0.0184	0.0184	0.0184	0.0184	0.0184	0.0184	0.0184	0.0179	0.0184	0.0184	0.0261	0	0.0184	0.0184	0.0184	0.0184	0.0182	0.0184	0.0184	0.0183	0.0184	0.0184	0.0184	0.0184	0.0184	0.0184	0.0184	0.0184	0.0184	0.0184	0.0184	0.0184	0.0184	0.0184	0.0185	0.037	0.0185	0.0184	0.0184	0.0184	0.0184	0.0184	0.0184	0.0184	0.0184	0.0183	0.0184	0.0184	0.0184	0.0185	0.0184	0.0184	0.0184	0.0184	0.0184	0.0183	0.0184	0.0184	0.0184	0.0184	0.0184	0.0169	0.0183	0.0184
  N	0.0165	0.0165	0.0165	0.0165	0.0165	0.0166	0.0165	0.0165	0.0178	0.0165	0.0165	0.0162	0.0165	0	0.0165	0.0165	0.0165	0.0287	0.0165	0.0165	0.018	0.0165	0.0165	0.0165	0.0165	0.0165	0.0165	0.0165	0.0165	0.0165	0.0165	0.0165	0.0165	0.0165	0.0165	0.0164	0.0177	0.0165	0.0165	0.0165	0.0165	0.0165	0.0165	0.0165	0.0165	0.0165	0.017	0.0165	0.0165	0.0165	0.0164	0.0165	0.0165	0.0165	0.0165	0.0165	0.0173	0.0165	0.0165	0.0165	0.0166	0.0165	0.0234	0.0164	0.0165
  O	0.0192	0.0192	0.0191	0.0192	0.0224	0.0192	0.0192	0.0192	0.0186	0.0192	0.0192	0.0187	0.0192	0.0192	0	0.0192	0.0192	0.019	0.0192	0.0192	0.019	0.0192	0.0192	0.0192	0.0192	0.0192	0.0192	0.0191	0.0191	0.0192	0.0192	0.0192	0.0192	0.0192	0.0191	0.0191	0.0285	0.0192	0.0192	0.0192	0.0192	0.0192	0.0192	0.0192	0.0192	0.0192	0.026	0.0192	0.0192	0.0192	0.019	0.0191	0.0192	0.0192	0.0192	0.0192	0.0191	0.0192	0.0192	0.0192	0.0192	0.0192	0.0175	0.019	0.0192
  P	0.0139	0.0139	0.0139	0.0139	0.0139	0.0158	0.0139	0.0139	0.0173	0.0139	0.0139	0.0183	0.0139	0.0139	0.0139	0	0.0139	0.0276	0.0139	0.0139	0.0233	0.0139	0.0139	0.0139	0.0139	0.0139	0.0139	0.0139	0.0177	0.0139	0.0139	0.0139	0.0139	0.0147	0.0139	0.0138	0.0229	0.0139	0.0139	0.0139	0.0139	0.0139	0.0139	0.0139	0.0139	0.0179	0.0138	0.0139	0.0139	0.0139	0.0138	0.0139	0.0139	0.0139	0.0139	0.0139	0.0138	0.0147	0.0139	0.0139	0.0424	0.0139	0.0334	0.0138	0.0139
  Q	0.0192	0.0192	0.0191	0.0192	0.0192	0.0192	0.0192	0.0192	0.0186	0.0192	0.0192	0.0187	0.0192	0.0192	0.0192	0.0192	0	0.019	0.0192	0.0192	0.019	0.0192	0.0192	0.0192	0.0192	0.0192	0.0192	0.0191	0.0191	0.0192	0.0192	0.0192	0.0192	0.0192	0.0192	0.0191	0.0284	0.0192	0.0192	0.0192	0.0192	0.0192	0.0192	0.0192	0.0192	0.0192	0.0477	0.0192	0.0192	0.0192	0.019	0.0191	0.0192	0.0192	0.0192	0.0192	0.0191	0.0192	0.0192	0.0192	0.0192	0.0192	0.0175	0.019	0.0192
  R	0.0111	0.0111	0.0116	0.0389	0.0111	0.0532	0.0154	0.0111	0.0137	0.0111	0.0112	0.0195	0.0111	0.0195	0.0111	0.0223	0.0111	0	0.0111	0.0112	0.0142	0.0273	0.0111	0.0111	0.0111	0.0111	0.0111	0.0711	0.0112	0.0128	0.0111	0.0111	0.0111	0.0111	0.0111	0.0112	0.0729	0.0111	0.0111	0.0111	0.0111	0.0111	0.0111	0.0111	0.0111	0.0111	0.017	0.0111	0.0111	0.0113	0.0118	0.0841	0.0111	0.0112	0.0111	0.0112	0.0151	0.0111	0.0135	0.0111	0.0229	0.0111	0.0252	0.0111	0.0111
  S	0.0169	0.0169	0.0168	0.0169	0.0169	0.0169	0.0169	0.0169	0.0164	0.0169	0.0168	0.0165	0.0169	0.0169	0.0169	0.0169	0.0169	0.0167	0	0.0169	0.0167	0.0169	0.0169	0.0169	0.0169	0.0169	0.0169	0.0168	0.0168	0.0169	0.0169	0.0169	0.0169	0.0169	0.0168	0.0168	0.0167	0.0169	0.0169	0.0169	0.0169	0.0169	0.0169	0.0169	0.0169	0.0169	0.0168	0.0169	0.0169	0.0169	0.0168	0.0168	0.0169	0.0169	0.0169	0.0169	0.0168	0.0169	0.0169	0.0169	0.0169	0.0169	0.0234	0.0167	0.0169
