Map from character to field name
A:	Algeria
B:	Argentina
C:	Australia
D:	Austria
E:	Bangladesh
F:	Belgium
G:	Brazil
H:	Cambodia
I:	Canada
J:	Chad
K:	Chile
L:	China
M:	Czech Republic
N:	Denmark
O:	Egypt
P:	France
Q:	Georgia
R:	Germany
S:	Guam
T:	Guatemala
U:	Hong Kong
V:	Hungary
W:	Iceland
X:	India
Y:	Indonesia
Z:	Iran
[:	Ireland
\:	Italy
]:	Japan
^:	Kazakhstan
_:	Kuwait
`:	Laos
a:	Luxembourg
b:	Malaysia
c:	Mexico
d:	Mongolia
e:	Netherlands
f:	New Zealand
g:	Nicaragua
h:	Nigeria
i:	Norway
j:	Pakistan
k:	Peru
l:	Philippines
m:	Poland
n:	Romania
o:	Russia
p:	Saudi Arabia
q:	Singapore
r:	South Africa
s:	South Korea
t:	Spain
u:	Sri Lanka
v:	Sweden
w:	Switzerland
x:	Taiwan
y:	Thailand
z:	Turkey
{:	Ukraine
|:	United Arab Emirates
}:	United Kingdom
~:	Uruguay
:	Usa
:	Vietnam
:	Zambia
:	?


Substitution rate (mu): 16.660396

Equilibrium frequencies (pi_i):
  A: 0.0182
  B: 0.0156
  C: 0.0085
  D: 0.0185
  E: 0.0203
  F: 0.0182
  G: 0.0084
  H: 0.018
  I: 0.002
  J: 0.0192
  K: 0.0126
  L: 0.0058
  M: 0.0189
  N: 0.017
  O: 0.0194
  P: 0.0138
  Q: 0.0192
  R: 0.0122
  S: 0.0171
  T: 0.0071
  U: 0.007
  V: 0.0193
  W: 0.0185
  X: 0.0188
  Y: 0.0187
  Z: 0.0192
  [: 0.0174
  \: 0.0188
  ]: 0.0078
  ^: 0.0156
  _: 0.0191
  `: 0.0193
  a: 0.0192
  b: 0.0155
  c: 0.011
  d: 0.0111
  e: 0.0049
  f: 0.0168
  g: 0.0186
  h: 0.0193
  i: 0.0193
  j: 0.0174
  k: 0.0168
  l: 0.019
  m: 0.0192
  n: 0.0194
  o: 0.0107
  p: 0.0144
  q: 0.0154
  r: 0.0144
  s: 0.0071
  t: 0.0192
  u: 0.019
  v: 0.0148
  w: 0.0164
  x: 0.0141
  y: 0.0165
  z: 0.0193
  {: 0.0175
  |: 0.0193
  }: 0.0101
  ~: 0.0175
  : 0.0053
  : 0.0127
  : 0.0193

Symmetrized rates from j->i (W_ij):
	A	B	C	D	E	F	G	H	I	J	K	L	M	N	O	P	Q	R	S	T	U	V	W	X	Y	Z	[	\	]	^	_	`	a	b	c	d	e	f	g	h	i	j	k	l	m	n	o	p	q	r	s	t	u	v	w	x	y	z	{	|	}	~			
  A	0	0.9684	0.9655	0.9685	0.9677	0.9669	0.9659	0.9683	0.9354	0.9686	0.969	0.9418	0.9686	0.9685	0.9685	0.968	0.9685	0.9585	0.9686	0.968	0.9611	0.9683	0.9686	0.9684	0.9657	0.9684	0.9686	0.9635	1.2521	0.9685	0.9685	0.9686	0.9685	0.9685	0.9641	0.963	0.9581	0.9688	0.9686	0.9685	0.9686	0.9685	0.9685	0.9685	0.9684	0.9685	0.9643	0.9687	0.9686	0.9687	0.961	0.9647	0.9685	0.9686	0.969	0.9682	0.961	0.9685	0.9687	0.9685	0.966	0.9687	1.0947	0.9588	0.9681
  B	0.9684	0	0.9652	0.9682	0.9674	0.9668	0.9658	0.968	0.9386	0.9682	1.1179	0.9431	0.9682	0.9681	0.9681	0.9676	0.9682	0.9596	0.9682	0.9675	0.9611	0.968	0.9682	0.968	0.9657	0.968	0.9682	0.9639	0.9648	0.9681	0.9681	0.9681	0.9681	0.9681	0.9643	0.9633	0.9585	0.9684	0.9682	0.9681	0.9682	0.9681	0.9682	0.9681	0.968	0.9681	0.9635	0.9682	0.9682	0.9682	0.9609	0.9649	0.9682	0.9681	0.9682	0.9671	0.9618	0.9681	0.9683	0.9681	0.9658	0.9682	1.7804	0.9595	0.9679
  C	0.9655	0.9652	0	0.9647	0.9638	0.9645	2.2106	0.9648	0.9539	0.9915	1.1156	1.7305	0.9645	0.9658	0.9643	1.1322	0.9645	0.9622	0.9648	1.037	1.682	1.4127	0.9649	1.3039	0.9633	0.9643	0.9648	1.0587	1.8793	0.9659	0.9644	0.9643	0.9643	0.966	1.0165	0.9655	3.0425	1.2701	1.2188	0.9643	0.9644	0.9647	1.5922	0.9644	0.9643	0.9643	1.1436	0.9655	1.9104	0.9658	1.5859	0.9626	0.9645	0.9654	0.9651	1.0696	1.0649	0.9643	0.9651	0.9643	0.9661	0.9651	6.2476	1.1567	1.0748
  D	0.9685	0.9682	0.9647	0	0.9675	0.9669	0.9652	0.9682	0.9329	0.9685	0.9684	1.2392	0.9685	0.9687	0.9684	0.9677	0.9684	2.8821	0.9684	0.9674	0.9604	0.9683	0.9684	0.9683	0.9655	0.9683	0.9684	1.351	0.964	0.9684	0.9684	0.9684	0.9684	0.9683	0.9636	0.9627	0.9568	0.9688	0.9684	0.9684	0.9685	0.9683	0.9683	0.9684	0.9684	0.9684	0.9627	0.9684	0.9684	0.9684	0.9595	0.9646	0.9684	0.9683	0.9687	0.9671	0.9607	0.9684	0.9685	0.9684	1.1166	0.9684	0.8935	0.9584	0.9681
  E	0.9677	0.9674	0.9638	0.9675	0	0.9659	0.9644	0.9674	0.9296	0.9676	0.9678	0.9359	0.9676	0.9675	1.2788	0.9669	0.9676	0.9566	0.9676	0.967	0.9587	0.9673	0.9675	0.9676	0.9643	0.9674	0.9676	0.9619	0.9636	0.981	0.9675	0.9674	0.9675	0.9675	0.9627	4.2075	0.9636	0.9679	0.9675	0.9675	0.9676	0.9675	0.9675	0.9675	0.9674	0.9675	3.1655	0.9677	0.9677	0.9677	0.9583	0.9633	0.9675	0.9676	0.9676	0.9666	0.9595	0.9675	0.9676	0.9675	0.9645	0.9676	0.8866	0.9569	0.9671
  F	0.9669	0.9668	0.9645	0.9669	0.9659	0	0.9647	0.9666	0.9337	0.9669	1.3151	0.9405	0.9686	1.0131	0.9667	1.4502	1.4501	3.4308	0.9669	0.9668	1.032	1.5864	0.9671	0.9666	0.9639	0.9666	0.9668	1.885	0.9639	0.9669	0.9668	0.9666	0.9667	0.9674	0.9628	0.9618	3.9794	0.9673	0.9668	0.9667	0.9671	0.9668	0.9668	0.9667	0.9665	0.9666	2.6421	0.9671	0.9671	0.9675	0.9593	1.3528	0.9667	0.9671	0.9669	0.9662	0.9985	0.9667	0.967	0.9667	0.9648	0.9668	1.017	0.9579	0.9669
  G	0.9659	0.9658	2.2106	0.9652	0.9644	0.9647	0	0.9651	0.9537	0.9856	1.6727	1.4258	0.9651	0.9655	0.965	0.9661	0.965	0.9618	0.9654	1.4478	1.0581	0.965	0.9653	0.965	0.9638	0.9649	0.9654	1.0317	0.9666	1.0225	0.965	0.965	0.965	0.9659	0.9648	0.9639	0.9637	0.9662	1.4394	0.965	0.965	0.9653	0.9657	0.965	0.965	0.965	0.9645	0.966	1.4462	0.9661	0.9841	0.9633	0.965	0.9659	0.966	0.9663	0.9635	0.965	0.9658	1.4475	1.0863	1.2632	6.8779	0.9617	1.0453
  H	0.9683	0.968	0.9648	0.9682	0.9674	0.9666	0.9651	0	0.9339	0.9683	0.9683	1.7722	0.9683	0.9682	0.9682	0.9675	0.9682	0.9583	0.9682	0.9674	0.9603	0.968	0.9682	0.9681	0.9654	0.9681	0.9682	0.9632	0.9723	0.9681	0.9682	0.9682	0.9682	0.9681	0.9637	1.0037	0.9577	0.9688	0.9682	0.9682	0.9683	0.9681	0.9681	0.9682	0.9681	0.9682	1.0111	0.9682	0.9682	0.9683	0.9597	0.9645	0.9682	0.9681	0.9682	0.976	0.9607	0.9682	0.9683	0.9682	0.9652	0.9682	0.8981	2.3982	0.9678
  I	0.9354	0.9386	0.9539	0.9329	0.9296	0.9337	0.9537	0.9339	0	0.9316	0.9958	1.395	0.9322	0.9359	0.9313	1.0001	0.9316	0.9442	0.9356	0.9555	0.9663	0.9314	0.9335	0.9324	0.9324	0.9316	0.9351	0.9321	1.4406	0.9386	0.9319	0.9315	0.9316	0.9417	3.9633	0.9463	0.9628	0.9362	0.9329	0.9315	0.9314	0.9352	1.0571	0.932	0.9315	0.9313	0.9488	0.9409	0.9391	0.9436	1.8238	0.9313	0.932	0.9403	0.9371	0.9417	0.9371	0.9314	0.9365	0.9315	0.9507	0.9355	58.5042	1.4003	0.9316
  J	0.9686	0.9682	0.9915	0.9685	0.9676	0.9669	0.9856	0.9683	0.9316	0	1.0288	0.9374	0.9685	0.9683	0.9685	0.9677	0.9685	0.9579	0.9685	0.9674	0.9596	0.9683	0.9685	0.9683	0.9655	0.9684	0.9685	1.3474	0.9638	0.9683	0.9685	0.9684	0.9685	0.9683	0.9635	0.9624	0.9564	0.9688	0.9685	0.9685	0.9686	0.9684	0.9684	0.9685	0.9684	0.9685	0.9625	0.9684	0.9685	0.9685	0.9591	0.9645	0.9685	0.9683	0.9685	0.9671	0.9605	0.9685	0.9685	0.9685	0.9653	0.9685	0.8946	0.9577	1.0478
  K	0.969	1.1179	1.1156	0.9684	0.9678	1.3151	1.6727	0.9683	0.9958	1.0288	0	0.9598	0.9684	0.969	0.9683	0.9697	0.9684	0.963	0.9689	0.9722	1.0537	0.9683	0.9687	0.9683	0.9664	0.9682	0.9687	1.4215	0.9697	0.969	0.9683	0.9683	0.9683	0.9695	0.9676	0.965	1.1963	0.9693	0.9687	1.4518	0.9684	0.9687	0.969	0.9683	0.9683	0.9683	0.9673	0.9696	0.9697	0.9697	0.975	0.9658	0.9683	0.9696	0.9694	0.9691	1.1297	0.9683	0.9691	0.9686	1.4535	0.9691	3.2189	0.9621	1.199
  L	0.9418	0.9431	1.7305	1.2392	0.9359	0.9405	1.4258	1.7722	1.395	0.9374	0.9598	0	0.9378	0.9453	0.9371	0.9474	0.9374	0.9472	0.9407	0.9633	11.7399	0.9374	0.9393	1.1297	1.4036	0.9373	0.9403	1.1	5.0255	2.8252	0.9376	0.9373	0.9373	0.9566	0.9509	8.9694	1.1186	1.2387	0.943	0.9372	0.9372	0.9415	0.9416	0.9377	0.9372	0.937	4.1872	0.9451	1.8824	0.9451	8.1947	0.9362	0.9378	0.9452	0.9419	4.0486	1.4137	0.9372	0.9414	0.9372	1.4817	0.9405	15.7096	8.1402	0.9373
  M	0.9686	0.9682	0.9645	0.9685	0.9676	0.9686	0.9651	0.9683	0.9322	0.9685	0.9684	0.9378	0	0.9686	0.9685	0.9677	1.2644	0.9629	0.9685	0.9674	0.9601	0.9683	0.9686	0.9683	0.9655	0.9683	0.9685	0.9636	0.9639	0.9683	0.9685	0.9684	0.9684	0.9685	0.9636	0.9625	2.2388	0.9688	0.9685	0.9685	1.1406	0.9684	0.9684	0.9685	0.9683	0.9685	0.978	0.9684	0.9685	0.9686	0.9593	0.9645	0.9685	0.9684	0.9684	0.9671	0.9606	0.9685	0.9686	0.9685	0.9653	0.9685	0.8919	0.958	0.9683
  N	0.9685	0.9681	0.9658	0.9687	0.9675	1.0131	0.9655	0.9682	0.9359	0.9683	0.969	0.9453	0.9686	0	0.9683	0.9682	0.9685	1.5072	0.9683	0.9675	1.1323	0.9685	0.9684	0.9682	0.9656	0.9682	0.9683	0.9657	0.9652	0.9682	0.9683	0.9682	0.9683	0.9694	0.9641	0.9631	1.228	0.9688	0.9683	0.9683	0.9684	0.9682	0.9682	0.9683	0.9682	0.9683	0.9652	0.9683	0.9684	0.9684	0.9604	0.9661	0.9683	0.9683	0.9683	0.9673	0.9616	0.9683	0.9685	0.9683	0.9659	0.9683	1.3478	1.126	0.968
  O	0.9685	0.9681	0.9643	0.9684	1.2788	0.9667	0.965	0.9682	0.9313	0.9685	0.9683	0.9371	0.9685	0.9683	0	0.9676	0.9685	0.9577	0.9684	0.9674	0.9594	0.9682	0.9684	0.9683	0.9654	0.9683	0.9684	0.963	0.9639	0.9683	0.9684	0.9684	0.9684	0.9683	0.9634	0.9906	0.9655	0.9687	0.9684	0.9684	0.9685	0.9683	0.9683	0.9684	0.9683	0.9684	1.7053	0.9684	0.9684	0.9684	0.959	0.9644	0.9684	0.9683	0.9684	0.9671	0.9603	0.9684	0.9685	0.9684	0.9651	0.9684	0.8898	0.9577	0.968
  P	0.968	0.9676	1.1322	0.9677	0.9669	1.4502	0.9661	0.9675	1.0001	0.9677	0.9697	0.9474	0.9677	0.9682	0.9676	0	0.9676	2.4016	0.9677	0.9676	0.977	0.9675	0.9677	0.9675	0.9655	0.9675	0.9677	0.964	0.9666	0.9678	0.9676	0.9676	0.9676	0.9693	0.9653	0.9636	1.0172	0.9681	0.9677	0.9676	0.9677	0.9676	0.9677	0.9676	0.9675	1.4514	0.964	0.9679	0.9678	0.9689	0.9643	0.9648	0.9676	0.9678	1.2301	0.967	0.9624	0.9678	0.9683	0.9676	2.9015	0.9678	2.8396	0.9603	0.9674
  Q	0.9685	0.9682	0.9645	0.9684	0.9676	1.4501	0.965	0.9682	0.9316	0.9685	0.9684	0.9374	1.2644	0.9685	0.9685	0.9676	0	0.9617	0.9684	0.9674	0.9599	0.9683	0.9685	0.9683	0.9654	0.9683	0.9684	0.9635	0.964	0.9683	0.9685	0.9684	0.9684	0.9685	0.9635	0.9625	1.3919	0.9687	0.9685	0.9684	1.2967	0.9683	0.9683	0.9685	0.9683	0.9684	1.7812	0.9684	0.9685	0.9685	0.9592	0.9644	0.9684	0.9683	0.9684	0.9672	0.9605	0.9684	0.9685	0.9684	0.9652	0.9684	0.891	0.9579	0.9682
  R	0.9585	0.9596	0.9622	2.8821	0.9566	3.4308	0.9618	0.9583	0.9442	0.9579	0.963	0.9472	0.9629	1.5072	0.9577	2.4016	0.9617	0	0.9589	0.9638	1.0544	1.818	0.9588	0.9579	0.9561	0.9576	0.9588	2.9582	0.9619	0.9597	0.9579	0.9577	0.9577	0.9603	0.9592	0.9585	6.2211	0.9594	0.9581	0.9577	0.9596	0.9614	0.959	0.9579	0.9576	0.9576	0.9867	0.9604	0.9599	0.9608	0.9589	6.1687	0.9579	0.9703	0.9593	0.96	0.9548	0.9577	0.959	0.9577	1.4331	0.9587	2.2544	1.0366	0.9581
  S	0.9686	0.9682	0.9648	0.9684	0.9676	0.9669	0.9654	0.9682	0.9356	0.9685	0.9689	0.9407	0.9685	0.9683	0.9684	0.9677	0.9684	0.9589	0	0.9675	0.9605	0.9682	0.9685	0.9683	0.9657	0.9683	0.9684	0.9637	0.9644	0.9683	0.9684	0.9684	0.9684	0.9683	0.964	0.963	0.9574	0.9686	0.9684	0.9684	0.9685	0.9683	0.9684	0.9684	0.9683	0.9684	0.9631	0.9684	0.9684	0.9684	0.9601	0.9649	0.9684	0.9683	0.9684	0.9672	0.9613	0.9684	0.9685	0.9684	0.9656	0.9684	1.3468	0.9589	0.9681
  T	0.968	0.9675	1.037	0.9674	0.967	0.9668	1.4478	0.9674	0.9555	0.9674	0.9722	0.9633	0.9674	0.9675	0.9674	0.9676	0.9674	0.9638	0.9675	0	0.9649	0.9674	0.9676	0.9674	0.9663	0.9673	0.9675	0.9655	0.967	0.9676	0.9674	0.9674	0.9674	0.9676	1.2287	0.9655	0.964	0.9676	0.9695	0.9674	0.9674	0.9675	1.1363	0.9674	0.9673	0.9674	0.9658	0.9677	1.1415	0.9677	0.9649	0.9659	0.9674	0.9676	0.9676	0.9673	0.9649	0.9674	0.9678	0.9674	0.9671	0.9677	7.5219	0.9637	0.9673
  U	0.9611	0.9611	1.682	0.9604	0.9587	1.032	1.0581	0.9603	0.9663	0.9596	1.0537	11.7399	0.9601	1.1323	0.9594	0.977	0.9599	1.0544	0.9605	0.9649	0	0.9598	0.9607	0.9598	0.9591	0.9594	0.9604	1.439	3.4393	0.9613	0.9598	0.9595	0.9595	2.6387	0.9712	0.9614	6.535	1.4026	0.9611	0.9595	0.9596	0.9604	0.9613	0.9597	0.9594	0.9594	1.0403	0.9617	0.9616	0.971	1.0831	0.9592	1.0034	0.9617	0.9608	1.3317	0.9999	0.9594	0.9608	0.9595	1.4443	0.9605	5.6094	2.2585	0.96
  V	0.9683	0.968	1.4127	0.9683	0.9673	1.5864	0.965	0.968	0.9314	0.9683	0.9683	0.9374	0.9683	0.9685	0.9682	0.9675	0.9683	1.818	0.9682	0.9674	0.9598	0	0.9683	0.9681	0.9652	0.9681	0.9682	0.9637	0.9637	0.9681	0.9682	0.9682	0.9682	0.9681	0.9634	0.9622	1.4345	0.9687	0.9685	0.9682	0.9683	0.9681	1.0128	0.9682	0.9681	0.9682	0.9624	0.9682	0.9685	0.9683	0.9591	0.9652	0.9682	0.9681	0.9682	0.9669	0.9602	0.9682	0.9683	0.9682	0.965	0.9682	0.9041	0.9576	0.9679
  W	0.9686	0.9682	0.9649	0.9684	0.9675	0.9671	0.9653	0.9682	0.9335	0.9685	0.9687	0.9393	0.9686	0.9684	0.9684	0.9677	0.9685	0.9588	0.9685	0.9676	0.9607	0.9683	0	0.9683	0.9655	0.9683	0.9684	0.9636	0.9653	0.9684	0.9685	0.9684	0.9684	0.9686	0.9638	0.9626	1.3343	0.9687	0.9685	0.9684	0.9685	0.9684	0.9684	0.9684	0.9683	0.9684	0.9637	0.9684	0.9685	0.9685	0.9598	0.9646	0.9684	0.9684	0.9685	0.9672	0.9608	0.9684	0.9687	0.9684	0.9658	0.9685	0.9997	0.9583	0.9681
  X	0.9684	0.968	1.3039	0.9683	0.9676	0.9666	0.965	0.9681	0.9324	0.9683	0.9683	1.1297	0.9683	0.9682	0.9683	0.9675	0.9683	0.9579	0.9683	0.9674	0.9598	0.9681	0.9683	0	0.9653	0.9681	0.9683	0.9631	1.0311	0.9682	0.9683	0.9682	0.9682	0.9681	0.9635	1.844	0.9564	0.9689	0.9683	0.9682	0.9683	0.9682	0.9682	0.9682	0.9681	0.9682	1.3665	0.9682	0.9683	0.9683	0.9594	0.9643	0.9683	0.9682	0.9683	0.9672	0.9605	0.9682	0.9683	0.9683	0.9651	0.9683	0.9789	0.9923	0.9679
  Y	0.9657	0.9657	0.9633	0.9655	0.9643	0.9639	0.9638	0.9654	0.9324	0.9655	0.9664	1.4036	0.9655	0.9656	0.9654	0.9655	0.9654	0.9561	0.9657	0.9663	0.9591	0.9652	0.9655	0.9653	0	0.9653	0.9657	0.9603	0.9628	0.9659	0.9654	0.9653	0.9654	0.9658	0.9619	0.9611	0.9557	0.9663	0.9655	0.9654	0.9655	0.9656	0.9657	0.9654	0.9653	0.9654	0.961	0.9661	0.966	0.9662	0.9585	0.9615	0.9654	0.966	0.9658	0.9649	0.9581	0.9654	0.9657	0.9654	0.9637	0.9657	0.892	0.9564	0.965
  Z	0.9684	0.968	0.9643	0.9683	0.9674	0.9666	0.9649	0.9681	0.9316	0.9684	0.9682	0.9373	0.9683	0.9682	0.9683	0.9675	0.9683	0.9576	0.9683	0.9673	0.9594	0.9681	0.9683	0.9681	0.9653	0	0.9683	0.963	0.9638	0.9682	0.9683	0.9682	0.9683	0.9682	0.9634	0.9623	0.956	0.9686	0.9683	0.9683	0.9684	0.9682	0.9682	0.9683	0.9682	0.9683	1.4435	0.9683	0.9683	0.9683	0.959	0.9643	0.9683	0.9682	0.9683	0.9669	0.9603	0.9683	0.9683	0.9683	0.9651	0.9683	0.8903	0.9576	0.9679
  [	0.9686	0.9682	0.9648	0.9684	0.9676	0.9668	0.9654	0.9682	0.9351	0.9685	0.9687	0.9403	0.9685	0.9683	0.9684	0.9677	0.9684	0.9588	0.9684	0.9675	0.9604	0.9682	0.9684	0.9683	0.9657	0.9683	0	0.9636	0.9643	0.9683	0.9684	0.9684	0.9684	0.9683	0.964	0.9629	0.9573	0.9687	0.9684	0.9684	0.9685	0.9683	0.9684	0.9684	0.9683	0.9684	0.963	1.0277	0.9684	0.9684	0.96	0.9648	0.9684	0.9688	0.9684	0.9672	0.9612	0.9684	0.9685	0.9684	0.9655	0.9684	1.2903	0.9587	0.9681
  \	0.9635	0.9639	1.0587	1.351	0.9619	1.885	1.0317	0.9632	0.9321	1.3474	1.4215	1.1	0.9636	0.9657	0.963	0.964	0.9635	2.9582	0.9637	0.9655	1.439	0.9637	0.9636	0.9631	0.9603	0.963	0.9636	0	0.9633	0.9641	0.9632	0.963	0.9631	0.9644	0.9606	0.9596	4.306	0.9642	0.9633	0.9631	0.9634	0.9635	0.9637	0.9631	1.4441	0.963	0.9601	0.9644	0.9643	0.965	0.9577	0.9653	0.9632	0.9643	1.446	0.9635	0.9564	0.9631	0.9639	0.9631	1.8219	0.9636	0.9341	0.955	1.2125
  ]	1.2521	0.9648	1.8793	0.964	0.9636	0.9639	0.9666	0.9723	1.4406	0.9638	0.9697	5.0255	0.9639	0.9652	0.9639	0.9666	0.964	0.9619	0.9644	0.967	3.4393	0.9637	0.9653	1.0311	0.9628	0.9638	0.9643	0.9633	0	0.968	0.9638	1.4461	0.9638	0.9653	0.9645	1.257	1.8431	0.9662	0.9641	0.9638	0.9638	0.9644	0.9646	0.9638	0.9637	0.9637	3.5124	0.9652	0.9651	0.9653	2.4155	0.9622	0.9639	0.9652	0.9653	3.5908	0.962	0.9638	0.9668	0.9638	1.4508	0.9648	6.0316	3.5635	0.9638
  ^	0.9685	0.9681	0.9659	0.9684	0.981	0.9669	1.0225	0.9681	0.9386	0.9683	0.969	2.8252	0.9683	0.9682	0.9683	0.9678	0.9683	0.9597	0.9683	0.9676	0.9613	0.9681	0.9684	0.9682	0.9659	0.9682	0.9683	0.9641	0.968	0	0.9683	0.9682	0.9683	0.9682	0.9644	1.1871	1.022	0.9692	0.9683	0.9683	0.9683	0.9683	0.9682	0.9683	0.9682	0.9683	1.2297	0.9683	0.9683	0.9683	0.961	0.965	0.9683	0.9683	0.9683	0.9674	0.9619	0.9683	0.9686	0.9683	1.4223	0.9683	1.3487	0.9597	0.968
  _	0.9685	0.9681	0.9644	0.9684	0.9675	0.9668	0.965	0.9682	0.9319	0.9685	0.9683	0.9376	0.9685	0.9683	0.9684	0.9676	0.9685	0.9579	0.9684	0.9674	0.9598	0.9682	0.9685	0.9683	0.9654	0.9683	0.9684	0.9632	0.9638	0.9683	0	0.9684	0.9684	1.0507	0.9635	0.9624	1.3695	0.9687	0.9684	0.9684	0.9685	0.9683	0.9683	0.9684	0.9683	0.9684	0.9626	0.9684	0.9684	0.9685	0.9592	0.9644	0.9684	0.9683	0.9684	0.967	0.9605	0.9684	0.9685	0.9684	0.9652	0.9684	0.8912	0.9578	0.9681
  `	0.9686	0.9681	0.9643	0.9684	0.9674	0.9666	0.965	0.9682	0.9315	0.9684	0.9683	0.9373	0.9684	0.9682	0.9684	0.9676	0.9684	0.9577	0.9684	0.9674	0.9595	0.9682	0.9684	0.9682	0.9653	0.9682	0.9684	0.963	1.4461	0.9682	0.9684	0	0.9683	0.9682	0.9634	0.9623	0.956	0.9686	0.9684	0.9684	0.9684	0.9683	0.9683	0.9683	0.9682	0.9684	0.9624	0.9683	0.9683	0.9684	0.9591	0.9644	0.9684	0.9682	0.9684	0.967	0.9603	0.9684	0.9684	0.9684	0.9651	0.9684	0.8903	0.9577	0.968
  a	0.9685	0.9681	0.9643	0.9684	0.9675	0.9667	0.965	0.9682	0.9316	0.9685	0.9683	0.9373	0.9684	0.9683	0.9684	0.9676	0.9684	0.9577	0.9684	0.9674	0.9595	0.9682	0.9684	0.9682	0.9654	0.9683	0.9684	0.9631	0.9638	0.9683	0.9684	0.9683	0	0.9682	0.9635	0.9623	0.9561	0.9686	0.9684	0.9684	0.9685	0.9683	0.9683	0.9684	0.9683	0.9684	1.4436	0.9683	0.9684	0.9684	0.9591	0.9644	0.9684	0.9683	0.9684	0.967	0.9603	0.9684	0.9684	0.9684	0.9651	0.9684	0.8904	0.9577	0.968
  b	0.9685	0.9681	0.966	0.9683	0.9675	0.9674	0.9659	0.9681	0.9417	0.9683	0.9695	0.9566	0.9685	0.9694	0.9683	0.9693	0.9685	0.9603	0.9683	0.9676	2.6387	0.9681	0.9686	0.9681	0.9658	0.9682	0.9683	0.9644	0.9653	0.9682	1.0507	0.9682	0.9682	0	0.9695	0.9634	3.2418	1.1526	0.9683	0.9682	0.9684	0.9682	0.9682	0.9683	0.9682	0.9682	0.9639	0.9683	0.9683	0.9761	0.9612	0.965	0.9686	0.9682	0.9683	0.9676	0.962	0.9683	0.9685	0.9683	0.9659	0.9683	1.8542	1.1907	0.9683
  c	0.9641	0.9643	1.0165	0.9636	0.9627	0.9628	0.9648	0.9637	3.9633	0.9635	0.9676	0.9509	0.9636	0.9641	0.9634	0.9653	0.9635	0.9592	0.964	1.2287	0.9712	0.9634	0.9638	0.9635	0.9619	0.9634	0.964	0.9606	0.9645	0.9644	0.9635	0.9634	0.9635	0.9695	0	0.9622	0.9607	0.9644	0.9637	0.9634	0.9635	0.9639	1.0726	0.9635	0.9634	0.9634	0.9625	0.9648	1.0725	0.9652	1.012	0.9612	0.9635	0.9646	0.9642	0.9642	0.9598	0.9634	0.9641	0.9635	0.9643	0.964	3.2949	0.9592	0.9633
  d	0.963	0.9633	0.9655	0.9627	4.2075	0.9618	0.9639	1.0037	0.9463	0.9624	0.965	8.9694	0.9625	0.9631	0.9906	0.9636	0.9625	0.9585	0.963	0.9655	0.9614	0.9622	0.9626	1.844	0.9611	0.9623	0.9629	0.9596	1.257	1.1871	0.9624	0.9623	0.9623	0.9634	0.9622	0	1.0511	0.965	0.9625	0.9623	0.9623	0.9629	0.963	0.9624	0.9622	0.9623	7.136	0.9638	0.9636	0.9639	1.508	0.96	0.9624	0.9637	0.9632	0.9878	1.917	0.9623	0.9629	0.9623	0.9635	0.9629	0.9341	2.6981	0.9621
  e	0.9581	0.9585	3.0425	0.9568	0.9636	3.9794	0.9637	0.9577	0.9628	0.9564	1.1963	1.1186	2.2388	1.228	0.9655	1.0172	1.3919	6.2211	0.9574	0.964	6.535	1.4345	1.3343	0.9564	0.9557	0.956	0.9573	4.306	1.8431	1.022	1.3695	0.956	0.9561	3.2418	0.9607	1.0511	0	1.6349	0.982	0.956	1.0616	1.0266	0.9693	1.4343	0.956	0.9559	7.6891	0.9593	1.2366	1.171	1.2109	0.9569	1.159	1.4939	0.958	1.062	1.9124	0.956	1.4923	0.956	2.4396	0.9575	14.873	2.7805	1.3956
  f	0.9688	0.9684	1.2701	0.9688	0.9679	0.9673	0.9662	0.9688	0.9362	0.9688	0.9693	1.2387	0.9688	0.9688	0.9687	0.9681	0.9687	0.9594	0.9686	0.9676	1.4026	0.9687	0.9687	0.9689	0.9663	0.9686	0.9687	0.9642	0.9662	0.9692	0.9687	0.9686	0.9686	1.1526	0.9644	0.965	1.6349	0	0.9688	0.9687	0.9688	0.9686	0.9689	0.9686	0.9686	0.9687	0.9643	0.9686	0.9697	0.9687	0.9629	0.9652	0.9687	0.9685	0.9686	0.9683	0.9621	0.9687	0.9688	0.9687	0.966	0.9687	1.355	1.1379	0.9685
  g	0.9686	0.9682	1.2188	0.9684	0.9675	0.9668	1.4394	0.9682	0.9329	0.9685	0.9687	0.943	0.9685	0.9683	0.9684	0.9677	0.9685	0.9581	0.9684	0.9695	0.9611	0.9685	0.9685	0.9683	0.9655	0.9683	0.9684	0.9633	0.9641	0.9683	0.9684	0.9684	0.9684	0.9683	0.9637	0.9625	0.982	0.9688	0	0.9684	0.9685	0.9683	1.0592	0.9684	0.9683	0.9684	0.9627	0.9684	0.97	0.9685	0.9595	0.9646	0.9684	0.9683	0.9684	0.9671	0.9607	0.9684	0.9685	0.9684	0.9653	0.9685	1.0492	0.9581	0.9681
  h	0.9685	0.9681	0.9643	0.9684	0.9675	0.9667	0.965	0.9682	0.9315	0.9685	1.4518	0.9372	0.9685	0.9683	0.9684	0.9676	0.9684	0.9577	0.9684	0.9674	0.9595	0.9682	0.9684	0.9682	0.9654	0.9683	0.9684	0.9631	0.9638	0.9683	0.9684	0.9684	0.9684	0.9682	0.9634	0.9623	0.956	0.9687	0.9684	0	0.9685	0.9683	0.9683	0.9684	0.9683	0.9684	0.9624	0.9684	0.9684	0.9684	0.959	0.9644	0.9684	0.9683	0.9684	0.967	0.9603	0.9684	0.9684	0.9684	0.9652	0.9684	0.8908	0.9576	0.968
  i	0.9686	0.9682	0.9644	0.9685	0.9676	0.9671	0.965	0.9683	0.9314	0.9686	0.9684	0.9372	1.1406	0.9684	0.9685	0.9677	1.2967	0.9596	0.9685	0.9674	0.9596	0.9683	0.9685	0.9683	0.9655	0.9684	0.9685	0.9634	0.9638	0.9683	0.9685	0.9684	0.9685	0.9684	0.9635	0.9623	1.0616	0.9688	0.9685	0.9685	0	0.9684	0.9684	0.9685	0.9684	0.9685	0.9641	0.9684	0.9685	0.9685	0.9591	0.9645	0.9685	0.9684	0.9685	0.9671	0.9605	0.9685	0.9686	0.9685	0.9652	0.9685	0.8902	0.9578	0.9681
  j	0.9685	0.9681	0.9647	0.9683	0.9675	0.9668	0.9653	0.9681	0.9352	0.9684	0.9687	0.9415	0.9684	0.9682	0.9683	0.9676	0.9683	0.9614	0.9683	0.9675	0.9604	0.9681	0.9684	0.9682	0.9656	0.9682	0.9683	0.9635	0.9644	0.9683	0.9683	0.9683	0.9683	0.9682	0.9639	0.9629	1.0266	0.9686	0.9683	0.9683	0.9684	0	0.9683	0.9683	0.9682	0.9683	0.963	0.9683	0.9683	0.9684	0.96	0.9647	0.9683	0.9698	0.9683	0.9671	0.9611	0.9683	0.9684	0.9683	0.9655	0.9684	1.2751	0.9587	0.968
  k	0.9685	0.9682	1.5922	0.9683	0.9675	0.9668	0.9657	0.9681	1.0571	0.9684	0.969	0.9416	0.9684	0.9682	0.9683	0.9677	0.9683	0.959	0.9684	1.1363	0.9613	1.0128	0.9684	0.9682	0.9657	0.9682	0.9684	0.9637	0.9646	0.9682	0.9683	0.9683	0.9683	0.9682	1.0726	0.963	0.9693	0.9689	1.0592	0.9683	0.9684	0.9683	0	0.9683	0.9682	0.9683	0.9633	0.9683	1.1996	0.9684	0.9605	0.9648	0.9683	0.9683	0.9684	0.9672	0.9615	0.9683	0.9685	0.9683	0.9656	0.9684	1.4217	0.959	0.968
  l	0.9685	0.9681	0.9644	0.9684	0.9675	0.9667	0.965	0.9682	0.932	0.9685	0.9683	0.9377	0.9685	0.9683	0.9684	0.9676	0.9685	0.9579	0.9684	0.9674	0.9597	0.9682	0.9684	0.9682	0.9654	0.9683	0.9684	0.9631	0.9638	0.9683	0.9684	0.9683	0.9684	0.9683	0.9635	0.9624	1.4343	0.9686	0.9684	0.9684	0.9685	0.9683	0.9683	0	0.9683	0.9684	0.9625	0.9683	0.9684	0.9685	0.9592	0.9644	0.9684	0.9683	0.9684	0.967	0.9604	0.9684	0.9684	0.9684	0.9652	0.9684	0.8912	0.9578	0.9681
  m	0.9684	0.968	0.9643	0.9684	0.9674	0.9665	0.965	0.9681	0.9315	0.9684	0.9683	0.9372	0.9683	0.9682	0.9683	0.9675	0.9683	0.9576	0.9683	0.9673	0.9594	0.9681	0.9683	0.9681	0.9653	0.9682	0.9683	1.4441	0.9637	0.9682	0.9683	0.9682	0.9683	0.9682	0.9634	0.9622	0.956	0.9686	0.9683	0.9683	0.9684	0.9682	0.9682	0.9683	0	0.9683	0.9623	0.9683	0.9683	0.9683	0.959	0.9643	0.9683	0.9682	0.9685	0.9669	0.9602	0.9683	0.9683	0.9683	0.9651	0.9683	0.8902	0.9576	0.9679
  n	0.9685	0.9681	0.9643	0.9684	0.9675	0.9666	0.965	0.9682	0.9313	0.9685	0.9683	0.937	0.9685	0.9683	0.9684	1.4514	0.9684	0.9576	0.9684	0.9674	0.9594	0.9682	0.9684	0.9682	0.9654	0.9683	0.9684	0.963	0.9637	0.9683	0.9684	0.9684	0.9684	0.9682	0.9634	0.9623	0.9559	0.9687	0.9684	0.9684	0.9685	0.9683	0.9683	0.9684	0.9683	0	0.9623	0.9683	0.9684	0.9684	0.959	0.9644	0.9684	0.9683	0.9685	0.967	0.9603	0.9684	0.9684	0.9684	0.9651	0.9684	0.8898	0.9576	0.968
  o	0.9643	0.9635	1.1436	0.9627	3.1655	2.6421	0.9645	1.0111	0.9488	0.9625	0.9673	4.1872	0.978	0.9652	1.7053	0.964	1.7812	0.9867	0.9631	0.9658	1.0403	0.9624	0.9637	1.3665	0.961	1.4435	0.963	0.9601	3.5124	1.2297	0.9626	0.9624	1.4436	0.9639	0.9625	7.136	7.6891	0.9643	0.9627	0.9624	0.9641	0.963	0.9633	0.9625	0.9623	0.9623	0	0.964	1.0206	0.9644	1.2491	0.9603	0.9625	0.9639	0.9633	1.4032	0.9596	0.9624	0.9634	0.9624	0.9656	0.9631	3.7079	1.526	0.9627
  p	0.9687	0.9682	0.9655	0.9684	0.9677	0.9671	0.966	0.9682	0.9409	0.9684	0.9696	0.9451	0.9684	0.9683	0.9684	0.9679	0.9684	0.9604	0.9684	0.9677	0.9617	0.9682	0.9684	0.9682	0.9661	0.9683	1.0277	0.9644	0.9652	0.9683	0.9684	0.9683	0.9683	0.9683	0.9648	0.9638	0.9593	0.9686	0.9684	0.9684	0.9684	0.9683	0.9683	0.9683	0.9683	0.9683	0.964	0	0.9684	0.9684	0.9615	0.9654	0.9684	1.5211	0.9684	0.9674	0.9625	0.9684	0.9686	0.9684	1.1804	0.9684	2.1823	0.9603	0.9681
  q	0.9686	0.9682	1.9104	0.9684	0.9677	0.9671	1.4462	0.9682	0.9391	0.9685	0.9697	1.8824	0.9685	0.9684	0.9684	0.9678	0.9685	0.9599	0.9684	1.1415	0.9616	0.9685	0.9685	0.9683	0.966	0.9683	0.9684	0.9643	0.9651	0.9683	0.9684	0.9683	0.9684	0.9683	1.0725	0.9636	1.2366	0.9697	0.97	0.9684	0.9685	0.9683	1.1996	0.9684	0.9683	0.9684	1.0206	0.9684	0	0.9685	0.982	0.9652	0.9684	0.9683	0.9684	0.9674	0.9623	0.9684	0.9685	0.9684	0.966	0.9685	1.7569	0.9599	0.9682
  r	0.9687	0.9682	0.9658	0.9684	0.9677	0.9675	0.9661	0.9683	0.9436	0.9685	0.9697	0.9451	0.9686	0.9684	0.9684	0.9689	0.9685	0.9608	0.9684	0.9677	0.971	0.9683	0.9685	0.9683	0.9662	0.9683	0.9684	0.965	0.9653	0.9683	0.9685	0.9684	0.9684	0.9761	0.9652	0.9639	1.171	0.9687	0.9685	0.9684	0.9685	0.9684	0.9684	0.9685	0.9683	0.9684	0.9644	0.9684	0.9685	0	0.9616	0.9654	0.9684	0.9684	0.9684	0.9675	0.9626	0.9684	0.9686	0.9684	0.9662	0.9685	2.2552	0.9605	1.5374
  s	0.961	0.9609	1.5859	0.9595	0.9583	0.9593	0.9841	0.9597	1.8238	0.9591	0.975	8.1947	0.9593	0.9604	0.959	0.9643	0.9592	0.9589	0.9601	0.9649	1.0831	0.9591	0.9598	0.9594	0.9585	0.959	0.96	0.9577	2.4155	0.961	0.9592	0.9591	0.9591	0.9612	1.012	1.508	1.2109	0.9629	0.9595	0.959	0.9591	0.96	0.9605	0.9592	0.959	0.959	1.2491	0.9615	0.982	0.9616	0	0.9576	0.9592	0.9613	0.9605	1.6255	0.9586	0.959	0.9604	0.9591	0.9632	0.9602	7.9081	1.1562	0.9591
  t	0.9647	0.9649	0.9626	0.9646	0.9633	1.3528	0.9633	0.9645	0.9313	0.9645	0.9658	0.9362	0.9645	0.9661	0.9644	0.9648	0.9644	6.1687	0.9649	0.9659	0.9592	0.9652	0.9646	0.9643	0.9615	0.9643	0.9648	0.9653	0.9622	0.965	0.9644	0.9644	0.9644	0.965	0.9612	0.96	0.9569	0.9652	0.9646	0.9644	0.9645	0.9647	0.9648	0.9644	0.9643	0.9644	0.9603	0.9654	0.9652	0.9654	0.9576	0	0.9645	0.9652	0.965	0.9641	0.957	0.9644	0.9648	0.9644	0.9631	0.9648	0.8897	0.9554	0.964
  u	0.9685	0.9682	0.9645	0.9684	0.9675	0.9667	0.965	0.9682	0.932	0.9685	0.9683	0.9378	0.9685	0.9683	0.9684	0.9676	0.9684	0.9579	0.9684	0.9674	1.0034	0.9682	0.9684	0.9683	0.9654	0.9683	0.9684	0.9632	0.9639	0.9683	0.9684	0.9684	0.9684	0.9686	0.9635	0.9624	1.159	0.9687	0.9684	0.9684	0.9685	0.9683	0.9683	0.9684	0.9683	0.9684	0.9625	0.9684	0.9684	0.9684	0.9592	0.9645	0	0.9683	0.9684	0.967	0.9605	0.9684	0.9685	0.9684	0.9652	0.9684	0.8912	1.2597	0.968
  v	0.9686	0.9681	0.9654	0.9683	0.9676	0.9671	0.9659	0.9681	0.9403	0.9683	0.9696	0.9452	0.9684	0.9683	0.9683	0.9678	0.9683	0.9703	0.9683	0.9676	0.9617	0.9681	0.9684	0.9682	0.966	0.9682	0.9688	0.9643	0.9652	0.9683	0.9683	0.9682	0.9683	0.9682	0.9646	0.9637	1.4939	0.9685	0.9683	0.9683	0.9684	0.9698	0.9683	0.9683	0.9682	0.9683	0.9639	1.5211	0.9683	0.9684	0.9613	0.9652	0.9683	0	0.9683	0.9673	0.9622	0.9683	0.9685	0.9683	0.9661	0.9684	2.1459	0.9601	0.9681
  w	0.969	0.9682	0.9651	0.9687	0.9676	0.9669	0.966	0.9682	0.9371	0.9685	0.9694	0.9419	0.9684	0.9683	0.9684	1.2301	0.9684	0.9593	0.9684	0.9676	0.9608	0.9682	0.9685	0.9683	0.9658	0.9683	0.9684	1.446	0.9653	0.9683	0.9684	0.9684	0.9684	0.9683	0.9642	0.9632	0.958	0.9686	0.9684	0.9684	0.9685	0.9683	0.9684	0.9684	0.9685	0.9685	0.9633	0.9684	0.9684	0.9684	0.9605	0.965	0.9684	0.9683	0	0.9673	0.9616	0.9684	0.9686	0.9684	1.4492	0.9694	1.6334	0.9592	0.9681
  x	0.9682	0.9671	1.0696	0.9671	0.9666	0.9662	0.9663	0.976	0.9417	0.9671	0.9691	4.0486	0.9671	0.9673	0.9671	0.967	0.9672	0.96	0.9672	0.9673	1.3317	0.9669	0.9672	0.9672	0.9649	0.9669	0.9672	0.9635	3.5908	0.9674	0.967	0.967	0.967	0.9676	0.9642	0.9878	1.062	0.9683	0.9671	0.967	0.9671	0.9671	0.9672	0.967	0.9669	0.967	1.4032	0.9674	0.9674	0.9675	1.6255	0.9641	0.967	0.9673	0.9673	0	0.9616	0.967	0.9673	0.967	0.9657	0.9672	1.8354	1.1424	0.9668
  y	0.961	0.9618	1.0649	0.9607	0.9595	0.9985	0.9635	0.9607	0.9371	0.9605	1.1297	1.4137	0.9606	0.9616	0.9603	0.9624	0.9605	0.9548	0.9613	0.9649	0.9999	0.9602	0.9608	0.9605	0.9581	0.9603	0.9612	0.9564	0.962	0.9619	0.9605	0.9603	0.9603	0.962	0.9598	1.917	1.9124	0.9621	0.9607	0.9603	0.9605	0.9611	0.9615	0.9604	0.9602	0.9603	0.9596	0.9625	0.9623	0.9626	0.9586	0.957	0.9605	0.9622	0.9616	0.9616	0	0.9604	0.9613	0.9603	1.4398	0.9612	1.605	0.9542	0.9602
  z	0.9685	0.9681	0.9643	0.9684	0.9675	0.9667	0.965	0.9682	0.9314	0.9685	0.9683	0.9372	0.9685	0.9683	0.9684	0.9678	0.9684	0.9577	0.9684	0.9674	0.9594	0.9682	0.9684	0.9682	0.9654	0.9683	0.9684	0.9631	0.9638	0.9683	0.9684	0.9684	0.9684	0.9683	0.9634	0.9623	0.956	0.9687	0.9684	0.9684	0.9685	0.9683	0.9683	0.9684	0.9683	0.9684	0.9624	0.9684	0.9684	0.9684	0.959	0.9644	0.9684	0.9683	0.9684	0.967	0.9604	0	0.9685	0.9684	1.4478	0.9684	0.8901	0.9576	0.968
  {	0.9687	0.9683	0.9651	0.9685	0.9676	0.967	0.9658	0.9683	0.9365	0.9685	0.9691	0.9414	0.9686	0.9685	0.9685	0.9683	0.9685	0.959	0.9685	0.9678	0.9608	0.9683	0.9687	0.9683	0.9657	0.9683	0.9685	0.9639	0.9668	0.9686	0.9685	0.9684	0.9684	0.9685	0.9641	0.9629	1.4923	0.9688	0.9685	0.9684	0.9686	0.9684	0.9685	0.9684	0.9683	0.9684	0.9634	0.9686	0.9685	0.9686	0.9604	0.9648	0.9685	0.9685	0.9686	0.9673	0.9613	0.9685	0	0.9685	1.0599	0.9685	1.2326	0.9587	0.9682
  |	0.9685	0.9681	0.9643	0.9684	0.9675	0.9667	1.4475	0.9682	0.9315	0.9685	0.9686	0.9372	0.9685	0.9683	0.9684	0.9676	0.9684	0.9577	0.9684	0.9674	0.9595	0.9682	0.9684	0.9683	0.9654	0.9683	0.9684	0.9631	0.9638	0.9683	0.9684	0.9684	0.9684	0.9683	0.9635	0.9623	0.956	0.9687	0.9684	0.9684	0.9685	0.9683	0.9683	0.9684	0.9683	0.9684	0.9624	0.9684	0.9684	0.9684	0.9591	0.9644	0.9684	0.9683	0.9684	0.967	0.9603	0.9684	0.9685	0	0.9651	0.9684	0.8901	0.9576	0.968
  }	0.966	0.9658	0.9661	1.1166	0.9645	0.9648	1.0863	0.9652	0.9507	0.9653	1.4535	1.4817	0.9653	0.9659	0.9651	2.9015	0.9652	1.4331	0.9656	0.9671	1.4443	0.965	0.9658	0.9651	0.9637	0.9651	0.9655	1.8219	1.4508	1.4223	0.9652	0.9651	0.9651	0.9659	0.9643	0.9635	2.4396	0.966	0.9653	0.9652	0.9652	0.9655	0.9656	0.9652	0.9651	0.9651	0.9656	1.1804	0.966	0.9662	0.9632	0.9631	0.9652	0.9661	1.4492	0.9657	1.4398	1.4478	1.0599	0.9651	0	0.9657	4.6788	0.9619	0.9652
  ~	0.9687	0.9682	0.9651	0.9684	0.9676	0.9668	1.2632	0.9682	0.9355	0.9685	0.9691	0.9405	0.9685	0.9683	0.9684	0.9678	0.9684	0.9587	0.9684	0.9677	0.9605	0.9682	0.9685	0.9683	0.9657	0.9683	0.9684	0.9636	0.9648	0.9683	0.9684	0.9684	0.9684	0.9683	0.964	0.9629	0.9575	0.9687	0.9685	0.9684	0.9685	0.9684	0.9684	0.9684	0.9683	0.9684	0.9631	0.9684	0.9685	0.9685	0.9602	0.9648	0.9684	0.9684	0.9694	0.9672	0.9612	0.9684	0.9685	0.9684	0.9657	0	1.249	0.9587	0.9681
  	1.0947	1.7804	6.2476	0.8935	0.8866	1.017	6.8779	0.8981	58.5042	0.8946	3.2189	15.7096	0.8919	1.3478	0.8898	2.8396	0.891	2.2544	1.3468	7.5219	5.6094	0.9041	0.9997	0.9789	0.892	0.8903	1.2903	0.9341	6.0316	1.3487	0.8912	0.8903	0.8904	1.8542	3.2949	0.9341	14.873	1.355	1.0492	0.8908	0.8902	1.2751	1.4217	0.8912	0.8902	0.8898	3.7079	2.1823	1.7569	2.2552	7.9081	0.8897	0.8912	2.1459	1.6334	1.8354	1.605	0.8901	1.2326	0.8901	4.6788	1.249	0	0.9307	0.907
  	0.9588	0.9595	1.1567	0.9584	0.9569	0.9579	0.9617	2.3982	1.4003	0.9577	0.9621	8.1402	0.958	1.126	0.9577	0.9603	0.9579	1.0366	0.9589	0.9637	2.2585	0.9576	0.9583	0.9923	0.9564	0.9576	0.9587	0.955	3.5635	0.9597	0.9578	0.9577	0.9577	1.1907	0.9592	2.6981	2.7805	1.1379	0.9581	0.9576	0.9578	0.9587	0.959	0.9578	0.9576	0.9576	1.526	0.9603	0.9599	0.9605	1.1562	0.9554	1.2597	0.9601	0.9592	1.1424	0.9542	0.9576	0.9587	0.9576	0.9619	0.9587	0.9307	0	0.9576
  	0.9681	0.9679	1.0748	0.9681	0.9671	0.9669	1.0453	0.9678	0.9316	1.0478	1.199	0.9373	0.9683	0.968	0.968	0.9674	0.9682	0.9581	0.9681	0.9673	0.96	0.9679	0.9681	0.9679	0.965	0.9679	0.9681	1.2125	0.9638	0.968	0.9681	0.968	0.968	0.9683	0.9633	0.9621	1.3956	0.9685	0.9681	0.968	0.9681	0.968	0.968	0.9681	0.9679	0.968	0.9627	0.9681	0.9682	1.5374	0.9591	0.964	0.968	0.9681	0.9681	0.9668	0.9602	0.968	0.9682	0.968	0.9652	0.9681	0.907	0.9576	0

Actual rates from j->i (Q_ij):
	A	B	C	D	E	F	G	H	I	J	K	L	M	N	O	P	Q	R	S	T	U	V	W	X	Y	Z	[	\	]	^	_	`	a	b	c	d	e	f	g	h	i	j	k	l	m	n	o	p	q	r	s	t	u	v	w	x	y	z	{	|	}	~			
  A	0	0.0176	0.0176	0.0176	0.0176	0.0176	0.0176	0.0176	0.017	0.0176	0.0176	0.0172	0.0176	0.0176	0.0176	0.0176	0.0176	0.0175	0.0176	0.0176	0.0175	0.0176	0.0176	0.0176	0.0176	0.0176	0.0176	0.0175	0.0228	0.0176	0.0176	0.0176	0.0176	0.0176	0.0176	0.0175	0.0174	0.0176	0.0176	0.0176	0.0176	0.0176	0.0176	0.0176	0.0176	0.0176	0.0176	0.0176	0.0176	0.0176	0.0175	0.0176	0.0176	0.0176	0.0176	0.0176	0.0175	0.0176	0.0176	0.0176	0.0176	0.0176	0.0199	0.0175	0.0176
  B	0.0151	0	0.0151	0.0151	0.0151	0.0151	0.0151	0.0151	0.0146	0.0151	0.0174	0.0147	0.0151	0.0151	0.0151	0.0151	0.0151	0.015	0.0151	0.0151	0.015	0.0151	0.0151	0.0151	0.0151	0.0151	0.0151	0.015	0.015	0.0151	0.0151	0.0151	0.0151	0.0151	0.015	0.015	0.015	0.0151	0.0151	0.0151	0.0151	0.0151	0.0151	0.0151	0.0151	0.0151	0.015	0.0151	0.0151	0.0151	0.015	0.0151	0.0151	0.0151	0.0151	0.0151	0.015	0.0151	0.0151	0.0151	0.0151	0.0151	0.0278	0.015	0.0151
  C	0.0082	0.0082	0	0.0082	0.0082	0.0082	0.0189	0.0082	0.0081	0.0085	0.0095	0.0148	0.0082	0.0082	0.0082	0.0097	0.0082	0.0082	0.0082	0.0088	0.0143	0.012	0.0082	0.0111	0.0082	0.0082	0.0082	0.009	0.016	0.0082	0.0082	0.0082	0.0082	0.0082	0.0087	0.0082	0.0259	0.0108	0.0104	0.0082	0.0082	0.0082	0.0136	0.0082	0.0082	0.0082	0.0098	0.0082	0.0163	0.0082	0.0135	0.0082	0.0082	0.0082	0.0082	0.0091	0.0091	0.0082	0.0082	0.0082	0.0082	0.0082	0.0533	0.0099	0.0092
  D	0.018	0.0179	0.0179	0	0.0179	0.0179	0.0179	0.018	0.0173	0.018	0.018	0.023	0.018	0.018	0.018	0.0179	0.018	0.0534	0.018	0.0179	0.0178	0.018	0.018	0.018	0.0179	0.018	0.018	0.025	0.0179	0.018	0.018	0.018	0.018	0.018	0.0179	0.0178	0.0177	0.018	0.018	0.018	0.018	0.018	0.018	0.018	0.018	0.018	0.0178	0.018	0.018	0.018	0.0178	0.0179	0.018	0.018	0.018	0.0179	0.0178	0.018	0.018	0.018	0.0207	0.018	0.0166	0.0178	0.0179
  E	0.0196	0.0196	0.0195	0.0196	0	0.0196	0.0195	0.0196	0.0188	0.0196	0.0196	0.019	0.0196	0.0196	0.0259	0.0196	0.0196	0.0194	0.0196	0.0196	0.0194	0.0196	0.0196	0.0196	0.0195	0.0196	0.0196	0.0195	0.0195	0.0199	0.0196	0.0196	0.0196	0.0196	0.0195	0.0853	0.0195	0.0196	0.0196	0.0196	0.0196	0.0196	0.0196	0.0196	0.0196	0.0196	0.0641	0.0196	0.0196	0.0196	0.0194	0.0195	0.0196	0.0196	0.0196	0.0196	0.0194	0.0196	0.0196	0.0196	0.0195	0.0196	0.018	0.0194	0.0196
  F	0.0176	0.0176	0.0175	0.0176	0.0175	0	0.0175	0.0176	0.017	0.0176	0.0239	0.0171	0.0176	0.0184	0.0176	0.0263	0.0263	0.0623	0.0176	0.0176	0.0187	0.0288	0.0176	0.0176	0.0175	0.0176	0.0176	0.0342	0.0175	0.0176	0.0176	0.0176	0.0176	0.0176	0.0175	0.0175	0.0723	0.0176	0.0176	0.0176	0.0176	0.0176	0.0176	0.0176	0.0176	0.0176	0.048	0.0176	0.0176	0.0176	0.0174	0.0246	0.0176	0.0176	0.0176	0.0176	0.0181	0.0176	0.0176	0.0176	0.0175	0.0176	0.0185	0.0174	0.0176
  G	0.0081	0.0081	0.0185	0.0081	0.0081	0.0081	0	0.0081	0.008	0.0083	0.014	0.012	0.0081	0.0081	0.0081	0.0081	0.0081	0.0081	0.0081	0.0121	0.0089	0.0081	0.0081	0.0081	0.0081	0.0081	0.0081	0.0087	0.0081	0.0086	0.0081	0.0081	0.0081	0.0081	0.0081	0.0081	0.0081	0.0081	0.0121	0.0081	0.0081	0.0081	0.0081	0.0081	0.0081	0.0081	0.0081	0.0081	0.0121	0.0081	0.0083	0.0081	0.0081	0.0081	0.0081	0.0081	0.0081	0.0081	0.0081	0.0121	0.0091	0.0106	0.0577	0.0081	0.0088
  H	0.0174	0.0174	0.0174	0.0174	0.0174	0.0174	0.0174	0	0.0168	0.0174	0.0174	0.0319	0.0174	0.0174	0.0174	0.0174	0.0174	0.0172	0.0174	0.0174	0.0173	0.0174	0.0174	0.0174	0.0174	0.0174	0.0174	0.0173	0.0175	0.0174	0.0174	0.0174	0.0174	0.0174	0.0173	0.0181	0.0172	0.0174	0.0174	0.0174	0.0174	0.0174	0.0174	0.0174	0.0174	0.0174	0.0182	0.0174	0.0174	0.0174	0.0173	0.0174	0.0174	0.0174	0.0174	0.0176	0.0173	0.0174	0.0174	0.0174	0.0174	0.0174	0.0162	0.0432	0.0174
  I	0.0018	0.0018	0.0019	0.0018	0.0018	0.0018	0.0019	0.0018	0	0.0018	0.0019	0.0027	0.0018	0.0018	0.0018	0.002	0.0018	0.0018	0.0018	0.0019	0.0019	0.0018	0.0018	0.0018	0.0018	0.0018	0.0018	0.0018	0.0028	0.0018	0.0018	0.0018	0.0018	0.0018	0.0077	0.0018	0.0019	0.0018	0.0018	0.0018	0.0018	0.0018	0.0021	0.0018	0.0018	0.0018	0.0019	0.0018	0.0018	0.0018	0.0036	0.0018	0.0018	0.0018	0.0018	0.0018	0.0018	0.0018	0.0018	0.0018	0.0019	0.0018	0.1143	0.0027	0.0018
  J	0.0186	0.0186	0.0191	0.0186	0.0186	0.0186	0.0189	0.0186	0.0179	0	0.0198	0.018	0.0186	0.0186	0.0186	0.0186	0.0186	0.0184	0.0186	0.0186	0.0184	0.0186	0.0186	0.0186	0.0186	0.0186	0.0186	0.0259	0.0185	0.0186	0.0186	0.0186	0.0186	0.0186	0.0185	0.0185	0.0184	0.0186	0.0186	0.0186	0.0186	0.0186	0.0186	0.0186	0.0186	0.0186	0.0185	0.0186	0.0186	0.0186	0.0184	0.0185	0.0186	0.0186	0.0186	0.0186	0.0185	0.0186	0.0186	0.0186	0.0186	0.0186	0.0172	0.0184	0.0201
  K	0.0122	0.0141	0.0141	0.0122	0.0122	0.0166	0.0211	0.0122	0.0125	0.013	0	0.0121	0.0122	0.0122	0.0122	0.0122	0.0122	0.0121	0.0122	0.0122	0.0133	0.0122	0.0122	0.0122	0.0122	0.0122	0.0122	0.0179	0.0122	0.0122	0.0122	0.0122	0.0122	0.0122	0.0122	0.0122	0.0151	0.0122	0.0122	0.0183	0.0122	0.0122	0.0122	0.0122	0.0122	0.0122	0.0122	0.0122	0.0122	0.0122	0.0123	0.0122	0.0122	0.0122	0.0122	0.0122	0.0142	0.0122	0.0122	0.0122	0.0183	0.0122	0.0406	0.0121	0.0151
  L	0.0054	0.0054	0.01	0.0072	0.0054	0.0054	0.0082	0.0102	0.0081	0.0054	0.0055	0	0.0054	0.0055	0.0054	0.0055	0.0054	0.0055	0.0054	0.0056	0.0678	0.0054	0.0054	0.0065	0.0081	0.0054	0.0054	0.0064	0.029	0.0163	0.0054	0.0054	0.0054	0.0055	0.0055	0.0518	0.0065	0.0072	0.0054	0.0054	0.0054	0.0054	0.0054	0.0054	0.0054	0.0054	0.0242	0.0055	0.0109	0.0055	0.0473	0.0054	0.0054	0.0055	0.0054	0.0234	0.0082	0.0054	0.0054	0.0054	0.0086	0.0054	0.0908	0.047	0.0054
  M	0.0183	0.0183	0.0183	0.0183	0.0183	0.0183	0.0183	0.0183	0.0176	0.0183	0.0183	0.0178	0	0.0183	0.0183	0.0183	0.0239	0.0182	0.0183	0.0183	0.0182	0.0183	0.0183	0.0183	0.0183	0.0183	0.0183	0.0182	0.0182	0.0183	0.0183	0.0183	0.0183	0.0183	0.0182	0.0182	0.0424	0.0183	0.0183	0.0183	0.0216	0.0183	0.0183	0.0183	0.0183	0.0183	0.0185	0.0183	0.0183	0.0183	0.0182	0.0183	0.0183	0.0183	0.0183	0.0183	0.0182	0.0183	0.0183	0.0183	0.0183	0.0183	0.0169	0.0181	0.0183
  N	0.0165	0.0165	0.0164	0.0165	0.0164	0.0172	0.0164	0.0165	0.0159	0.0165	0.0165	0.0161	0.0165	0	0.0165	0.0165	0.0165	0.0256	0.0165	0.0164	0.0193	0.0165	0.0165	0.0165	0.0164	0.0165	0.0165	0.0164	0.0164	0.0165	0.0165	0.0165	0.0165	0.0165	0.0164	0.0164	0.0209	0.0165	0.0165	0.0165	0.0165	0.0165	0.0165	0.0165	0.0165	0.0165	0.0164	0.0165	0.0165	0.0165	0.0163	0.0164	0.0165	0.0165	0.0165	0.0164	0.0164	0.0165	0.0165	0.0165	0.0164	0.0165	0.0229	0.0191	0.0165
  O	0.0188	0.0188	0.0187	0.0188	0.0248	0.0187	0.0187	0.0188	0.018	0.0188	0.0188	0.0182	0.0188	0.0188	0	0.0188	0.0188	0.0186	0.0188	0.0187	0.0186	0.0188	0.0188	0.0188	0.0187	0.0188	0.0188	0.0187	0.0187	0.0188	0.0188	0.0188	0.0188	0.0188	0.0187	0.0192	0.0187	0.0188	0.0188	0.0188	0.0188	0.0188	0.0188	0.0188	0.0188	0.0188	0.033	0.0188	0.0188	0.0188	0.0186	0.0187	0.0188	0.0188	0.0188	0.0187	0.0186	0.0188	0.0188	0.0188	0.0187	0.0188	0.0172	0.0186	0.0188
  P	0.0134	0.0134	0.0157	0.0134	0.0134	0.0201	0.0134	0.0134	0.0138	0.0134	0.0134	0.0131	0.0134	0.0134	0.0134	0	0.0134	0.0332	0.0134	0.0134	0.0135	0.0134	0.0134	0.0134	0.0134	0.0134	0.0134	0.0133	0.0134	0.0134	0.0134	0.0134	0.0134	0.0134	0.0134	0.0133	0.0141	0.0134	0.0134	0.0134	0.0134	0.0134	0.0134	0.0134	0.0134	0.0201	0.0133	0.0134	0.0134	0.0134	0.0133	0.0133	0.0134	0.0134	0.017	0.0134	0.0133	0.0134	0.0134	0.0134	0.0401	0.0134	0.0393	0.0133	0.0134
  Q	0.0186	0.0186	0.0186	0.0186	0.0186	0.0279	0.0186	0.0186	0.0179	0.0186	0.0186	0.018	0.0243	0.0186	0.0186	0.0186	0	0.0185	0.0186	0.0186	0.0185	0.0186	0.0186	0.0186	0.0186	0.0186	0.0186	0.0185	0.0186	0.0186	0.0186	0.0186	0.0186	0.0186	0.0185	0.0185	0.0268	0.0186	0.0186	0.0186	0.025	0.0186	0.0186	0.0186	0.0186	0.0186	0.0343	0.0186	0.0186	0.0186	0.0185	0.0186	0.0186	0.0186	0.0186	0.0186	0.0185	0.0186	0.0186	0.0186	0.0186	0.0186	0.0172	0.0184	0.0186
  R	0.0117	0.0118	0.0118	0.0353	0.0117	0.042	0.0118	0.0117	0.0116	0.0117	0.0118	0.0116	0.0118	0.0185	0.0117	0.0294	0.0118	0	0.0117	0.0118	0.0129	0.0223	0.0117	0.0117	0.0117	0.0117	0.0117	0.0362	0.0118	0.0118	0.0117	0.0117	0.0117	0.0118	0.0118	0.0117	0.0762	0.0118	0.0117	0.0117	0.0118	0.0118	0.0117	0.0117	0.0117	0.0117	0.0121	0.0118	0.0118	0.0118	0.0117	0.0756	0.0117	0.0119	0.0118	0.0118	0.0117	0.0117	0.0117	0.0117	0.0176	0.0117	0.0276	0.0127	0.0117
  S	0.0166	0.0166	0.0165	0.0166	0.0165	0.0165	0.0165	0.0166	0.016	0.0166	0.0166	0.0161	0.0166	0.0166	0.0166	0.0166	0.0166	0.0164	0	0.0165	0.0164	0.0166	0.0166	0.0166	0.0165	0.0166	0.0166	0.0165	0.0165	0.0166	0.0166	0.0166	0.0166	0.0166	0.0165	0.0165	0.0164	0.0166	0.0166	0.0166	0.0166	0.0166	0.0166	0.0166	0.0166	0.0166	0.0165	0.0166	0.0166	0.0166	0.0164	0.0165	0.0166	0.0166	0.0166	0.0165	0.0164	0.0166	0.0166	0.0166	0.0165	0.0166	0.023	0.0164	0.0166
