Map from character to field name
A:	Algeria
B:	Argentina
C:	Australia
D:	Austria
E:	Bangladesh
F:	Belgium
G:	Brazil
H:	Cambodia
I:	Canada
J:	Chad
K:	Chile
L:	China
M:	Czech Republic
N:	Denmark
O:	Egypt
P:	France
Q:	Georgia
R:	Germany
S:	Guam
T:	Guatemala
U:	Hong Kong
V:	Hungary
W:	Iceland
X:	India
Y:	Indonesia
Z:	Iran
[:	Ireland
\:	Italy
]:	Japan
^:	Kazakhstan
_:	Kuwait
`:	Laos
a:	Luxembourg
b:	Malaysia
c:	Mexico
d:	Mongolia
e:	Netherlands
f:	New Zealand
g:	Nicaragua
h:	Nigeria
i:	Norway
j:	Pakistan
k:	Peru
l:	Philippines
m:	Poland
n:	Romania
o:	Russia
p:	Saudi Arabia
q:	Singapore
r:	South Africa
s:	South Korea
t:	Spain
u:	Sri Lanka
v:	Sweden
w:	Switzerland
x:	Taiwan
y:	Thailand
z:	Turkey
{:	Ukraine
|:	United Arab Emirates
}:	United Kingdom
~:	Uruguay
:	Usa
:	Vietnam
:	Zambia
:	?


Substitution rate (mu): 19.425041

Equilibrium frequencies (pi_i):
  A: 0.0181
  B: 0.0155
  C: 0.008
  D: 0.0188
  E: 0.0158
  F: 0.0163
  G: 0.009
  H: 0.0178
  I: 0.0016
  J: 0.0193
  K: 0.0111
  L: 0.0076
  M: 0.019
  N: 0.0169
  O: 0.0191
  P: 0.0163
  Q: 0.0192
  R: 0.0121
  S: 0.0174
  T: 0.0066
  U: 0.0061
  V: 0.0192
  W: 0.0197
  X: 0.0169
  Y: 0.0196
  Z: 0.0196
  [: 0.0176
  \: 0.0167
  ]: 0.0078
  ^: 0.0171
  _: 0.0193
  `: 0.0197
  a: 0.0196
  b: 0.0169
  c: 0.0124
  d: 0.0097
  e: 0.0047
  f: 0.0175
  g: 0.0183
  h: 0.0184
  i: 0.0194
  j: 0.019
  k: 0.0177
  l: 0.0193
  m: 0.0197
  n: 0.0184
  o: 0.0088
  p: 0.0153
  q: 0.0169
  r: 0.0158
  s: 0.0075
  t: 0.0182
  u: 0.0195
  v: 0.0156
  w: 0.0174
  x: 0.0147
  y: 0.0127
  z: 0.0198
  {: 0.0192
  |: 0.0198
  }: 0.0111
  ~: 0.0183
  : 0.005
  : 0.0098
  : 0.0192

Symmetrized rates from j->i (W_ij):
	A	B	C	D	E	F	G	H	I	J	K	L	M	N	O	P	Q	R	S	T	U	V	W	X	Y	Z	[	\	]	^	_	`	a	b	c	d	e	f	g	h	i	j	k	l	m	n	o	p	q	r	s	t	u	v	w	x	y	z	{	|	}	~			
  A	0	0.9659	0.9622	0.966	0.9653	0.965	0.9646	0.9658	0.933	0.966	0.9644	0.9357	0.9658	0.9656	0.9659	0.966	0.9658	0.9539	0.9659	0.9656	0.9601	0.9658	0.9659	0.9655	0.964	0.9658	0.9659	0.9614	1.1663	0.9656	0.9659	0.9659	0.9659	0.9659	0.9635	0.9607	0.9553	0.9659	0.9659	0.9659	0.9659	0.9659	0.9659	0.9659	0.9659	0.966	0.9589	0.966	0.966	0.9661	0.9591	0.9628	0.9659	0.9658	0.966	0.9662	0.9597	0.9659	0.9658	0.9659	0.9651	0.966	1.1789	0.9568	0.966
  B	0.9659	0	0.9624	0.9658	0.9653	0.9651	0.9648	0.9657	1.4044	0.9658	0.9647	0.9394	0.9657	0.9656	0.9658	0.966	0.9657	0.9556	0.9658	0.9653	0.9608	0.9657	0.9658	0.9654	0.9642	0.9657	0.9658	0.9619	0.9632	0.9655	0.9658	0.9658	0.9658	0.9657	0.9637	0.9613	0.957	1.0414	0.9658	0.9658	0.9658	0.9657	0.9658	0.9658	0.9658	0.9658	0.9597	0.9658	0.9658	0.9659	0.9596	0.9631	0.9658	0.9656	0.9659	0.9659	0.9605	0.9658	0.9657	0.9658	0.991	0.9659	1.7109	0.9578	0.9658
  C	0.9622	0.9624	0	0.9618	0.9633	0.9625	1.2483	0.962	1.1125	1.0034	1.0846	4.7553	0.9617	0.9634	0.9617	1.3925	0.9616	0.9607	0.9619	1.0959	2.109	1.4091	0.9615	1.0567	0.9616	0.9614	0.9619	0.9677	1.7322	0.9626	0.9629	0.9614	0.9614	0.964	0.9625	0.9682	3.3503	1.2239	1.543	0.9617	0.9616	0.9616	1.4343	0.9615	0.9615	0.9618	1.2399	0.9624	2.1581	0.9628	1.858	0.9605	0.9617	0.9625	0.9622	0.9742	0.9621	0.9613	0.962	0.9614	0.9844	0.962	5.8438	1.0207	1.012
  D	0.966	0.9658	0.9618	0	0.9654	0.9651	0.9647	0.9658	0.9304	0.966	0.9642	1.0919	0.9659	0.9658	0.966	0.9663	0.9658	3.3465	0.9659	0.9652	0.96	0.9659	0.966	0.9655	0.964	0.9658	0.9659	1.3819	0.9625	0.9658	0.9659	0.9659	0.9659	0.9658	0.9633	0.9607	0.9549	0.9659	0.9659	0.9659	0.9659	0.9659	0.9659	0.9659	1.1751	0.9659	0.9586	0.9659	0.966	0.966	0.9585	0.9633	0.9659	0.9657	0.9661	0.9659	0.9595	0.9659	0.9659	0.9659	1.0329	0.966	0.8866	0.9564	0.966
  E	0.9653	0.9653	0.9633	0.9654	0	0.9656	0.9645	0.9652	0.9357	0.9653	0.9647	4.1257	0.9652	0.965	1.1852	0.9653	0.9652	0.9551	0.9653	0.9651	0.9617	0.9651	0.9652	0.9651	0.9636	0.9651	0.9653	0.9615	0.963	0.9651	0.9652	0.9652	0.9652	0.9652	0.9632	1.6088	0.9582	0.9655	0.9653	0.9652	0.9652	0.9653	0.9653	0.9652	0.9653	0.9653	2.7383	0.9653	0.9654	0.9655	0.9599	0.9625	0.9652	0.9652	0.9653	0.9795	0.9612	0.9652	0.9653	0.9652	0.9649	0.9653	0.8988	0.9619	0.9653
  F	0.965	0.9651	0.9625	0.9651	0.9656	0	1.0214	0.9649	1.1869	0.9649	0.9664	0.9445	0.9649	0.9653	0.9649	1.3171	1.1646	5.0842	0.965	0.9652	0.961	1.1844	0.965	0.9647	0.9641	0.9648	0.965	1.4615	0.9628	0.9649	0.9648	0.9648	0.9648	0.965	0.9648	0.9609	3.3273	0.9651	0.9649	0.9649	0.9651	0.9648	0.965	0.9649	0.9649	0.965	3.3144	0.9651	0.9653	0.9655	0.9606	1.0036	0.9649	0.965	0.9652	0.9654	0.9602	0.9648	0.9653	0.9648	1.0088	0.965	1.4149	0.9577	0.9652
  G	0.9646	0.9648	1.2483	0.9647	0.9645	1.0214	0	0.9644	4.338	0.9645	1.2697	1.1358	0.9643	0.9855	0.9643	0.9947	0.9643	1.1803	0.9645	0.9911	0.964	1.0522	0.9643	0.9644	0.9635	0.9642	0.9645	1.0101	0.9646	0.9812	0.9643	0.9642	0.9643	0.9645	0.9734	0.9629	0.9671	0.9647	1.0094	0.9645	0.9643	0.9643	0.9645	0.9643	0.9643	0.9645	1.0881	0.9647	1.3493	0.9647	1.12	0.9638	0.9643	0.9646	1.0563	0.9655	0.965	0.9642	0.9643	1.447	1.0185	1.123	5.1367	0.9615	0.9646
  H	0.9658	0.9657	0.962	0.9658	0.9652	0.9649	0.9644	0	1.2874	0.9658	0.9642	1.4045	0.9657	0.9655	0.9658	0.9658	0.9657	0.9541	0.9658	0.9652	0.96	0.9657	0.9658	0.9654	0.9639	0.9657	0.9658	0.9614	0.9627	0.9655	0.9657	0.9657	0.9657	0.9657	0.9633	1.4412	0.9553	0.9658	0.9657	0.9658	0.9658	0.9658	0.9658	0.9657	0.9658	0.9658	0.9588	0.9657	0.9658	0.9659	0.9597	0.9627	0.9658	0.9656	0.9658	0.9659	0.9597	0.9657	0.9657	0.9657	0.9648	0.9658	0.9982	1.9182	0.9658
  I	0.933	1.4044	1.1125	0.9304	0.9357	1.1869	4.338	1.2874	0	0.9294	1.9735	2.5451	0.9296	1.1427	0.9295	1.3791	0.9293	1.9986	0.9326	1.054	1.9672	0.9295	0.9283	0.9337	0.9286	0.9286	0.9323	1.6442	1.9045	0.9335	0.929	0.9283	0.9286	0.9337	4.2638	0.9477	1.3642	0.933	0.9311	0.9309	0.9288	0.9295	0.9322	0.929	0.9283	0.9313	2.3965	0.9367	0.9337	0.9356	2.6494	0.9321	0.9288	0.9361	0.9335	0.9417	3.19	0.9281	0.9294	0.9283	0.9461	0.9323	78.6199	2.7294	0.9297
  J	0.966	0.9658	1.0034	0.966	0.9653	0.9649	0.9645	0.9658	0.9294	0	1.2424	0.9332	0.9659	0.9656	0.9659	0.9659	0.9658	0.9531	0.9659	0.9653	0.9593	0.9658	0.966	0.9655	0.964	0.9658	0.9659	0.9611	0.9625	0.9656	0.9659	0.9659	0.9659	0.9658	0.9632	0.9603	0.9542	0.9659	0.9659	0.966	0.9659	0.9659	0.9659	0.9659	0.966	0.966	0.9582	0.9659	0.966	0.9661	0.9581	0.9626	0.9659	0.9657	0.966	0.9658	0.9593	0.9659	0.9659	0.9659	0.9649	0.966	0.9513	0.9559	1.137
  K	0.9644	0.9647	1.0846	0.9642	0.9647	0.9664	1.2697	0.9642	1.9735	1.2424	0	1.0366	0.9645	0.9643	0.9641	0.9654	0.9642	0.985	0.9643	0.9668	0.9838	0.9642	0.9639	0.9644	0.963	0.9639	0.9643	0.9632	0.9668	0.9674	0.9641	0.9639	0.9639	0.9655	0.9639	0.9643	1.0877	0.9649	0.9642	1.2507	0.9641	0.964	0.9643	0.9641	0.964	0.9642	0.9817	0.9648	0.9648	0.965	0.965	0.9624	0.964	0.965	0.9646	0.9664	0.9648	0.9638	0.9644	0.9639	1.4624	0.9644	3.7377	0.9634	1.2751
  L	0.9357	0.9394	4.7553	1.0919	4.1257	0.9445	1.1358	1.4045	2.5451	0.9332	1.0366	0	0.9338	0.937	1.244	0.9399	1.1051	0.969	0.936	0.9892	15.3202	0.9385	0.9322	1.994	0.9398	0.9324	0.9357	1.323	2.6931	2.5484	0.9328	0.932	0.9323	0.9395	0.9477	12.5922	7.2778	1.1082	0.9918	0.9344	0.9328	1.227	0.9358	0.9328	0.9562	0.9345	11.0361	0.9398	1.4066	0.9775	8.1584	0.9337	0.9327	0.9526	0.9364	2.6431	2.3806	0.9319	0.9478	0.9319	1.5827	0.9348	9.5932	11.4796	0.9743
  M	0.9658	0.9657	0.9617	0.9659	0.9652	0.9649	0.9643	0.9657	0.9296	0.9659	0.9645	0.9338	0	0.9655	0.9658	0.9658	0.9657	0.9533	0.9658	0.9652	0.9595	0.9657	0.9659	0.9654	0.9644	0.9657	0.9658	0.9611	0.9624	0.9655	0.9658	0.9658	0.9658	0.9657	0.9632	0.9603	2.3844	0.9658	0.9658	0.9658	0.9659	0.9658	0.9658	0.9658	0.9658	0.9658	0.9583	0.9658	0.966	0.9661	0.959	0.9625	0.9658	0.9656	0.9658	0.9658	0.9593	0.9658	0.9658	0.9658	0.9648	0.9658	0.8856	0.9563	0.966
  N	0.9656	0.9656	0.9634	0.9658	0.965	0.9653	0.9855	0.9655	1.1427	0.9656	0.9643	0.937	0.9655	0	0.9655	0.9659	0.9654	1.8847	0.9656	0.9651	0.9641	0.9656	0.9656	0.9652	0.9638	0.9654	0.9656	0.962	0.9628	0.9653	0.9655	0.9655	0.9655	0.9655	0.9635	0.9608	0.9577	0.9656	0.9655	0.9656	0.9655	0.9655	0.9655	0.9655	0.9656	0.9656	0.9591	0.9656	0.9656	0.9657	0.959	0.9666	0.9655	0.9654	0.9656	0.9656	0.9614	0.9655	0.9655	0.9655	0.965	0.9656	1.3446	0.9571	0.9656
  O	0.9659	0.9658	0.9617	0.966	1.1852	0.9649	0.9643	0.9658	0.9295	0.9659	0.9641	1.244	0.9658	0.9655	0	0.9658	0.9658	0.9532	0.9659	0.9652	0.9596	0.9657	0.9659	0.9654	0.9639	0.9658	0.9659	0.9611	0.9624	0.9656	0.9658	0.9658	0.9659	0.9658	0.9632	0.9629	0.9567	0.9659	0.9658	0.9659	0.9659	0.9659	0.9659	0.9658	0.9659	0.9659	1.4658	0.9658	0.9659	0.966	0.9583	0.9626	0.9659	0.9657	0.9659	0.9659	0.9594	0.9658	0.9658	0.9659	0.9648	0.9659	0.8852	0.9563	0.9659
  P	0.966	0.966	1.3925	0.9663	0.9653	1.3171	0.9947	0.9658	1.3791	0.9659	0.9654	0.9399	0.9658	0.9659	0.9658	0	0.9658	2.16	0.9659	0.9656	0.961	0.9661	0.9659	0.9655	0.9643	0.9657	0.9659	1.0763	0.9648	0.9657	0.9658	0.9658	0.9658	0.9658	0.9646	0.9611	1.4375	0.9661	0.9659	0.9659	0.9659	0.9658	0.9659	0.9658	0.9661	1.1536	0.9606	0.9659	0.9661	0.966	0.96	1.1636	0.9659	0.9658	1.3397	0.9661	0.9607	0.9658	0.9658	0.9658	2.8972	0.966	1.7248	0.9578	0.966
  Q	0.9658	0.9657	0.9616	0.9658	0.9652	1.1646	0.9643	0.9657	0.9293	0.9658	0.9642	1.1051	0.9657	0.9654	0.9658	0.9658	0	0.9532	0.9658	0.9651	0.9594	0.9657	0.9658	0.9654	0.964	0.9657	0.9658	0.961	0.9624	0.9654	0.9657	0.9657	0.9658	0.9657	0.9631	0.9889	1.408	0.9658	0.9657	0.9658	0.9658	0.9657	0.9658	0.9657	0.9658	0.9658	1.8319	0.9657	0.9659	0.9659	0.9585	0.9625	0.9658	0.9656	0.9658	0.9658	0.9592	0.9657	0.9658	0.9657	0.9648	0.9658	0.8848	1.1643	0.9659
  R	0.9539	0.9556	0.9607	3.3465	0.9551	5.0842	1.1803	0.9541	1.9986	0.9531	0.985	0.969	0.9533	1.8847	0.9532	2.16	0.9532	0	0.9543	0.9615	1.4307	2.1125	0.9531	0.9545	0.9531	0.9528	0.9542	5.22	0.959	1.0716	0.9531	0.9528	0.9529	0.9548	0.957	0.9564	6.7087	0.9547	0.9537	0.9537	0.9533	0.9532	0.9543	0.9531	0.9539	0.9538	1.1159	0.9558	0.9551	0.956	0.9589	8.6561	0.9531	0.9557	0.9553	0.9568	1.4287	0.9528	0.9537	0.9528	2.2616	0.9539	1.5732	0.9547	0.9537
  S	0.9659	0.9658	0.9619	0.9659	0.9653	0.965	0.9645	0.9658	0.9326	0.9659	0.9643	0.936	0.9658	0.9656	0.9659	0.9659	0.9658	0.9543	0	0.9652	0.96	0.9657	0.9659	0.9654	0.9641	0.9657	0.9658	0.9615	0.9627	0.9655	0.9658	0.9658	0.9658	0.9658	0.9634	0.9608	0.9551	0.9658	0.9658	0.9659	0.9659	0.9658	0.9658	0.9658	0.9659	0.9659	0.9589	0.9658	0.9659	0.9659	0.9588	0.9628	0.9659	0.9657	0.9659	0.9658	0.9599	0.9658	0.9658	0.9658	0.9649	0.9659	1.3373	0.9568	0.9659
  T	0.9656	0.9653	1.0959	0.9652	0.9651	0.9652	0.9911	0.9652	1.054	0.9653	0.9668	0.9892	0.9652	0.9651	0.9652	0.9656	0.9651	0.9615	0.9652	0	0.9646	0.9652	0.9652	0.9651	0.9645	0.9651	0.9652	0.9638	0.9649	0.9652	0.9652	0.9651	0.9651	0.9654	1.3043	0.9637	1.2144	0.9654	0.983	0.9652	0.9652	0.9651	1.2543	0.9652	0.9651	0.9653	0.9636	0.9654	1.3094	0.9653	0.9633	0.964	0.9652	0.9653	0.9654	0.9661	0.9632	0.9651	0.9652	0.9651	0.9654	0.9654	10.1259	0.9624	0.9654
  U	0.9601	0.9608	2.109	0.96	0.9617	0.961	0.964	0.96	1.9672	0.9593	0.9838	15.3202	0.9595	0.9641	0.9596	0.961	0.9594	1.4307	0.96	0.9646	0	0.9594	0.9592	0.961	0.9595	0.9591	0.9599	1.4597	2.5195	0.9606	0.9593	0.9591	0.9591	3.361	0.9614	0.9649	7.7316	1.4075	0.9599	0.9596	0.9594	0.9594	0.96	0.9592	0.9593	0.9597	0.9732	0.9608	0.9931	1.2095	1.0241	0.966	0.9594	0.9609	0.9601	1.6341	0.9641	0.959	0.9602	0.959	0.9785	0.9597	4.541	2.3802	0.9606
  V	0.9658	0.9657	1.4091	0.9659	0.9651	1.1844	1.0522	0.9657	0.9295	0.9658	0.9642	0.9385	0.9657	0.9656	0.9657	0.9661	0.9657	2.1125	0.9657	0.9652	0.9594	0	0.9658	0.9653	0.964	0.9656	0.9657	0.9615	0.9623	0.9655	0.9657	0.9657	0.9657	0.9657	0.9631	0.9602	1.5254	0.9658	0.9658	0.9657	0.9658	0.9657	0.9658	0.9657	0.9658	0.9658	0.9584	0.9657	1.0728	0.9659	0.9595	0.9946	0.9658	0.9656	0.9658	0.9657	0.9592	0.9657	0.9657	0.9657	0.9649	0.9658	0.8898	0.956	0.9659
  W	0.9659	0.9658	0.9615	0.966	0.9652	0.965	0.9643	0.9658	0.9283	0.966	0.9639	0.9322	0.9659	0.9656	0.9659	0.9659	0.9658	0.9531	0.9659	0.9652	0.9592	0.9658	0	0.9655	0.964	0.9658	0.9659	0.9611	0.9623	0.9656	0.9659	0.9659	0.9659	0.9659	0.9631	0.9602	1.0617	0.9659	0.9659	0.9659	1.4141	0.9659	0.9659	0.9659	0.9659	0.9659	0.9582	0.9658	0.966	0.966	0.958	0.9625	0.9659	0.9657	0.9659	0.9658	0.9591	0.9659	0.9659	0.9659	0.9648	0.966	0.8827	0.9558	0.966
  X	0.9655	0.9654	1.0567	0.9655	0.9651	0.9647	0.9644	0.9654	0.9337	0.9655	0.9644	1.994	0.9654	0.9652	0.9654	0.9655	0.9654	0.9545	0.9654	0.9651	0.961	0.9653	0.9655	0	0.9638	0.9653	0.9654	0.9614	0.9629	0.9652	0.9654	0.9654	0.9654	0.9654	0.9632	1.212	1.2799	0.9656	0.9654	0.9654	0.9655	0.9654	0.9655	0.9654	0.9655	0.9654	1.1509	0.9655	0.9656	0.9657	0.9596	0.9625	0.9654	0.9653	0.9655	0.9659	0.9598	0.9654	0.9654	0.9654	0.9648	0.9655	1.1379	1.2042	0.9655
  Y	0.964	0.9642	0.9616	0.964	0.9636	0.9641	0.9635	0.9639	0.9286	0.964	0.963	0.9398	0.9644	0.9638	0.9639	0.9643	0.964	0.9531	0.9641	0.9645	0.9595	0.964	0.964	0.9638	0	0.9637	0.9641	0.9604	0.9623	0.964	0.964	0.9638	0.9638	0.9648	0.9619	0.96	1.1521	0.9643	0.964	0.964	0.9641	0.9639	0.9641	0.9641	0.9639	0.964	0.9593	0.9642	0.9643	0.9645	1.2264	0.9607	0.964	0.9644	0.9641	0.9646	0.958	0.9638	0.9641	0.9638	0.964	0.964	0.8894	0.9566	0.9642
  Z	0.9658	0.9657	0.9614	0.9658	0.9651	0.9648	0.9642	0.9657	0.9286	0.9658	0.9639	0.9324	0.9657	0.9654	0.9658	0.9657	0.9657	0.9528	0.9657	0.9651	0.9591	0.9656	0.9658	0.9653	0.9637	0	0.9657	0.9609	0.9622	0.9654	0.9657	0.9657	0.9657	0.9657	0.963	0.9601	0.9585	0.9657	0.9657	0.9658	0.9658	0.9657	0.9657	0.9657	0.9658	0.9658	1.4321	0.9657	0.9658	0.9659	0.9579	0.9624	0.9658	0.9656	0.9658	0.9657	0.9591	0.9657	0.9657	0.9657	0.9646	0.9658	0.8832	0.9557	0.9658
  [	0.9659	0.9658	0.9619	0.9659	0.9653	0.965	0.9645	0.9658	0.9323	0.9659	0.9643	0.9357	0.9658	0.9656	0.9659	0.9659	0.9658	0.9542	0.9658	0.9652	0.9599	0.9657	0.9659	0.9654	0.9641	0.9657	0	0.9614	0.9627	0.9655	0.9658	0.9658	0.9658	0.9658	0.9634	0.9607	0.955	0.9658	0.9658	0.9659	0.9659	0.9658	0.9658	0.9658	0.9659	0.9659	0.9588	1.0634	0.9659	0.9659	0.9588	0.9628	0.9659	0.9661	0.9659	0.9658	0.9598	0.9658	0.9658	0.9658	0.9649	0.9659	1.2922	0.9567	0.9659
  \	0.9614	0.9619	0.9677	1.3819	0.9615	1.4615	1.0101	0.9614	1.6442	0.9611	0.9632	1.323	0.9611	0.962	0.9611	1.0763	0.961	5.22	0.9615	0.9638	1.4597	0.9615	0.9611	0.9614	0.9604	0.9609	0.9614	0	0.9625	0.9617	0.961	0.9609	0.9609	0.9618	0.9607	0.9592	4.0817	0.9618	0.9613	0.9613	0.9612	0.9611	0.9615	0.961	1.0901	0.9613	0.9845	0.962	0.9639	0.9624	1.0842	1.3289	0.9611	0.9618	1.4444	0.9631	0.9573	0.9609	0.9613	0.9609	1.5031	0.9614	0.9793	0.9562	0.9614
  ]	1.1663	0.9632	1.7322	0.9625	0.963	0.9628	0.9646	0.9627	1.9045	0.9625	0.9668	2.6931	0.9624	0.9628	0.9624	0.9648	0.9624	0.959	0.9627	0.9649	2.5195	0.9623	0.9623	0.9629	0.9623	0.9622	0.9627	0.9625	0	0.9629	0.9623	1.4435	0.9623	0.9631	1.0006	2.3146	2.2354	0.9632	0.9626	0.9626	0.9624	0.9624	0.9627	0.9623	0.9623	0.9627	2.9126	0.9632	0.963	0.9633	2.2278	0.9612	0.9623	0.9646	0.9629	3.2517	0.9611	0.9622	0.9632	0.9622	1.4463	0.9627	7.36	3.6041	0.9626
  ^	0.9656	0.9655	0.9626	0.9658	0.9651	0.9649	0.9812	0.9655	0.9335	0.9656	0.9674	2.5484	0.9655	0.9653	0.9656	0.9657	0.9654	1.0716	0.9655	0.9652	0.9606	0.9655	0.9656	0.9652	0.964	0.9654	0.9655	0.9617	0.9629	0	0.9655	0.9655	0.9655	0.9655	0.9633	1.2459	1.3987	0.9657	0.9655	0.9655	0.9656	0.9655	0.9655	0.9655	0.9657	0.9655	0.9641	0.9656	0.9657	0.9658	0.9747	0.9629	0.9655	0.9654	0.9656	0.966	0.9599	0.9655	0.9655	0.9655	1.3795	0.9656	0.9272	0.9576	0.9657
  _	0.9659	0.9658	0.9629	0.9659	0.9652	0.9648	0.9643	0.9657	0.929	0.9659	0.9641	0.9328	0.9658	0.9655	0.9658	0.9658	0.9657	0.9531	0.9658	0.9652	0.9593	0.9657	0.9659	0.9654	0.964	0.9657	0.9658	0.961	0.9623	0.9655	0	0.9658	0.9658	0.9659	0.9631	0.9602	1.4287	0.9658	0.9658	0.9658	0.9659	0.9658	0.9658	0.9658	0.9659	0.9659	0.9581	0.9658	0.9659	0.966	0.9582	0.9625	0.9659	0.9656	0.9659	0.9657	0.9592	0.9658	0.9658	0.9658	0.9647	0.9659	0.8842	0.9559	0.9659
  `	0.9659	0.9658	0.9614	0.9659	0.9652	0.9648	0.9642	0.9657	0.9283	0.9659	0.9639	0.932	0.9658	0.9655	0.9658	0.9658	0.9657	0.9528	0.9658	0.9651	0.9591	0.9657	0.9659	0.9654	0.9638	0.9657	0.9658	0.9609	1.4435	0.9655	0.9658	0	0.9658	0.9657	0.9631	0.9601	0.9535	0.9658	0.9658	0.9658	0.9659	0.9658	0.9658	0.9658	0.9659	0.9659	0.9579	0.9658	0.9659	0.9659	0.9579	0.9624	0.9659	0.9656	0.9659	0.9658	0.9591	0.9658	0.9658	0.9658	0.9647	0.9659	0.8827	0.9556	0.9659
  a	0.9659	0.9658	0.9614	0.9659	0.9652	0.9648	0.9643	0.9657	0.9286	0.9659	0.9639	0.9323	0.9658	0.9655	0.9659	0.9658	0.9658	0.9529	0.9658	0.9651	0.9591	0.9657	0.9659	0.9654	0.9638	0.9657	0.9658	0.9609	0.9623	0.9655	0.9658	0.9658	0	0.9657	0.9631	0.9602	0.9537	0.9658	0.9658	0.9658	0.9659	0.9658	0.9658	0.9658	0.9659	0.9659	1.4374	0.9658	0.9659	0.9659	0.9579	0.9625	0.9659	0.9656	0.9659	0.9657	0.9591	0.9658	0.9658	0.9658	0.9647	0.9659	0.8832	0.9557	0.9659
  b	0.9659	0.9657	0.964	0.9658	0.9652	0.965	0.9645	0.9657	0.9337	0.9658	0.9655	0.9395	0.9657	0.9655	0.9658	0.9658	0.9657	0.9548	0.9658	0.9654	3.361	0.9657	0.9659	0.9654	0.9648	0.9657	0.9658	0.9618	0.9631	0.9655	0.9659	0.9657	0.9657	0	0.9635	0.9609	3.0861	1.125	0.9657	0.9658	0.9659	0.9657	0.9658	0.9657	0.9658	0.9658	0.9594	0.9658	0.966	1.2701	0.9602	0.9629	0.9662	0.9656	0.9658	0.968	0.96	0.9657	0.9659	0.9657	0.9651	0.9658	1.4467	0.9582	0.9662
  c	0.9635	0.9637	0.9625	0.9633	0.9632	0.9648	0.9734	0.9633	4.2638	0.9632	0.9639	0.9477	0.9632	0.9635	0.9632	0.9646	0.9631	0.957	0.9634	1.3043	0.9614	0.9631	0.9631	0.9632	0.9619	0.963	0.9634	0.9607	1.0006	0.9633	0.9631	0.9631	0.9631	0.9635	0	0.9609	1.0093	0.9635	0.9633	0.9633	0.9632	0.9632	1.1796	0.9631	0.9631	0.9633	0.9603	0.9637	1.0505	0.9637	0.9602	0.9612	0.9631	0.9636	0.9635	0.9641	1.1422	0.9631	0.9631	0.9631	0.9638	0.9634	2.1972	0.9585	0.9633
  d	0.9607	0.9613	0.9682	0.9607	1.6088	0.9609	0.9629	1.4412	0.9477	0.9603	0.9643	12.5922	0.9603	0.9608	0.9629	0.9611	0.9889	0.9564	0.9608	0.9637	0.9649	0.9602	0.9602	1.212	0.96	0.9601	0.9607	0.9592	2.3146	1.2459	0.9602	0.9601	0.9602	0.9609	0.9609	0	2.1713	0.9614	0.9606	0.9605	0.9603	1.1407	0.9607	0.9602	0.9603	0.9605	4.7946	0.9614	0.961	0.9618	1.8711	0.9589	0.9602	0.9613	0.9608	1.8934	0.9625	0.9601	0.9749	0.9601	0.9633	0.9606	0.9261	3.3103	0.9608
  e	0.9553	0.957	3.3503	0.9549	0.9582	3.3273	0.9671	0.9553	1.3642	0.9542	1.0877	7.2778	2.3844	0.9577	0.9567	1.4375	1.408	6.7087	0.9551	1.2144	7.7316	1.5254	1.0617	1.2799	1.1521	0.9585	0.955	4.0817	2.2354	1.3987	1.4287	0.9535	0.9537	3.0861	1.0093	2.1713	0	1.8191	0.9547	0.9546	1.3594	0.9541	0.991	1.4303	0.9539	0.9547	9.0518	0.9568	1.6468	1.3184	2.2847	0.9561	1.3043	1.8901	0.9555	1.076	1.4326	0.9535	1.6488	0.9535	2.6622	0.9547	13.0862	2.8553	1.5236
  f	0.9659	1.0414	1.2239	0.9659	0.9655	0.9651	0.9647	0.9658	0.933	0.9659	0.9649	1.1082	0.9658	0.9656	0.9659	0.9661	0.9658	0.9547	0.9658	0.9654	1.4075	0.9658	0.9659	0.9656	0.9643	0.9657	0.9658	0.9618	0.9632	0.9657	0.9658	0.9658	0.9658	1.125	0.9635	0.9614	1.8191	0	0.9659	0.9658	0.9659	0.9658	0.9659	0.9658	0.9659	0.9659	0.9608	0.9659	0.9663	0.9661	0.9601	0.9628	1.2179	0.9657	0.9659	0.9666	0.96	0.9658	0.9659	0.9658	1.1769	0.9659	1.2622	0.9579	0.9661
  g	0.9659	0.9658	1.543	0.9659	0.9653	0.9649	1.0094	0.9657	0.9311	0.9659	0.9642	0.9918	0.9658	0.9655	0.9658	0.9659	0.9657	0.9537	0.9658	0.983	0.9599	0.9658	0.9659	0.9654	0.964	0.9657	0.9658	0.9613	0.9626	0.9655	0.9658	0.9658	0.9658	0.9657	0.9633	0.9606	0.9547	0.9659	0	0.9658	0.9659	0.9658	0.9659	0.9658	0.9659	0.9659	0.9586	0.9658	0.9661	0.9659	0.9589	0.9627	0.9658	0.9656	0.9659	0.9659	0.9596	0.9658	0.9658	0.9658	0.9648	0.9659	1.1411	0.9564	0.9659
  h	0.9659	0.9658	0.9617	0.9659	0.9652	0.9649	0.9645	0.9658	0.9309	0.966	1.2507	0.9344	0.9658	0.9656	0.9659	0.9659	0.9658	0.9537	0.9659	0.9652	0.9596	0.9657	0.9659	0.9654	0.964	0.9658	0.9659	0.9613	0.9626	0.9655	0.9658	0.9658	0.9658	0.9658	0.9633	0.9605	0.9546	0.9658	0.9658	0	0.9659	0.9658	0.9659	0.9658	0.9659	0.9659	0.9585	0.9658	0.9659	0.966	0.9584	0.9627	0.9659	0.9657	0.9659	0.9658	0.9596	0.9658	0.9658	0.9659	0.9648	0.9659	1.1235	0.9563	0.9659
  i	0.9659	0.9658	0.9616	0.9659	0.9652	0.9651	0.9643	0.9658	0.9288	0.9659	0.9641	0.9328	0.9659	0.9655	0.9659	0.9659	0.9658	0.9533	0.9659	0.9652	0.9594	0.9658	1.4141	0.9655	0.9641	0.9658	0.9659	0.9612	0.9624	0.9656	0.9659	0.9659	0.9659	0.9659	0.9632	0.9603	1.3594	0.9659	0.9659	0.9659	0	0.9659	0.9659	0.9659	0.9659	0.9659	0.9584	0.9658	0.966	0.966	0.9582	0.9625	0.9659	0.9657	0.9659	0.9658	0.9592	0.9659	0.9659	0.9659	0.9648	0.9659	0.884	0.956	0.966
  j	0.9659	0.9657	0.9616	0.9659	0.9653	0.9648	0.9643	0.9658	0.9295	0.9659	0.964	1.227	0.9658	0.9655	0.9659	0.9658	0.9657	0.9532	0.9658	0.9651	0.9594	0.9657	0.9659	0.9654	0.9639	0.9657	0.9658	0.9611	0.9624	0.9655	0.9658	0.9658	0.9658	0.9657	0.9632	1.1407	0.9541	0.9658	0.9658	0.9658	0.9659	0	0.9658	0.9658	0.9659	0.9659	0.9596	0.9658	0.9659	0.9659	0.9582	0.9625	0.9658	0.9656	0.9659	0.9658	0.9593	0.9658	0.9658	0.9658	0.9647	0.9659	0.8853	0.9563	0.9659
  k	0.9659	0.9658	1.4343	0.9659	0.9653	0.965	0.9645	0.9658	0.9322	0.9659	0.9643	0.9358	0.9658	0.9655	0.9659	0.9659	0.9658	0.9543	0.9658	1.2543	0.96	0.9658	0.9659	0.9655	0.9641	0.9657	0.9658	0.9615	0.9627	0.9655	0.9658	0.9658	0.9658	0.9658	1.1796	0.9607	0.991	0.9659	0.9659	0.9659	0.9659	0.9658	0	0.9658	0.9659	0.9659	0.959	0.9658	1.0309	0.9659	0.9592	0.9628	0.9659	0.9657	0.9659	0.9658	0.9598	0.9658	0.9658	0.9658	0.9649	0.9659	1.3461	0.9568	0.9659
  l	0.9659	0.9658	0.9615	0.9659	0.9652	0.9649	0.9643	0.9657	0.929	0.9659	0.9641	0.9328	0.9658	0.9655	0.9658	0.9658	0.9657	0.9531	0.9658	0.9652	0.9592	0.9657	0.9659	0.9654	0.9641	0.9657	0.9658	0.961	0.9623	0.9655	0.9658	0.9658	0.9658	0.9657	0.9631	0.9602	1.4303	0.9658	0.9658	0.9658	0.9659	0.9658	0.9658	0	0.9659	0.9659	0.9581	0.9658	0.9659	0.966	0.9583	0.9625	0.9659	0.9656	0.9659	0.9657	0.9592	0.9658	0.9658	0.9658	0.9648	0.9659	0.8841	0.9559	0.9659
  m	0.9659	0.9658	0.9615	1.1751	0.9653	0.9649	0.9643	0.9658	0.9283	0.966	0.964	0.9562	0.9658	0.9656	0.9659	0.9661	0.9658	0.9539	0.9659	0.9651	0.9593	0.9658	0.9659	0.9655	0.9639	0.9658	0.9659	1.0901	0.9623	0.9657	0.9659	0.9659	0.9659	0.9658	0.9631	0.9603	0.9539	0.9659	0.9659	0.9659	0.9659	0.9659	0.9659	0.9659	0	0.9659	0.9581	0.9659	0.966	0.966	0.958	0.9626	0.9659	0.9657	0.9661	0.9658	0.9592	0.9659	0.9658	0.9659	1.4307	0.966	0.8829	0.9558	0.9659
  n	0.966	0.9658	0.9618	0.9659	0.9653	0.965	0.9645	0.9658	0.9313	0.966	0.9642	0.9345	0.9658	0.9656	0.9659	1.1536	0.9658	0.9538	0.9659	0.9653	0.9597	0.9658	0.9659	0.9654	0.964	0.9658	0.9659	0.9613	0.9627	0.9655	0.9659	0.9659	0.9659	0.9658	0.9633	0.9605	0.9547	0.9659	0.9659	0.9659	0.9659	0.9659	0.9659	0.9659	0.9659	0	0.9585	0.9659	0.966	0.966	0.9585	0.9628	0.9659	0.9657	1.0472	0.9658	0.9596	0.9659	0.9658	0.9659	0.9651	0.966	1.1399	0.9564	0.9659
  o	0.9589	0.9597	1.2399	0.9586	2.7383	3.3144	1.0881	0.9588	2.3965	0.9582	0.9817	11.0361	0.9583	0.9591	1.4658	0.9606	1.8319	1.1159	0.9589	0.9636	0.9732	0.9584	0.9582	1.1509	0.9593	1.4321	0.9588	0.9845	2.9126	0.9641	0.9581	0.9579	1.4374	0.9594	0.9603	4.7946	9.0518	0.9608	0.9586	0.9585	0.9584	0.9596	0.959	0.9581	0.9581	0.9585	0	0.9598	0.96	0.9611	1.2322	0.9572	0.9582	0.9598	0.959	1.5237	0.9597	0.9579	1.2031	0.9579	0.9798	0.9586	2.4601	1.8122	0.9598
  p	0.966	0.9658	0.9624	0.9659	0.9653	0.9651	0.9647	0.9657	0.9367	0.9659	0.9648	0.9398	0.9658	0.9656	0.9658	0.9659	0.9657	0.9558	0.9658	0.9654	0.9608	0.9657	0.9658	0.9655	0.9642	0.9657	1.0634	0.962	0.9632	0.9656	0.9658	0.9658	0.9658	0.9658	0.9637	0.9614	0.9568	0.9659	0.9658	0.9658	0.9658	0.9658	0.9658	0.9658	0.9659	0.9659	0.9598	0	0.9659	0.9659	0.9597	0.9632	0.9658	1.9156	0.9659	0.9659	0.9606	0.9658	0.9658	0.9658	1.256	0.9659	1.9626	0.9579	0.9659
  q	0.966	0.9658	2.1581	0.966	0.9654	0.9653	1.3493	0.9658	0.9337	0.966	0.9648	1.4066	0.966	0.9656	0.9659	0.9661	0.9659	0.9551	0.9659	1.3094	0.9931	1.0728	0.966	0.9656	0.9643	0.9658	0.9659	0.9639	0.963	0.9657	0.9659	0.9659	0.9659	0.966	1.0505	0.961	1.6468	0.9663	0.9661	0.9659	0.966	0.9659	1.0309	0.9659	0.966	0.966	0.96	0.9659	0	0.9661	0.962	0.963	0.966	0.9658	0.966	0.9664	0.9601	0.9659	0.9659	0.9659	0.9652	0.966	1.4017	0.9574	0.9661
  r	0.9661	0.9659	0.9628	0.966	0.9655	0.9655	0.9647	0.9659	0.9356	0.9661	0.965	0.9775	0.9661	0.9657	0.966	0.966	0.9659	0.956	0.9659	0.9653	1.2095	0.9659	0.966	0.9657	0.9645	0.9659	0.9659	0.9624	0.9633	0.9658	0.966	0.9659	0.9659	1.2701	0.9637	0.9618	1.3184	0.9661	0.9659	0.966	0.966	0.9659	0.9659	0.966	0.966	0.966	0.9611	0.9659	0.9661	0	0.96	0.9632	0.966	0.9659	0.966	0.9664	0.9606	0.9659	0.966	0.9659	0.9652	0.966	1.7976	0.9585	1.3891
  s	0.9591	0.9596	1.858	0.9585	0.9599	0.9606	1.12	0.9597	2.6494	0.9581	0.965	8.1584	0.959	0.959	0.9583	0.96	0.9585	0.9589	0.9588	0.9633	1.0241	0.9595	0.958	0.9596	1.2264	0.9579	0.9588	1.0842	2.2278	0.9747	0.9582	0.9579	0.9579	0.9602	0.9602	1.8711	2.2847	0.9601	0.9589	0.9584	0.9582	0.9582	0.9592	0.9583	0.958	0.9585	1.2322	0.9597	0.962	0.96	0	0.9573	0.9582	0.968	0.959	1.7679	0.9588	0.9578	0.96	0.9578	0.9627	0.9587	6.7316	2.13	0.9588
  t	0.9628	0.9631	0.9605	0.9633	0.9625	1.0036	0.9638	0.9627	0.9321	0.9626	0.9624	0.9337	0.9625	0.9666	0.9626	1.1636	0.9625	8.6561	0.9628	0.964	0.966	0.9946	0.9625	0.9625	0.9607	0.9624	0.9628	1.3289	0.9612	0.9629	0.9625	0.9624	0.9625	0.9629	0.9612	0.9589	0.9561	0.9628	0.9627	0.9627	0.9625	0.9625	0.9628	0.9625	0.9626	0.9628	0.9572	0.9632	0.963	0.9632	0.9573	0	0.9625	0.963	0.9631	0.9632	0.9588	0.9624	0.9625	0.9624	0.9643	0.9628	0.8883	0.9548	0.9626
  u	0.9659	0.9658	0.9617	0.9659	0.9652	0.9649	0.9643	0.9658	0.9288	0.9659	0.964	0.9327	0.9658	0.9655	0.9659	0.9659	0.9658	0.9531	0.9659	0.9652	0.9594	0.9658	0.9659	0.9654	0.964	0.9658	0.9659	0.9611	0.9623	0.9655	0.9659	0.9659	0.9659	0.9662	0.9631	0.9602	1.3043	1.2179	0.9658	0.9659	0.9659	0.9658	0.9659	0.9659	0.9659	0.9659	0.9582	0.9658	0.966	0.966	0.9582	0.9625	0	0.9657	0.9659	0.9658	0.9592	0.9658	0.9658	0.9659	0.9648	0.9659	0.8837	0.9559	0.966
  v	0.9658	0.9656	0.9625	0.9657	0.9652	0.965	0.9646	0.9656	0.9361	0.9657	0.965	0.9526	0.9656	0.9654	0.9657	0.9658	0.9656	0.9557	0.9657	0.9653	0.9609	0.9656	0.9657	0.9653	0.9644	0.9656	0.9661	0.9618	0.9646	0.9654	0.9656	0.9656	0.9656	0.9656	0.9636	0.9613	1.8901	0.9657	0.9656	0.9657	0.9657	0.9656	0.9657	0.9656	0.9657	0.9657	0.9598	1.9156	0.9658	0.9659	0.968	0.963	0.9657	0	0.9658	0.9659	0.9604	0.9656	0.9657	0.9656	0.9653	0.9657	1.8815	0.958	0.9658
  w	0.966	0.9659	0.9622	0.9661	0.9653	0.9652	1.0563	0.9658	0.9335	0.966	0.9646	0.9364	0.9658	0.9656	0.9659	1.3397	0.9658	0.9553	0.9659	0.9654	0.9601	0.9658	0.9659	0.9655	0.9641	0.9658	0.9659	1.4444	0.9629	0.9656	0.9659	0.9659	0.9659	0.9658	0.9635	0.9608	0.9555	0.9659	0.9659	0.9659	0.9659	0.9659	0.9659	0.9659	0.9661	1.0472	0.959	0.9659	0.966	0.966	0.959	0.9631	0.9659	0.9658	0	0.9659	0.96	0.9659	0.9658	0.9659	1.4469	1.0937	1.4633	0.9569	0.966
  x	0.9662	0.9659	0.9742	0.9659	0.9795	0.9654	0.9655	0.9659	0.9417	0.9658	0.9664	2.6431	0.9658	0.9656	0.9659	0.9661	0.9658	0.9568	0.9658	0.9661	1.6341	0.9657	0.9658	0.9659	0.9646	0.9657	0.9658	0.9631	3.2517	0.966	0.9657	0.9658	0.9657	0.968	0.9641	1.8934	1.076	0.9666	0.9659	0.9658	0.9658	0.9658	0.9658	0.9657	0.9658	0.9658	1.5237	0.9659	0.9664	0.9664	1.7679	0.9632	0.9658	0.9659	0.9659	0	0.9614	0.9657	0.9658	0.9657	0.9659	0.9659	1.6866	2.6524	0.9659
  y	0.9597	0.9605	0.9621	0.9595	0.9612	0.9602	0.965	0.9597	3.19	0.9593	0.9648	2.3806	0.9593	0.9614	0.9594	0.9607	0.9592	1.4287	0.9599	0.9632	0.9641	0.9592	0.9591	0.9598	0.958	0.9591	0.9598	0.9573	0.9611	0.9599	0.9592	0.9591	0.9591	0.96	1.1422	0.9625	1.4326	0.96	0.9596	0.9596	0.9592	0.9593	0.9598	0.9592	0.9592	0.9596	0.9597	0.9606	0.9601	0.9606	0.9588	0.9588	0.9592	0.9604	0.96	0.9614	0	0.9591	0.9593	0.9591	0.9621	0.9597	1.7875	0.9583	0.9594
  z	0.9659	0.9658	0.9613	0.9659	0.9652	0.9648	0.9642	0.9657	0.9281	0.9659	0.9638	0.9319	0.9658	0.9655	0.9658	0.9658	0.9657	0.9528	0.9658	0.9651	0.959	0.9657	0.9659	0.9654	0.9638	0.9657	0.9658	0.9609	0.9622	0.9655	0.9658	0.9658	0.9658	0.9657	0.9631	0.9601	0.9535	0.9658	0.9658	0.9658	0.9659	0.9658	0.9658	0.9658	0.9659	0.9659	0.9579	0.9658	0.9659	0.9659	0.9578	0.9624	0.9658	0.9656	0.9659	0.9657	0.9591	0	0.9658	0.9658	1.447	0.9659	0.8823	0.9556	0.9659
  {	0.9658	0.9657	0.962	0.9659	0.9653	0.9653	0.9643	0.9657	0.9294	0.9659	0.9644	0.9478	0.9658	0.9655	0.9658	0.9658	0.9658	0.9537	0.9658	0.9652	0.9602	0.9657	0.9659	0.9654	0.9641	0.9657	0.9658	0.9613	0.9632	0.9655	0.9658	0.9658	0.9658	0.9659	0.9631	0.9749	1.6488	0.9659	0.9658	0.9658	0.9659	0.9658	0.9658	0.9658	0.9658	0.9658	1.2031	0.9658	0.9659	0.966	0.96	0.9625	0.9658	0.9657	0.9658	0.9658	0.9593	0.9658	0	0.9658	0.9653	0.9658	0.89	0.9565	0.9659
  |	0.9659	0.9658	0.9614	0.9659	0.9652	0.9648	1.447	0.9657	0.9283	0.9659	0.9639	0.9319	0.9658	0.9655	0.9659	0.9658	0.9657	0.9528	0.9658	0.9651	0.959	0.9657	0.9659	0.9654	0.9638	0.9657	0.9658	0.9609	0.9622	0.9655	0.9658	0.9658	0.9658	0.9657	0.9631	0.9601	0.9535	0.9658	0.9658	0.9659	0.9659	0.9658	0.9658	0.9658	0.9659	0.9659	0.9579	0.9658	0.9659	0.9659	0.9578	0.9624	0.9659	0.9656	0.9659	0.9657	0.9591	0.9658	0.9658	0	0.9647	0.9659	0.8824	0.9556	0.9659
  }	0.9651	0.991	0.9844	1.0329	0.9649	1.0088	1.0185	0.9648	0.9461	0.9649	1.4624	1.5827	0.9648	0.965	0.9648	2.8972	0.9648	2.2616	0.9649	0.9654	0.9785	0.9649	0.9648	0.9648	0.964	0.9646	0.9649	1.5031	1.4463	1.3795	0.9647	0.9647	0.9647	0.9651	0.9638	0.9633	2.6622	1.1769	0.9648	0.9648	0.9648	0.9647	0.9649	0.9648	1.4307	0.9651	0.9798	1.256	0.9652	0.9652	0.9627	0.9643	0.9648	0.9653	1.4469	0.9659	0.9621	1.447	0.9653	0.9647	0	0.965	3.9834	0.9613	0.9651
  ~	0.966	0.9659	0.962	0.966	0.9653	0.965	1.123	0.9658	0.9323	0.966	0.9644	0.9348	0.9658	0.9656	0.9659	0.966	0.9658	0.9539	0.9659	0.9654	0.9597	0.9658	0.966	0.9655	0.964	0.9658	0.9659	0.9614	0.9627	0.9656	0.9659	0.9659	0.9659	0.9658	0.9634	0.9606	0.9547	0.9659	0.9659	0.9659	0.9659	0.9659	0.9659	0.9659	0.966	0.966	0.9586	0.9659	0.966	0.966	0.9587	0.9628	0.9659	0.9657	1.0937	0.9659	0.9597	0.9659	0.9658	0.9659	0.965	0	1.1522	0.9564	0.966
  	1.1789	1.7109	5.8438	0.8866	0.8988	1.4149	5.1367	0.9982	78.6199	0.9513	3.7377	9.5932	0.8856	1.3446	0.8852	1.7248	0.8848	1.5732	1.3373	10.1259	4.541	0.8898	0.8827	1.1379	0.8894	0.8832	1.2922	0.9793	7.36	0.9272	0.8842	0.8827	0.8832	1.4467	2.1972	0.9261	13.0862	1.2622	1.1411	1.1235	0.884	0.8853	1.3461	0.8841	0.8829	1.1399	2.4601	1.9626	1.4017	1.7976	6.7316	0.8883	0.8837	1.8815	1.4633	1.6866	1.7875	0.8823	0.89	0.8824	3.9834	1.1522	0	1.4595	0.9649
  	0.9568	0.9578	1.0207	0.9564	0.9619	0.9577	0.9615	1.9182	2.7294	0.9559	0.9634	11.4796	0.9563	0.9571	0.9563	0.9578	1.1643	0.9547	0.9568	0.9624	2.3802	0.956	0.9558	1.2042	0.9566	0.9557	0.9567	0.9562	3.6041	0.9576	0.9559	0.9556	0.9557	0.9582	0.9585	3.3103	2.8553	0.9579	0.9564	0.9563	0.956	0.9563	0.9568	0.9559	0.9558	0.9564	1.8122	0.9579	0.9574	0.9585	2.13	0.9548	0.9559	0.958	0.9569	2.6524	0.9583	0.9556	0.9565	0.9556	0.9613	0.9564	1.4595	0	0.96
  	0.966	0.9658	1.012	0.966	0.9653	0.9652	0.9646	0.9658	0.9297	1.137	1.2751	0.9743	0.966	0.9656	0.9659	0.966	0.9659	0.9537	0.9659	0.9654	0.9606	0.9659	0.966	0.9655	0.9642	0.9658	0.9659	0.9614	0.9626	0.9657	0.9659	0.9659	0.9659	0.9662	0.9633	0.9608	1.5236	0.9661	0.9659	0.9659	0.966	0.9659	0.9659	0.9659	0.9659	0.9659	0.9598	0.9659	0.9661	1.3891	0.9588	0.9626	0.966	0.9658	0.966	0.9659	0.9594	0.9659	0.9659	0.9659	0.9651	0.966	0.9649	0.96	0

Actual rates from j->i (Q_ij):
	A	B	C	D	E	F	G	H	I	J	K	L	M	N	O	P	Q	R	S	T	U	V	W	X	Y	Z	[	\	]	^	_	`	a	b	c	d	e	f	g	h	i	j	k	l	m	n	o	p	q	r	s	t	u	v	w	x	y	z	{	|	}	~			
  A	0	0.0175	0.0174	0.0175	0.0175	0.0175	0.0175	0.0175	0.0169	0.0175	0.0175	0.0169	0.0175	0.0175	0.0175	0.0175	0.0175	0.0173	0.0175	0.0175	0.0174	0.0175	0.0175	0.0175	0.0175	0.0175	0.0175	0.0174	0.0211	0.0175	0.0175	0.0175	0.0175	0.0175	0.0174	0.0174	0.0173	0.0175	0.0175	0.0175	0.0175	0.0175	0.0175	0.0175	0.0175	0.0175	0.0174	0.0175	0.0175	0.0175	0.0174	0.0174	0.0175	0.0175	0.0175	0.0175	0.0174	0.0175	0.0175	0.0175	0.0175	0.0175	0.0213	0.0173	0.0175
  B	0.015	0	0.0149	0.015	0.015	0.015	0.0149	0.015	0.0218	0.015	0.0149	0.0146	0.015	0.015	0.015	0.015	0.015	0.0148	0.015	0.015	0.0149	0.015	0.015	0.015	0.0149	0.015	0.015	0.0149	0.0149	0.015	0.015	0.015	0.015	0.015	0.0149	0.0149	0.0148	0.0161	0.015	0.015	0.015	0.015	0.015	0.015	0.015	0.015	0.0149	0.015	0.015	0.015	0.0149	0.0149	0.015	0.015	0.015	0.015	0.0149	0.015	0.015	0.015	0.0154	0.015	0.0265	0.0148	0.015
  C	0.0077	0.0077	0	0.0077	0.0077	0.0077	0.01	0.0077	0.0089	0.008	0.0087	0.038	0.0077	0.0077	0.0077	0.0111	0.0077	0.0077	0.0077	0.0088	0.0168	0.0113	0.0077	0.0084	0.0077	0.0077	0.0077	0.0077	0.0138	0.0077	0.0077	0.0077	0.0077	0.0077	0.0077	0.0077	0.0268	0.0098	0.0123	0.0077	0.0077	0.0077	0.0115	0.0077	0.0077	0.0077	0.0099	0.0077	0.0172	0.0077	0.0148	0.0077	0.0077	0.0077	0.0077	0.0078	0.0077	0.0077	0.0077	0.0077	0.0079	0.0077	0.0467	0.0082	0.0081
  D	0.0181	0.0181	0.0181	0	0.0181	0.0181	0.0181	0.0181	0.0175	0.0181	0.0181	0.0205	0.0181	0.0181	0.0181	0.0181	0.0181	0.0628	0.0181	0.0181	0.018	0.0181	0.0181	0.0181	0.0181	0.0181	0.0181	0.0259	0.0181	0.0181	0.0181	0.0181	0.0181	0.0181	0.0181	0.018	0.0179	0.0181	0.0181	0.0181	0.0181	0.0181	0.0181	0.0181	0.0221	0.0181	0.018	0.0181	0.0181	0.0181	0.018	0.0181	0.0181	0.0181	0.0181	0.0181	0.018	0.0181	0.0181	0.0181	0.0194	0.0181	0.0166	0.018	0.0181
  E	0.0153	0.0153	0.0153	0.0153	0	0.0153	0.0153	0.0153	0.0148	0.0153	0.0153	0.0654	0.0153	0.0153	0.0188	0.0153	0.0153	0.0151	0.0153	0.0153	0.0152	0.0153	0.0153	0.0153	0.0153	0.0153	0.0153	0.0152	0.0153	0.0153	0.0153	0.0153	0.0153	0.0153	0.0153	0.0255	0.0152	0.0153	0.0153	0.0153	0.0153	0.0153	0.0153	0.0153	0.0153	0.0153	0.0434	0.0153	0.0153	0.0153	0.0152	0.0153	0.0153	0.0153	0.0153	0.0155	0.0152	0.0153	0.0153	0.0153	0.0153	0.0153	0.0142	0.0152	0.0153
  F	0.0157	0.0157	0.0157	0.0157	0.0157	0	0.0166	0.0157	0.0193	0.0157	0.0157	0.0154	0.0157	0.0157	0.0157	0.0214	0.0189	0.0827	0.0157	0.0157	0.0156	0.0193	0.0157	0.0157	0.0157	0.0157	0.0157	0.0238	0.0157	0.0157	0.0157	0.0157	0.0157	0.0157	0.0157	0.0156	0.0541	0.0157	0.0157	0.0157	0.0157	0.0157	0.0157	0.0157	0.0157	0.0157	0.0539	0.0157	0.0157	0.0157	0.0156	0.0163	0.0157	0.0157	0.0157	0.0157	0.0156	0.0157	0.0157	0.0157	0.0164	0.0157	0.023	0.0156	0.0157
  G	0.0086	0.0086	0.0112	0.0086	0.0086	0.0091	0	0.0086	0.0388	0.0086	0.0114	0.0102	0.0086	0.0088	0.0086	0.0089	0.0086	0.0106	0.0086	0.0089	0.0086	0.0094	0.0086	0.0086	0.0086	0.0086	0.0086	0.009	0.0086	0.0088	0.0086	0.0086	0.0086	0.0086	0.0087	0.0086	0.0087	0.0086	0.009	0.0086	0.0086	0.0086	0.0086	0.0086	0.0086	0.0086	0.0097	0.0086	0.0121	0.0086	0.01	0.0086	0.0086	0.0086	0.0095	0.0086	0.0086	0.0086	0.0086	0.013	0.0091	0.0101	0.046	0.0086	0.0086
  H	0.0172	0.0172	0.0171	0.0172	0.0171	0.0171	0.0171	0	0.0229	0.0172	0.0171	0.0249	0.0172	0.0171	0.0172	0.0172	0.0172	0.0169	0.0172	0.0171	0.0171	0.0172	0.0172	0.0171	0.0171	0.0172	0.0172	0.0171	0.0171	0.0171	0.0172	0.0172	0.0172	0.0172	0.0171	0.0256	0.017	0.0172	0.0172	0.0172	0.0172	0.0172	0.0172	0.0172	0.0172	0.0172	0.017	0.0172	0.0172	0.0172	0.017	0.0171	0.0172	0.0172	0.0172	0.0172	0.017	0.0172	0.0172	0.0172	0.0171	0.0172	0.0177	0.0341	0.0172
  I	0.0015	0.0022	0.0018	0.0015	0.0015	0.0019	0.0069	0.0021	0	0.0015	0.0032	0.0041	0.0015	0.0018	0.0015	0.0022	0.0015	0.0032	0.0015	0.0017	0.0031	0.0015	0.0015	0.0015	0.0015	0.0015	0.0015	0.0026	0.003	0.0015	0.0015	0.0015	0.0015	0.0015	0.0068	0.0015	0.0022	0.0015	0.0015	0.0015	0.0015	0.0015	0.0015	0.0015	0.0015	0.0015	0.0038	0.0015	0.0015	0.0015	0.0042	0.0015	0.0015	0.0015	0.0015	0.0015	0.0051	0.0015	0.0015	0.0015	0.0015	0.0015	0.1256	0.0044	0.0015
  J	0.0187	0.0187	0.0194	0.0187	0.0187	0.0187	0.0187	0.0187	0.018	0	0.024	0.018	0.0187	0.0187	0.0187	0.0187	0.0187	0.0184	0.0187	0.0187	0.0185	0.0187	0.0187	0.0187	0.0186	0.0187	0.0187	0.0186	0.0186	0.0187	0.0187	0.0187	0.0187	0.0187	0.0186	0.0186	0.0184	0.0187	0.0187	0.0187	0.0187	0.0187	0.0187	0.0187	0.0187	0.0187	0.0185	0.0187	0.0187	0.0187	0.0185	0.0186	0.0187	0.0187	0.0187	0.0187	0.0185	0.0187	0.0187	0.0187	0.0187	0.0187	0.0184	0.0185	0.022
  K	0.0107	0.0107	0.012	0.0107	0.0107	0.0107	0.0141	0.0107	0.0219	0.0138	0	0.0115	0.0107	0.0107	0.0107	0.0107	0.0107	0.0109	0.0107	0.0107	0.0109	0.0107	0.0107	0.0107	0.0107	0.0107	0.0107	0.0107	0.0107	0.0107	0.0107	0.0107	0.0107	0.0107	0.0107	0.0107	0.0121	0.0107	0.0107	0.0139	0.0107	0.0107	0.0107	0.0107	0.0107	0.0107	0.0109	0.0107	0.0107	0.0107	0.0107	0.0107	0.0107	0.0107	0.0107	0.0107	0.0107	0.0107	0.0107	0.0107	0.0162	0.0107	0.0414	0.0107	0.0141
  L	0.0071	0.0071	0.0359	0.0082	0.0312	0.0071	0.0086	0.0106	0.0192	0.007	0.0078	0	0.0071	0.0071	0.0094	0.0071	0.0083	0.0073	0.0071	0.0075	0.1157	0.0071	0.007	0.0151	0.0071	0.007	0.0071	0.01	0.0203	0.0193	0.007	0.007	0.007	0.0071	0.0072	0.0951	0.055	0.0084	0.0075	0.0071	0.007	0.0093	0.0071	0.007	0.0072	0.0071	0.0834	0.0071	0.0106	0.0074	0.0616	0.0071	0.007	0.0072	0.0071	0.02	0.018	0.007	0.0072	0.007	0.012	0.0071	0.0725	0.0867	0.0074
  M	0.0184	0.0184	0.0183	0.0184	0.0184	0.0184	0.0184	0.0184	0.0177	0.0184	0.0184	0.0178	0	0.0184	0.0184	0.0184	0.0184	0.0181	0.0184	0.0184	0.0183	0.0184	0.0184	0.0184	0.0184	0.0184	0.0184	0.0183	0.0183	0.0184	0.0184	0.0184	0.0184	0.0184	0.0183	0.0183	0.0454	0.0184	0.0184	0.0184	0.0184	0.0184	0.0184	0.0184	0.0184	0.0184	0.0182	0.0184	0.0184	0.0184	0.0183	0.0183	0.0184	0.0184	0.0184	0.0184	0.0183	0.0184	0.0184	0.0184	0.0184	0.0184	0.0169	0.0182	0.0184
  N	0.0163	0.0163	0.0162	0.0163	0.0163	0.0163	0.0166	0.0163	0.0193	0.0163	0.0163	0.0158	0.0163	0	0.0163	0.0163	0.0163	0.0318	0.0163	0.0163	0.0163	0.0163	0.0163	0.0163	0.0162	0.0163	0.0163	0.0162	0.0162	0.0163	0.0163	0.0163	0.0163	0.0163	0.0162	0.0162	0.0161	0.0163	0.0163	0.0163	0.0163	0.0163	0.0163	0.0163	0.0163	0.0163	0.0162	0.0163	0.0163	0.0163	0.0162	0.0163	0.0163	0.0163	0.0163	0.0163	0.0162	0.0163	0.0163	0.0163	0.0163	0.0163	0.0227	0.0161	0.0163
  O	0.0184	0.0184	0.0184	0.0184	0.0226	0.0184	0.0184	0.0184	0.0177	0.0184	0.0184	0.0237	0.0184	0.0184	0	0.0184	0.0184	0.0182	0.0184	0.0184	0.0183	0.0184	0.0184	0.0184	0.0184	0.0184	0.0184	0.0183	0.0184	0.0184	0.0184	0.0184	0.0184	0.0184	0.0184	0.0184	0.0183	0.0184	0.0184	0.0184	0.0184	0.0184	0.0184	0.0184	0.0184	0.0184	0.028	0.0184	0.0184	0.0184	0.0183	0.0184	0.0184	0.0184	0.0184	0.0184	0.0183	0.0184	0.0184	0.0184	0.0184	0.0184	0.0169	0.0183	0.0184
  P	0.0158	0.0158	0.0227	0.0158	0.0158	0.0215	0.0162	0.0158	0.0225	0.0158	0.0158	0.0153	0.0158	0.0158	0.0158	0	0.0158	0.0353	0.0158	0.0158	0.0157	0.0158	0.0158	0.0158	0.0157	0.0158	0.0158	0.0176	0.0157	0.0158	0.0158	0.0158	0.0158	0.0158	0.0157	0.0157	0.0235	0.0158	0.0158	0.0158	0.0158	0.0158	0.0158	0.0158	0.0158	0.0188	0.0157	0.0158	0.0158	0.0158	0.0157	0.019	0.0158	0.0158	0.0219	0.0158	0.0157	0.0158	0.0158	0.0158	0.0473	0.0158	0.0282	0.0156	0.0158
  Q	0.0186	0.0186	0.0185	0.0186	0.0186	0.0224	0.0185	0.0186	0.0179	0.0186	0.0185	0.0213	0.0186	0.0186	0.0186	0.0186	0	0.0183	0.0186	0.0186	0.0185	0.0186	0.0186	0.0186	0.0185	0.0186	0.0186	0.0185	0.0185	0.0186	0.0186	0.0186	0.0186	0.0186	0.0185	0.019	0.0271	0.0186	0.0186	0.0186	0.0186	0.0186	0.0186	0.0186	0.0186	0.0186	0.0352	0.0186	0.0186	0.0186	0.0184	0.0185	0.0186	0.0186	0.0186	0.0186	0.0184	0.0186	0.0186	0.0186	0.0186	0.0186	0.017	0.0224	0.0186
  R	0.0115	0.0115	0.0116	0.0404	0.0115	0.0613	0.0142	0.0115	0.0241	0.0115	0.0119	0.0117	0.0115	0.0227	0.0115	0.0261	0.0115	0	0.0115	0.0116	0.0173	0.0255	0.0115	0.0115	0.0115	0.0115	0.0115	0.063	0.0116	0.0129	0.0115	0.0115	0.0115	0.0115	0.0115	0.0115	0.0809	0.0115	0.0115	0.0115	0.0115	0.0115	0.0115	0.0115	0.0115	0.0115	0.0135	0.0115	0.0115	0.0115	0.0116	0.1044	0.0115	0.0115	0.0115	0.0115	0.0172	0.0115	0.0115	0.0115	0.0273	0.0115	0.019	0.0115	0.0115
  S	0.0168	0.0168	0.0167	0.0168	0.0168	0.0168	0.0168	0.0168	0.0162	0.0168	0.0168	0.0163	0.0168	0.0168	0.0168	0.0168	0.0168	0.0166	0	0.0168	0.0167	0.0168	0.0168	0.0168	0.0167	0.0168	0.0168	0.0167	0.0167	0.0168	0.0168	0.0168	0.0168	0.0168	0.0167	0.0167	0.0166	0.0168	0.0168	0.0168	0.0168	0.0168	0.0168	0.0168	0.0168	0.0168	0.0167	0.0168	0.0168	0.0168	0.0167	0.0167	0.0168	0.0168	0.0168	0.0168	0.0167	0.0168	0.0168	0.0168	0.0168	0.0168	0.0232	0.0166	0.0168
